/Users/ggcstaff/CarND-Term1-Starter-Kit/CarND-Behavioral-Cloning-P3/dataCW/IMG/center_2017_09_04_12_10_50_437.jpg,/Users/ggcstaff/CarND-Term1-Starter-Kit/CarND-Behavioral-Cloning-P3/dataCW/IMG/left_2017_09_04_12_10_50_437.jpg,/Users/ggcstaff/CarND-Term1-Starter-Kit/CarND-Behavioral-Cloning-P3/dataCW/IMG/right_2017_09_04_12_10_50_437.jpg,0,0,0,8.11183E-06
/Users/ggcstaff/CarND-Term1-Starter-Kit/CarND-Behavioral-Cloning-P3/dataCW/IMG/center_2017_09_04_12_10_50_509.jpg,/Users/ggcstaff/CarND-Term1-Starter-Kit/CarND-Behavioral-Cloning-P3/dataCW/IMG/left_2017_09_04_12_10_50_509.jpg,/Users/ggcstaff/CarND-Term1-Starter-Kit/CarND-Behavioral-Cloning-P3/dataCW/IMG/right_2017_09_04_12_10_50_509.jpg,0,0,0,6.016827E-06
/Users/ggcstaff/CarND-Term1-Starter-Kit/CarND-Behavioral-Cloning-P3/dataCW/IMG/center_2017_09_04_12_10_50_578.jpg,/Users/ggcstaff/CarND-Term1-Starter-Kit/CarND-Behavioral-Cloning-P3/dataCW/IMG/left_2017_09_04_12_10_50_578.jpg,/Users/ggcstaff/CarND-Term1-Starter-Kit/CarND-Behavioral-Cloning-P3/dataCW/IMG/right_2017_09_04_12_10_50_578.jpg,0,0,0,5.351013E-06
/Users/ggcstaff/CarND-Term1-Starter-Kit/CarND-Behavioral-Cloning-P3/dataCW/IMG/center_2017_09_04_12_10_50_647.jpg,/Users/ggcstaff/CarND-Term1-Starter-Kit/CarND-Behavioral-Cloning-P3/dataCW/IMG/left_2017_09_04_12_10_50_647.jpg,/Users/ggcstaff/CarND-Term1-Starter-Kit/CarND-Behavioral-Cloning-P3/dataCW/IMG/right_2017_09_04_12_10_50_647.jpg,0,0,0,8.451335E-07
/Users/ggcstaff/CarND-Term1-Starter-Kit/CarND-Behavioral-Cloning-P3/dataCW/IMG/center_2017_09_04_12_10_50_716.jpg,/Users/ggcstaff/CarND-Term1-Starter-Kit/CarND-Behavioral-Cloning-P3/dataCW/IMG/left_2017_09_04_12_10_50_716.jpg,/Users/ggcstaff/CarND-Term1-Starter-Kit/CarND-Behavioral-Cloning-P3/dataCW/IMG/right_2017_09_04_12_10_50_716.jpg,0,0,0,3.098851E-07
/Users/ggcstaff/CarND-Term1-Starter-Kit/CarND-Behavioral-Cloning-P3/dataCW/IMG/center_2017_09_04_12_10_50_786.jpg,/Users/ggcstaff/CarND-Term1-Starter-Kit/CarND-Behavioral-Cloning-P3/dataCW/IMG/left_2017_09_04_12_10_50_786.jpg,/Users/ggcstaff/CarND-Term1-Starter-Kit/CarND-Behavioral-Cloning-P3/dataCW/IMG/right_2017_09_04_12_10_50_786.jpg,0,0,0,2.385511E-07
/Users/ggcstaff/CarND-Term1-Starter-Kit/CarND-Behavioral-Cloning-P3/dataCW/IMG/center_2017_09_04_12_10_50_854.jpg,/Users/ggcstaff/CarND-Term1-Starter-Kit/CarND-Behavioral-Cloning-P3/dataCW/IMG/left_2017_09_04_12_10_50_854.jpg,/Users/ggcstaff/CarND-Term1-Starter-Kit/CarND-Behavioral-Cloning-P3/dataCW/IMG/right_2017_09_04_12_10_50_854.jpg,0,0,0,2.06161E-06
/Users/ggcstaff/CarND-Term1-Starter-Kit/CarND-Behavioral-Cloning-P3/dataCW/IMG/center_2017_09_04_12_10_50_927.jpg,/Users/ggcstaff/CarND-Term1-Starter-Kit/CarND-Behavioral-Cloning-P3/dataCW/IMG/left_2017_09_04_12_10_50_927.jpg,/Users/ggcstaff/CarND-Term1-Starter-Kit/CarND-Behavioral-Cloning-P3/dataCW/IMG/right_2017_09_04_12_10_50_927.jpg,0,0,0,5.59622E-07
/Users/ggcstaff/CarND-Term1-Starter-Kit/CarND-Behavioral-Cloning-P3/dataCW/IMG/center_2017_09_04_12_10_51_004.jpg,/Users/ggcstaff/CarND-Term1-Starter-Kit/CarND-Behavioral-Cloning-P3/dataCW/IMG/left_2017_09_04_12_10_51_004.jpg,/Users/ggcstaff/CarND-Term1-Starter-Kit/CarND-Behavioral-Cloning-P3/dataCW/IMG/right_2017_09_04_12_10_51_004.jpg,0,0,0,1.083014E-05
/Users/ggcstaff/CarND-Term1-Starter-Kit/CarND-Behavioral-Cloning-P3/dataCW/IMG/center_2017_09_04_12_10_51_072.jpg,/Users/ggcstaff/CarND-Term1-Starter-Kit/CarND-Behavioral-Cloning-P3/dataCW/IMG/left_2017_09_04_12_10_51_072.jpg,/Users/ggcstaff/CarND-Term1-Starter-Kit/CarND-Behavioral-Cloning-P3/dataCW/IMG/right_2017_09_04_12_10_51_072.jpg,0,0,0,5.623268E-06
/Users/ggcstaff/CarND-Term1-Starter-Kit/CarND-Behavioral-Cloning-P3/dataCW/IMG/center_2017_09_04_12_10_51_140.jpg,/Users/ggcstaff/CarND-Term1-Starter-Kit/CarND-Behavioral-Cloning-P3/dataCW/IMG/left_2017_09_04_12_10_51_140.jpg,/Users/ggcstaff/CarND-Term1-Starter-Kit/CarND-Behavioral-Cloning-P3/dataCW/IMG/right_2017_09_04_12_10_51_140.jpg,0,0,0,2.270378E-07
/Users/ggcstaff/CarND-Term1-Starter-Kit/CarND-Behavioral-Cloning-P3/dataCW/IMG/center_2017_09_04_12_10_51_221.jpg,/Users/ggcstaff/CarND-Term1-Starter-Kit/CarND-Behavioral-Cloning-P3/dataCW/IMG/left_2017_09_04_12_10_51_221.jpg,/Users/ggcstaff/CarND-Term1-Starter-Kit/CarND-Behavioral-Cloning-P3/dataCW/IMG/right_2017_09_04_12_10_51_221.jpg,0,0,0,1.263298E-05
/Users/ggcstaff/CarND-Term1-Starter-Kit/CarND-Behavioral-Cloning-P3/dataCW/IMG/center_2017_09_04_12_10_51_290.jpg,/Users/ggcstaff/CarND-Term1-Starter-Kit/CarND-Behavioral-Cloning-P3/dataCW/IMG/left_2017_09_04_12_10_51_290.jpg,/Users/ggcstaff/CarND-Term1-Starter-Kit/CarND-Behavioral-Cloning-P3/dataCW/IMG/right_2017_09_04_12_10_51_290.jpg,0,0,0,1.189707E-05
/Users/ggcstaff/CarND-Term1-Starter-Kit/CarND-Behavioral-Cloning-P3/dataCW/IMG/center_2017_09_04_12_10_51_359.jpg,/Users/ggcstaff/CarND-Term1-Starter-Kit/CarND-Behavioral-Cloning-P3/dataCW/IMG/left_2017_09_04_12_10_51_359.jpg,/Users/ggcstaff/CarND-Term1-Starter-Kit/CarND-Behavioral-Cloning-P3/dataCW/IMG/right_2017_09_04_12_10_51_359.jpg,0,0,0,9.847883E-06
/Users/ggcstaff/CarND-Term1-Starter-Kit/CarND-Behavioral-Cloning-P3/dataCW/IMG/center_2017_09_04_12_10_51_440.jpg,/Users/ggcstaff/CarND-Term1-Starter-Kit/CarND-Behavioral-Cloning-P3/dataCW/IMG/left_2017_09_04_12_10_51_440.jpg,/Users/ggcstaff/CarND-Term1-Starter-Kit/CarND-Behavioral-Cloning-P3/dataCW/IMG/right_2017_09_04_12_10_51_440.jpg,0,0,0,2.207244E-05
/Users/ggcstaff/CarND-Term1-Starter-Kit/CarND-Behavioral-Cloning-P3/dataCW/IMG/center_2017_09_04_12_10_51_512.jpg,/Users/ggcstaff/CarND-Term1-Starter-Kit/CarND-Behavioral-Cloning-P3/dataCW/IMG/left_2017_09_04_12_10_51_512.jpg,/Users/ggcstaff/CarND-Term1-Starter-Kit/CarND-Behavioral-Cloning-P3/dataCW/IMG/right_2017_09_04_12_10_51_512.jpg,0,0,0,3.318559E-06
/Users/ggcstaff/CarND-Term1-Starter-Kit/CarND-Behavioral-Cloning-P3/dataCW/IMG/center_2017_09_04_12_10_51_579.jpg,/Users/ggcstaff/CarND-Term1-Starter-Kit/CarND-Behavioral-Cloning-P3/dataCW/IMG/left_2017_09_04_12_10_51_579.jpg,/Users/ggcstaff/CarND-Term1-Starter-Kit/CarND-Behavioral-Cloning-P3/dataCW/IMG/right_2017_09_04_12_10_51_579.jpg,0,0,0,1.325044E-06
/Users/ggcstaff/CarND-Term1-Starter-Kit/CarND-Behavioral-Cloning-P3/dataCW/IMG/center_2017_09_04_12_10_51_649.jpg,/Users/ggcstaff/CarND-Term1-Starter-Kit/CarND-Behavioral-Cloning-P3/dataCW/IMG/left_2017_09_04_12_10_51_649.jpg,/Users/ggcstaff/CarND-Term1-Starter-Kit/CarND-Behavioral-Cloning-P3/dataCW/IMG/right_2017_09_04_12_10_51_649.jpg,0,0,0,3.68167E-06
/Users/ggcstaff/CarND-Term1-Starter-Kit/CarND-Behavioral-Cloning-P3/dataCW/IMG/center_2017_09_04_12_10_51_719.jpg,/Users/ggcstaff/CarND-Term1-Starter-Kit/CarND-Behavioral-Cloning-P3/dataCW/IMG/left_2017_09_04_12_10_51_719.jpg,/Users/ggcstaff/CarND-Term1-Starter-Kit/CarND-Behavioral-Cloning-P3/dataCW/IMG/right_2017_09_04_12_10_51_719.jpg,0,0,0,1.044647E-05
/Users/ggcstaff/CarND-Term1-Starter-Kit/CarND-Behavioral-Cloning-P3/dataCW/IMG/center_2017_09_04_12_10_51_804.jpg,/Users/ggcstaff/CarND-Term1-Starter-Kit/CarND-Behavioral-Cloning-P3/dataCW/IMG/left_2017_09_04_12_10_51_804.jpg,/Users/ggcstaff/CarND-Term1-Starter-Kit/CarND-Behavioral-Cloning-P3/dataCW/IMG/right_2017_09_04_12_10_51_804.jpg,0,0,0,5.775147E-06
/Users/ggcstaff/CarND-Term1-Starter-Kit/CarND-Behavioral-Cloning-P3/dataCW/IMG/center_2017_09_04_12_10_51_872.jpg,/Users/ggcstaff/CarND-Term1-Starter-Kit/CarND-Behavioral-Cloning-P3/dataCW/IMG/left_2017_09_04_12_10_51_872.jpg,/Users/ggcstaff/CarND-Term1-Starter-Kit/CarND-Behavioral-Cloning-P3/dataCW/IMG/right_2017_09_04_12_10_51_872.jpg,0,0,0,2.985765E-06
/Users/ggcstaff/CarND-Term1-Starter-Kit/CarND-Behavioral-Cloning-P3/dataCW/IMG/center_2017_09_04_12_10_51_943.jpg,/Users/ggcstaff/CarND-Term1-Starter-Kit/CarND-Behavioral-Cloning-P3/dataCW/IMG/left_2017_09_04_12_10_51_943.jpg,/Users/ggcstaff/CarND-Term1-Starter-Kit/CarND-Behavioral-Cloning-P3/dataCW/IMG/right_2017_09_04_12_10_51_943.jpg,0,0,0,5.208498E-06
/Users/ggcstaff/CarND-Term1-Starter-Kit/CarND-Behavioral-Cloning-P3/dataCW/IMG/center_2017_09_04_12_10_52_014.jpg,/Users/ggcstaff/CarND-Term1-Starter-Kit/CarND-Behavioral-Cloning-P3/dataCW/IMG/left_2017_09_04_12_10_52_014.jpg,/Users/ggcstaff/CarND-Term1-Starter-Kit/CarND-Behavioral-Cloning-P3/dataCW/IMG/right_2017_09_04_12_10_52_014.jpg,0,0,0,4.550619E-06
/Users/ggcstaff/CarND-Term1-Starter-Kit/CarND-Behavioral-Cloning-P3/dataCW/IMG/center_2017_09_04_12_10_52_083.jpg,/Users/ggcstaff/CarND-Term1-Starter-Kit/CarND-Behavioral-Cloning-P3/dataCW/IMG/left_2017_09_04_12_10_52_083.jpg,/Users/ggcstaff/CarND-Term1-Starter-Kit/CarND-Behavioral-Cloning-P3/dataCW/IMG/right_2017_09_04_12_10_52_083.jpg,0,0,0,3.835617E-07
/Users/ggcstaff/CarND-Term1-Starter-Kit/CarND-Behavioral-Cloning-P3/dataCW/IMG/center_2017_09_04_12_10_52_154.jpg,/Users/ggcstaff/CarND-Term1-Starter-Kit/CarND-Behavioral-Cloning-P3/dataCW/IMG/left_2017_09_04_12_10_52_154.jpg,/Users/ggcstaff/CarND-Term1-Starter-Kit/CarND-Behavioral-Cloning-P3/dataCW/IMG/right_2017_09_04_12_10_52_154.jpg,0,0,0,3.219636E-06
/Users/ggcstaff/CarND-Term1-Starter-Kit/CarND-Behavioral-Cloning-P3/dataCW/IMG/center_2017_09_04_12_10_52_232.jpg,/Users/ggcstaff/CarND-Term1-Starter-Kit/CarND-Behavioral-Cloning-P3/dataCW/IMG/left_2017_09_04_12_10_52_232.jpg,/Users/ggcstaff/CarND-Term1-Starter-Kit/CarND-Behavioral-Cloning-P3/dataCW/IMG/right_2017_09_04_12_10_52_232.jpg,0,0,0,5.003651E-06
/Users/ggcstaff/CarND-Term1-Starter-Kit/CarND-Behavioral-Cloning-P3/dataCW/IMG/center_2017_09_04_12_10_52_305.jpg,/Users/ggcstaff/CarND-Term1-Starter-Kit/CarND-Behavioral-Cloning-P3/dataCW/IMG/left_2017_09_04_12_10_52_305.jpg,/Users/ggcstaff/CarND-Term1-Starter-Kit/CarND-Behavioral-Cloning-P3/dataCW/IMG/right_2017_09_04_12_10_52_305.jpg,0,0,0,7.329209E-06
/Users/ggcstaff/CarND-Term1-Starter-Kit/CarND-Behavioral-Cloning-P3/dataCW/IMG/center_2017_09_04_12_10_52_373.jpg,/Users/ggcstaff/CarND-Term1-Starter-Kit/CarND-Behavioral-Cloning-P3/dataCW/IMG/left_2017_09_04_12_10_52_373.jpg,/Users/ggcstaff/CarND-Term1-Starter-Kit/CarND-Behavioral-Cloning-P3/dataCW/IMG/right_2017_09_04_12_10_52_373.jpg,0,0,0,4.57298E-07
/Users/ggcstaff/CarND-Term1-Starter-Kit/CarND-Behavioral-Cloning-P3/dataCW/IMG/center_2017_09_04_12_10_52_443.jpg,/Users/ggcstaff/CarND-Term1-Starter-Kit/CarND-Behavioral-Cloning-P3/dataCW/IMG/left_2017_09_04_12_10_52_443.jpg,/Users/ggcstaff/CarND-Term1-Starter-Kit/CarND-Behavioral-Cloning-P3/dataCW/IMG/right_2017_09_04_12_10_52_443.jpg,0,0,0,7.509739E-06
/Users/ggcstaff/CarND-Term1-Starter-Kit/CarND-Behavioral-Cloning-P3/dataCW/IMG/center_2017_09_04_12_10_52_510.jpg,/Users/ggcstaff/CarND-Term1-Starter-Kit/CarND-Behavioral-Cloning-P3/dataCW/IMG/left_2017_09_04_12_10_52_510.jpg,/Users/ggcstaff/CarND-Term1-Starter-Kit/CarND-Behavioral-Cloning-P3/dataCW/IMG/right_2017_09_04_12_10_52_510.jpg,0,0,0,2.90287E-07
/Users/ggcstaff/CarND-Term1-Starter-Kit/CarND-Behavioral-Cloning-P3/dataCW/IMG/center_2017_09_04_12_10_52_580.jpg,/Users/ggcstaff/CarND-Term1-Starter-Kit/CarND-Behavioral-Cloning-P3/dataCW/IMG/left_2017_09_04_12_10_52_580.jpg,/Users/ggcstaff/CarND-Term1-Starter-Kit/CarND-Behavioral-Cloning-P3/dataCW/IMG/right_2017_09_04_12_10_52_580.jpg,0,0,0,3.995902E-07
/Users/ggcstaff/CarND-Term1-Starter-Kit/CarND-Behavioral-Cloning-P3/dataCW/IMG/center_2017_09_04_12_10_52_652.jpg,/Users/ggcstaff/CarND-Term1-Starter-Kit/CarND-Behavioral-Cloning-P3/dataCW/IMG/left_2017_09_04_12_10_52_652.jpg,/Users/ggcstaff/CarND-Term1-Starter-Kit/CarND-Behavioral-Cloning-P3/dataCW/IMG/right_2017_09_04_12_10_52_652.jpg,0,0,0,1.499353E-06
/Users/ggcstaff/CarND-Term1-Starter-Kit/CarND-Behavioral-Cloning-P3/dataCW/IMG/center_2017_09_04_12_10_52_720.jpg,/Users/ggcstaff/CarND-Term1-Starter-Kit/CarND-Behavioral-Cloning-P3/dataCW/IMG/left_2017_09_04_12_10_52_720.jpg,/Users/ggcstaff/CarND-Term1-Starter-Kit/CarND-Behavioral-Cloning-P3/dataCW/IMG/right_2017_09_04_12_10_52_720.jpg,0,0.2026979,0,0.1030451
/Users/ggcstaff/CarND-Term1-Starter-Kit/CarND-Behavioral-Cloning-P3/dataCW/IMG/center_2017_09_04_12_10_52_787.jpg,/Users/ggcstaff/CarND-Term1-Starter-Kit/CarND-Behavioral-Cloning-P3/dataCW/IMG/left_2017_09_04_12_10_52_787.jpg,/Users/ggcstaff/CarND-Term1-Starter-Kit/CarND-Behavioral-Cloning-P3/dataCW/IMG/right_2017_09_04_12_10_52_787.jpg,0,0.3508619,0,0.2750157
/Users/ggcstaff/CarND-Term1-Starter-Kit/CarND-Behavioral-Cloning-P3/dataCW/IMG/center_2017_09_04_12_10_52_856.jpg,/Users/ggcstaff/CarND-Term1-Starter-Kit/CarND-Behavioral-Cloning-P3/dataCW/IMG/left_2017_09_04_12_10_52_856.jpg,/Users/ggcstaff/CarND-Term1-Starter-Kit/CarND-Behavioral-Cloning-P3/dataCW/IMG/right_2017_09_04_12_10_52_856.jpg,0,0.5913089,0,0.7245035
/Users/ggcstaff/CarND-Term1-Starter-Kit/CarND-Behavioral-Cloning-P3/dataCW/IMG/center_2017_09_04_12_10_52_930.jpg,/Users/ggcstaff/CarND-Term1-Starter-Kit/CarND-Behavioral-Cloning-P3/dataCW/IMG/left_2017_09_04_12_10_52_930.jpg,/Users/ggcstaff/CarND-Term1-Starter-Kit/CarND-Behavioral-Cloning-P3/dataCW/IMG/right_2017_09_04_12_10_52_930.jpg,0,0.832305,0,1.469549
/Users/ggcstaff/CarND-Term1-Starter-Kit/CarND-Behavioral-Cloning-P3/dataCW/IMG/center_2017_09_04_12_10_52_997.jpg,/Users/ggcstaff/CarND-Term1-Starter-Kit/CarND-Behavioral-Cloning-P3/dataCW/IMG/left_2017_09_04_12_10_52_997.jpg,/Users/ggcstaff/CarND-Term1-Starter-Kit/CarND-Behavioral-Cloning-P3/dataCW/IMG/right_2017_09_04_12_10_52_997.jpg,0,1,0,2.163724
/Users/ggcstaff/CarND-Term1-Starter-Kit/CarND-Behavioral-Cloning-P3/dataCW/IMG/center_2017_09_04_12_10_53_065.jpg,/Users/ggcstaff/CarND-Term1-Starter-Kit/CarND-Behavioral-Cloning-P3/dataCW/IMG/left_2017_09_04_12_10_53_065.jpg,/Users/ggcstaff/CarND-Term1-Starter-Kit/CarND-Behavioral-Cloning-P3/dataCW/IMG/right_2017_09_04_12_10_53_065.jpg,0,1,0,2.86044
/Users/ggcstaff/CarND-Term1-Starter-Kit/CarND-Behavioral-Cloning-P3/dataCW/IMG/center_2017_09_04_12_10_53_135.jpg,/Users/ggcstaff/CarND-Term1-Starter-Kit/CarND-Behavioral-Cloning-P3/dataCW/IMG/left_2017_09_04_12_10_53_135.jpg,/Users/ggcstaff/CarND-Term1-Starter-Kit/CarND-Behavioral-Cloning-P3/dataCW/IMG/right_2017_09_04_12_10_53_135.jpg,0,1,0,3.806803
/Users/ggcstaff/CarND-Term1-Starter-Kit/CarND-Behavioral-Cloning-P3/dataCW/IMG/center_2017_09_04_12_10_53_207.jpg,/Users/ggcstaff/CarND-Term1-Starter-Kit/CarND-Behavioral-Cloning-P3/dataCW/IMG/left_2017_09_04_12_10_53_207.jpg,/Users/ggcstaff/CarND-Term1-Starter-Kit/CarND-Behavioral-Cloning-P3/dataCW/IMG/right_2017_09_04_12_10_53_207.jpg,0,1,0,4.509891
/Users/ggcstaff/CarND-Term1-Starter-Kit/CarND-Behavioral-Cloning-P3/dataCW/IMG/center_2017_09_04_12_10_53_287.jpg,/Users/ggcstaff/CarND-Term1-Starter-Kit/CarND-Behavioral-Cloning-P3/dataCW/IMG/left_2017_09_04_12_10_53_287.jpg,/Users/ggcstaff/CarND-Term1-Starter-Kit/CarND-Behavioral-Cloning-P3/dataCW/IMG/right_2017_09_04_12_10_53_287.jpg,0,1,0,5.439348
/Users/ggcstaff/CarND-Term1-Starter-Kit/CarND-Behavioral-Cloning-P3/dataCW/IMG/center_2017_09_04_12_10_53_357.jpg,/Users/ggcstaff/CarND-Term1-Starter-Kit/CarND-Behavioral-Cloning-P3/dataCW/IMG/left_2017_09_04_12_10_53_357.jpg,/Users/ggcstaff/CarND-Term1-Starter-Kit/CarND-Behavioral-Cloning-P3/dataCW/IMG/right_2017_09_04_12_10_53_357.jpg,0,1,0,6.361691
/Users/ggcstaff/CarND-Term1-Starter-Kit/CarND-Behavioral-Cloning-P3/dataCW/IMG/center_2017_09_04_12_10_53_437.jpg,/Users/ggcstaff/CarND-Term1-Starter-Kit/CarND-Behavioral-Cloning-P3/dataCW/IMG/left_2017_09_04_12_10_53_437.jpg,/Users/ggcstaff/CarND-Term1-Starter-Kit/CarND-Behavioral-Cloning-P3/dataCW/IMG/right_2017_09_04_12_10_53_437.jpg,0,1,0,7.276864
/Users/ggcstaff/CarND-Term1-Starter-Kit/CarND-Behavioral-Cloning-P3/dataCW/IMG/center_2017_09_04_12_10_53_504.jpg,/Users/ggcstaff/CarND-Term1-Starter-Kit/CarND-Behavioral-Cloning-P3/dataCW/IMG/left_2017_09_04_12_10_53_504.jpg,/Users/ggcstaff/CarND-Term1-Starter-Kit/CarND-Behavioral-Cloning-P3/dataCW/IMG/right_2017_09_04_12_10_53_504.jpg,0,1,0,7.95856
/Users/ggcstaff/CarND-Term1-Starter-Kit/CarND-Behavioral-Cloning-P3/dataCW/IMG/center_2017_09_04_12_10_53_572.jpg,/Users/ggcstaff/CarND-Term1-Starter-Kit/CarND-Behavioral-Cloning-P3/dataCW/IMG/left_2017_09_04_12_10_53_572.jpg,/Users/ggcstaff/CarND-Term1-Starter-Kit/CarND-Behavioral-Cloning-P3/dataCW/IMG/right_2017_09_04_12_10_53_572.jpg,0,1,0,8.861183
/Users/ggcstaff/CarND-Term1-Starter-Kit/CarND-Behavioral-Cloning-P3/dataCW/IMG/center_2017_09_04_12_10_53_643.jpg,/Users/ggcstaff/CarND-Term1-Starter-Kit/CarND-Behavioral-Cloning-P3/dataCW/IMG/left_2017_09_04_12_10_53_643.jpg,/Users/ggcstaff/CarND-Term1-Starter-Kit/CarND-Behavioral-Cloning-P3/dataCW/IMG/right_2017_09_04_12_10_53_643.jpg,0,1,0,9.533606
/Users/ggcstaff/CarND-Term1-Starter-Kit/CarND-Behavioral-Cloning-P3/dataCW/IMG/center_2017_09_04_12_10_53_712.jpg,/Users/ggcstaff/CarND-Term1-Starter-Kit/CarND-Behavioral-Cloning-P3/dataCW/IMG/left_2017_09_04_12_10_53_712.jpg,/Users/ggcstaff/CarND-Term1-Starter-Kit/CarND-Behavioral-Cloning-P3/dataCW/IMG/right_2017_09_04_12_10_53_712.jpg,0,1,0,10.42402
/Users/ggcstaff/CarND-Term1-Starter-Kit/CarND-Behavioral-Cloning-P3/dataCW/IMG/center_2017_09_04_12_10_53_781.jpg,/Users/ggcstaff/CarND-Term1-Starter-Kit/CarND-Behavioral-Cloning-P3/dataCW/IMG/left_2017_09_04_12_10_53_781.jpg,/Users/ggcstaff/CarND-Term1-Starter-Kit/CarND-Behavioral-Cloning-P3/dataCW/IMG/right_2017_09_04_12_10_53_781.jpg,0,1,0,11.08722
/Users/ggcstaff/CarND-Term1-Starter-Kit/CarND-Behavioral-Cloning-P3/dataCW/IMG/center_2017_09_04_12_10_53_849.jpg,/Users/ggcstaff/CarND-Term1-Starter-Kit/CarND-Behavioral-Cloning-P3/dataCW/IMG/left_2017_09_04_12_10_53_849.jpg,/Users/ggcstaff/CarND-Term1-Starter-Kit/CarND-Behavioral-Cloning-P3/dataCW/IMG/right_2017_09_04_12_10_53_849.jpg,0,0.819304,0,11.51857
/Users/ggcstaff/CarND-Term1-Starter-Kit/CarND-Behavioral-Cloning-P3/dataCW/IMG/center_2017_09_04_12_10_53_925.jpg,/Users/ggcstaff/CarND-Term1-Starter-Kit/CarND-Behavioral-Cloning-P3/dataCW/IMG/left_2017_09_04_12_10_53_925.jpg,/Users/ggcstaff/CarND-Term1-Starter-Kit/CarND-Behavioral-Cloning-P3/dataCW/IMG/right_2017_09_04_12_10_53_925.jpg,0,0.588493,0,12.35632
/Users/ggcstaff/CarND-Term1-Starter-Kit/CarND-Behavioral-Cloning-P3/dataCW/IMG/center_2017_09_04_12_10_53_992.jpg,/Users/ggcstaff/CarND-Term1-Starter-Kit/CarND-Behavioral-Cloning-P3/dataCW/IMG/left_2017_09_04_12_10_53_992.jpg,/Users/ggcstaff/CarND-Term1-Starter-Kit/CarND-Behavioral-Cloning-P3/dataCW/IMG/right_2017_09_04_12_10_53_992.jpg,0,0.3861071,0,12.23166
/Users/ggcstaff/CarND-Term1-Starter-Kit/CarND-Behavioral-Cloning-P3/dataCW/IMG/center_2017_09_04_12_10_54_064.jpg,/Users/ggcstaff/CarND-Term1-Starter-Kit/CarND-Behavioral-Cloning-P3/dataCW/IMG/left_2017_09_04_12_10_54_064.jpg,/Users/ggcstaff/CarND-Term1-Starter-Kit/CarND-Behavioral-Cloning-P3/dataCW/IMG/right_2017_09_04_12_10_54_064.jpg,0,0.207835,0,12.80964
/Users/ggcstaff/CarND-Term1-Starter-Kit/CarND-Behavioral-Cloning-P3/dataCW/IMG/center_2017_09_04_12_10_54_135.jpg,/Users/ggcstaff/CarND-Term1-Starter-Kit/CarND-Behavioral-Cloning-P3/dataCW/IMG/left_2017_09_04_12_10_54_135.jpg,/Users/ggcstaff/CarND-Term1-Starter-Kit/CarND-Behavioral-Cloning-P3/dataCW/IMG/right_2017_09_04_12_10_54_135.jpg,0,0,0,12.64472
/Users/ggcstaff/CarND-Term1-Starter-Kit/CarND-Behavioral-Cloning-P3/dataCW/IMG/center_2017_09_04_12_10_54_206.jpg,/Users/ggcstaff/CarND-Term1-Starter-Kit/CarND-Behavioral-Cloning-P3/dataCW/IMG/left_2017_09_04_12_10_54_206.jpg,/Users/ggcstaff/CarND-Term1-Starter-Kit/CarND-Behavioral-Cloning-P3/dataCW/IMG/right_2017_09_04_12_10_54_206.jpg,0,0,0,12.61898
/Users/ggcstaff/CarND-Term1-Starter-Kit/CarND-Behavioral-Cloning-P3/dataCW/IMG/center_2017_09_04_12_10_54_275.jpg,/Users/ggcstaff/CarND-Term1-Starter-Kit/CarND-Behavioral-Cloning-P3/dataCW/IMG/left_2017_09_04_12_10_54_275.jpg,/Users/ggcstaff/CarND-Term1-Starter-Kit/CarND-Behavioral-Cloning-P3/dataCW/IMG/right_2017_09_04_12_10_54_275.jpg,0,0,0,12.50886
/Users/ggcstaff/CarND-Term1-Starter-Kit/CarND-Behavioral-Cloning-P3/dataCW/IMG/center_2017_09_04_12_10_54_344.jpg,/Users/ggcstaff/CarND-Term1-Starter-Kit/CarND-Behavioral-Cloning-P3/dataCW/IMG/left_2017_09_04_12_10_54_344.jpg,/Users/ggcstaff/CarND-Term1-Starter-Kit/CarND-Behavioral-Cloning-P3/dataCW/IMG/right_2017_09_04_12_10_54_344.jpg,0,0,0,12.38174
/Users/ggcstaff/CarND-Term1-Starter-Kit/CarND-Behavioral-Cloning-P3/dataCW/IMG/center_2017_09_04_12_10_54_414.jpg,/Users/ggcstaff/CarND-Term1-Starter-Kit/CarND-Behavioral-Cloning-P3/dataCW/IMG/left_2017_09_04_12_10_54_414.jpg,/Users/ggcstaff/CarND-Term1-Starter-Kit/CarND-Behavioral-Cloning-P3/dataCW/IMG/right_2017_09_04_12_10_54_414.jpg,0,0,0,12.28091
/Users/ggcstaff/CarND-Term1-Starter-Kit/CarND-Behavioral-Cloning-P3/dataCW/IMG/center_2017_09_04_12_10_54_484.jpg,/Users/ggcstaff/CarND-Term1-Starter-Kit/CarND-Behavioral-Cloning-P3/dataCW/IMG/left_2017_09_04_12_10_54_484.jpg,/Users/ggcstaff/CarND-Term1-Starter-Kit/CarND-Behavioral-Cloning-P3/dataCW/IMG/right_2017_09_04_12_10_54_484.jpg,0,0,0,12.25464
/Users/ggcstaff/CarND-Term1-Starter-Kit/CarND-Behavioral-Cloning-P3/dataCW/IMG/center_2017_09_04_12_10_54_557.jpg,/Users/ggcstaff/CarND-Term1-Starter-Kit/CarND-Behavioral-Cloning-P3/dataCW/IMG/left_2017_09_04_12_10_54_557.jpg,/Users/ggcstaff/CarND-Term1-Starter-Kit/CarND-Behavioral-Cloning-P3/dataCW/IMG/right_2017_09_04_12_10_54_557.jpg,0,0,0,12.15532
/Users/ggcstaff/CarND-Term1-Starter-Kit/CarND-Behavioral-Cloning-P3/dataCW/IMG/center_2017_09_04_12_10_54_633.jpg,/Users/ggcstaff/CarND-Term1-Starter-Kit/CarND-Behavioral-Cloning-P3/dataCW/IMG/left_2017_09_04_12_10_54_633.jpg,/Users/ggcstaff/CarND-Term1-Starter-Kit/CarND-Behavioral-Cloning-P3/dataCW/IMG/right_2017_09_04_12_10_54_633.jpg,0,0,0,12.05833
/Users/ggcstaff/CarND-Term1-Starter-Kit/CarND-Behavioral-Cloning-P3/dataCW/IMG/center_2017_09_04_12_10_54_703.jpg,/Users/ggcstaff/CarND-Term1-Starter-Kit/CarND-Behavioral-Cloning-P3/dataCW/IMG/left_2017_09_04_12_10_54_703.jpg,/Users/ggcstaff/CarND-Term1-Starter-Kit/CarND-Behavioral-Cloning-P3/dataCW/IMG/right_2017_09_04_12_10_54_703.jpg,0,0,0,11.93939
/Users/ggcstaff/CarND-Term1-Starter-Kit/CarND-Behavioral-Cloning-P3/dataCW/IMG/center_2017_09_04_12_10_54_772.jpg,/Users/ggcstaff/CarND-Term1-Starter-Kit/CarND-Behavioral-Cloning-P3/dataCW/IMG/left_2017_09_04_12_10_54_772.jpg,/Users/ggcstaff/CarND-Term1-Starter-Kit/CarND-Behavioral-Cloning-P3/dataCW/IMG/right_2017_09_04_12_10_54_772.jpg,0,0,0,11.84912
/Users/ggcstaff/CarND-Term1-Starter-Kit/CarND-Behavioral-Cloning-P3/dataCW/IMG/center_2017_09_04_12_10_54_839.jpg,/Users/ggcstaff/CarND-Term1-Starter-Kit/CarND-Behavioral-Cloning-P3/dataCW/IMG/left_2017_09_04_12_10_54_839.jpg,/Users/ggcstaff/CarND-Term1-Starter-Kit/CarND-Behavioral-Cloning-P3/dataCW/IMG/right_2017_09_04_12_10_54_839.jpg,0,0,0,11.84913
/Users/ggcstaff/CarND-Term1-Starter-Kit/CarND-Behavioral-Cloning-P3/dataCW/IMG/center_2017_09_04_12_10_54_907.jpg,/Users/ggcstaff/CarND-Term1-Starter-Kit/CarND-Behavioral-Cloning-P3/dataCW/IMG/left_2017_09_04_12_10_54_907.jpg,/Users/ggcstaff/CarND-Term1-Starter-Kit/CarND-Behavioral-Cloning-P3/dataCW/IMG/right_2017_09_04_12_10_54_907.jpg,0,0.03191113,0,11.71354
/Users/ggcstaff/CarND-Term1-Starter-Kit/CarND-Behavioral-Cloning-P3/dataCW/IMG/center_2017_09_04_12_10_54_979.jpg,/Users/ggcstaff/CarND-Term1-Starter-Kit/CarND-Behavioral-Cloning-P3/dataCW/IMG/left_2017_09_04_12_10_54_979.jpg,/Users/ggcstaff/CarND-Term1-Starter-Kit/CarND-Behavioral-Cloning-P3/dataCW/IMG/right_2017_09_04_12_10_54_979.jpg,0,0.2827231,0,11.74052
/Users/ggcstaff/CarND-Term1-Starter-Kit/CarND-Behavioral-Cloning-P3/dataCW/IMG/center_2017_09_04_12_10_55_060.jpg,/Users/ggcstaff/CarND-Term1-Starter-Kit/CarND-Behavioral-Cloning-P3/dataCW/IMG/left_2017_09_04_12_10_55_060.jpg,/Users/ggcstaff/CarND-Term1-Starter-Kit/CarND-Behavioral-Cloning-P3/dataCW/IMG/right_2017_09_04_12_10_55_060.jpg,0,0.545076,0,12.08663
/Users/ggcstaff/CarND-Term1-Starter-Kit/CarND-Behavioral-Cloning-P3/dataCW/IMG/center_2017_09_04_12_10_55_158.jpg,/Users/ggcstaff/CarND-Term1-Starter-Kit/CarND-Behavioral-Cloning-P3/dataCW/IMG/left_2017_09_04_12_10_55_158.jpg,/Users/ggcstaff/CarND-Term1-Starter-Kit/CarND-Behavioral-Cloning-P3/dataCW/IMG/right_2017_09_04_12_10_55_158.jpg,0,0.8366881,0,12.9388
/Users/ggcstaff/CarND-Term1-Starter-Kit/CarND-Behavioral-Cloning-P3/dataCW/IMG/center_2017_09_04_12_10_55_230.jpg,/Users/ggcstaff/CarND-Term1-Starter-Kit/CarND-Behavioral-Cloning-P3/dataCW/IMG/left_2017_09_04_12_10_55_230.jpg,/Users/ggcstaff/CarND-Term1-Starter-Kit/CarND-Behavioral-Cloning-P3/dataCW/IMG/right_2017_09_04_12_10_55_230.jpg,0,1,0,13.53159
/Users/ggcstaff/CarND-Term1-Starter-Kit/CarND-Behavioral-Cloning-P3/dataCW/IMG/center_2017_09_04_12_10_55_299.jpg,/Users/ggcstaff/CarND-Term1-Starter-Kit/CarND-Behavioral-Cloning-P3/dataCW/IMG/left_2017_09_04_12_10_55_299.jpg,/Users/ggcstaff/CarND-Term1-Starter-Kit/CarND-Behavioral-Cloning-P3/dataCW/IMG/right_2017_09_04_12_10_55_299.jpg,0,1,0,14.40879
/Users/ggcstaff/CarND-Term1-Starter-Kit/CarND-Behavioral-Cloning-P3/dataCW/IMG/center_2017_09_04_12_10_55_372.jpg,/Users/ggcstaff/CarND-Term1-Starter-Kit/CarND-Behavioral-Cloning-P3/dataCW/IMG/left_2017_09_04_12_10_55_372.jpg,/Users/ggcstaff/CarND-Term1-Starter-Kit/CarND-Behavioral-Cloning-P3/dataCW/IMG/right_2017_09_04_12_10_55_372.jpg,0,1,0,15.21755
/Users/ggcstaff/CarND-Term1-Starter-Kit/CarND-Behavioral-Cloning-P3/dataCW/IMG/center_2017_09_04_12_10_55_448.jpg,/Users/ggcstaff/CarND-Term1-Starter-Kit/CarND-Behavioral-Cloning-P3/dataCW/IMG/left_2017_09_04_12_10_55_448.jpg,/Users/ggcstaff/CarND-Term1-Starter-Kit/CarND-Behavioral-Cloning-P3/dataCW/IMG/right_2017_09_04_12_10_55_448.jpg,0,1,0,16.08341
/Users/ggcstaff/CarND-Term1-Starter-Kit/CarND-Behavioral-Cloning-P3/dataCW/IMG/center_2017_09_04_12_10_55_515.jpg,/Users/ggcstaff/CarND-Term1-Starter-Kit/CarND-Behavioral-Cloning-P3/dataCW/IMG/left_2017_09_04_12_10_55_515.jpg,/Users/ggcstaff/CarND-Term1-Starter-Kit/CarND-Behavioral-Cloning-P3/dataCW/IMG/right_2017_09_04_12_10_55_515.jpg,0,1,0,16.66332
/Users/ggcstaff/CarND-Term1-Starter-Kit/CarND-Behavioral-Cloning-P3/dataCW/IMG/center_2017_09_04_12_10_55_584.jpg,/Users/ggcstaff/CarND-Term1-Starter-Kit/CarND-Behavioral-Cloning-P3/dataCW/IMG/left_2017_09_04_12_10_55_584.jpg,/Users/ggcstaff/CarND-Term1-Starter-Kit/CarND-Behavioral-Cloning-P3/dataCW/IMG/right_2017_09_04_12_10_55_584.jpg,0,0.910651,0,17.32525
/Users/ggcstaff/CarND-Term1-Starter-Kit/CarND-Behavioral-Cloning-P3/dataCW/IMG/center_2017_09_04_12_10_55_655.jpg,/Users/ggcstaff/CarND-Term1-Starter-Kit/CarND-Behavioral-Cloning-P3/dataCW/IMG/left_2017_09_04_12_10_55_655.jpg,/Users/ggcstaff/CarND-Term1-Starter-Kit/CarND-Behavioral-Cloning-P3/dataCW/IMG/right_2017_09_04_12_10_55_655.jpg,0,0.6828039,0,17.94808
/Users/ggcstaff/CarND-Term1-Starter-Kit/CarND-Behavioral-Cloning-P3/dataCW/IMG/center_2017_09_04_12_10_55_732.jpg,/Users/ggcstaff/CarND-Term1-Starter-Kit/CarND-Behavioral-Cloning-P3/dataCW/IMG/left_2017_09_04_12_10_55_732.jpg,/Users/ggcstaff/CarND-Term1-Starter-Kit/CarND-Behavioral-Cloning-P3/dataCW/IMG/right_2017_09_04_12_10_55_732.jpg,0,0.4352798,0,18.32531
/Users/ggcstaff/CarND-Term1-Starter-Kit/CarND-Behavioral-Cloning-P3/dataCW/IMG/center_2017_09_04_12_10_55_802.jpg,/Users/ggcstaff/CarND-Term1-Starter-Kit/CarND-Behavioral-Cloning-P3/dataCW/IMG/left_2017_09_04_12_10_55_802.jpg,/Users/ggcstaff/CarND-Term1-Starter-Kit/CarND-Behavioral-Cloning-P3/dataCW/IMG/right_2017_09_04_12_10_55_802.jpg,0,0.2571279,0,18.44425
/Users/ggcstaff/CarND-Term1-Starter-Kit/CarND-Behavioral-Cloning-P3/dataCW/IMG/center_2017_09_04_12_10_55_873.jpg,/Users/ggcstaff/CarND-Term1-Starter-Kit/CarND-Behavioral-Cloning-P3/dataCW/IMG/left_2017_09_04_12_10_55_873.jpg,/Users/ggcstaff/CarND-Term1-Starter-Kit/CarND-Behavioral-Cloning-P3/dataCW/IMG/right_2017_09_04_12_10_55_873.jpg,0.009839328,0.01283193,0,18.41599
/Users/ggcstaff/CarND-Term1-Starter-Kit/CarND-Behavioral-Cloning-P3/dataCW/IMG/center_2017_09_04_12_10_55_942.jpg,/Users/ggcstaff/CarND-Term1-Starter-Kit/CarND-Behavioral-Cloning-P3/dataCW/IMG/left_2017_09_04_12_10_55_942.jpg,/Users/ggcstaff/CarND-Term1-Starter-Kit/CarND-Behavioral-Cloning-P3/dataCW/IMG/right_2017_09_04_12_10_55_942.jpg,0.09843013,0,0,18.31492
/Users/ggcstaff/CarND-Term1-Starter-Kit/CarND-Behavioral-Cloning-P3/dataCW/IMG/center_2017_09_04_12_10_56_015.jpg,/Users/ggcstaff/CarND-Term1-Starter-Kit/CarND-Behavioral-Cloning-P3/dataCW/IMG/left_2017_09_04_12_10_56_015.jpg,/Users/ggcstaff/CarND-Term1-Starter-Kit/CarND-Behavioral-Cloning-P3/dataCW/IMG/right_2017_09_04_12_10_56_015.jpg,0.1473688,0,0,18.15889
/Users/ggcstaff/CarND-Term1-Starter-Kit/CarND-Behavioral-Cloning-P3/dataCW/IMG/center_2017_09_04_12_10_56_085.jpg,/Users/ggcstaff/CarND-Term1-Starter-Kit/CarND-Behavioral-Cloning-P3/dataCW/IMG/left_2017_09_04_12_10_56_085.jpg,/Users/ggcstaff/CarND-Term1-Starter-Kit/CarND-Behavioral-Cloning-P3/dataCW/IMG/right_2017_09_04_12_10_56_085.jpg,0.1572081,0,0,18.01582
/Users/ggcstaff/CarND-Term1-Starter-Kit/CarND-Behavioral-Cloning-P3/dataCW/IMG/center_2017_09_04_12_10_56_156.jpg,/Users/ggcstaff/CarND-Term1-Starter-Kit/CarND-Behavioral-Cloning-P3/dataCW/IMG/left_2017_09_04_12_10_56_156.jpg,/Users/ggcstaff/CarND-Term1-Starter-Kit/CarND-Behavioral-Cloning-P3/dataCW/IMG/right_2017_09_04_12_10_56_156.jpg,0.1572081,0,0,17.87333
/Users/ggcstaff/CarND-Term1-Starter-Kit/CarND-Behavioral-Cloning-P3/dataCW/IMG/center_2017_09_04_12_10_56_231.jpg,/Users/ggcstaff/CarND-Term1-Starter-Kit/CarND-Behavioral-Cloning-P3/dataCW/IMG/left_2017_09_04_12_10_56_231.jpg,/Users/ggcstaff/CarND-Term1-Starter-Kit/CarND-Behavioral-Cloning-P3/dataCW/IMG/right_2017_09_04_12_10_56_231.jpg,0.1604879,0,0,17.73022
/Users/ggcstaff/CarND-Term1-Starter-Kit/CarND-Behavioral-Cloning-P3/dataCW/IMG/center_2017_09_04_12_10_56_301.jpg,/Users/ggcstaff/CarND-Term1-Starter-Kit/CarND-Behavioral-Cloning-P3/dataCW/IMG/left_2017_09_04_12_10_56_301.jpg,/Users/ggcstaff/CarND-Term1-Starter-Kit/CarND-Behavioral-Cloning-P3/dataCW/IMG/right_2017_09_04_12_10_56_301.jpg,0.1604879,0,0,17.60446
/Users/ggcstaff/CarND-Term1-Starter-Kit/CarND-Behavioral-Cloning-P3/dataCW/IMG/center_2017_09_04_12_10_56_371.jpg,/Users/ggcstaff/CarND-Term1-Starter-Kit/CarND-Behavioral-Cloning-P3/dataCW/IMG/left_2017_09_04_12_10_56_371.jpg,/Users/ggcstaff/CarND-Term1-Starter-Kit/CarND-Behavioral-Cloning-P3/dataCW/IMG/right_2017_09_04_12_10_56_371.jpg,0.1289431,0,0,17.46101
/Users/ggcstaff/CarND-Term1-Starter-Kit/CarND-Behavioral-Cloning-P3/dataCW/IMG/center_2017_09_04_12_10_56_443.jpg,/Users/ggcstaff/CarND-Term1-Starter-Kit/CarND-Behavioral-Cloning-P3/dataCW/IMG/left_2017_09_04_12_10_56_443.jpg,/Users/ggcstaff/CarND-Term1-Starter-Kit/CarND-Behavioral-Cloning-P3/dataCW/IMG/right_2017_09_04_12_10_56_443.jpg,0.0820681,0,0,17.3722
/Users/ggcstaff/CarND-Term1-Starter-Kit/CarND-Behavioral-Cloning-P3/dataCW/IMG/center_2017_09_04_12_10_56_518.jpg,/Users/ggcstaff/CarND-Term1-Starter-Kit/CarND-Behavioral-Cloning-P3/dataCW/IMG/left_2017_09_04_12_10_56_518.jpg,/Users/ggcstaff/CarND-Term1-Starter-Kit/CarND-Behavioral-Cloning-P3/dataCW/IMG/right_2017_09_04_12_10_56_518.jpg,0.07211822,0,0,17.22994
/Users/ggcstaff/CarND-Term1-Starter-Kit/CarND-Behavioral-Cloning-P3/dataCW/IMG/center_2017_09_04_12_10_56_599.jpg,/Users/ggcstaff/CarND-Term1-Starter-Kit/CarND-Behavioral-Cloning-P3/dataCW/IMG/left_2017_09_04_12_10_56_599.jpg,/Users/ggcstaff/CarND-Term1-Starter-Kit/CarND-Behavioral-Cloning-P3/dataCW/IMG/right_2017_09_04_12_10_56_599.jpg,0.07211822,0,0,17.08815
/Users/ggcstaff/CarND-Term1-Starter-Kit/CarND-Behavioral-Cloning-P3/dataCW/IMG/center_2017_09_04_12_10_56_669.jpg,/Users/ggcstaff/CarND-Term1-Starter-Kit/CarND-Behavioral-Cloning-P3/dataCW/IMG/left_2017_09_04_12_10_56_669.jpg,/Users/ggcstaff/CarND-Term1-Starter-Kit/CarND-Behavioral-Cloning-P3/dataCW/IMG/right_2017_09_04_12_10_56_669.jpg,0.07211822,0,0,16.94784
/Users/ggcstaff/CarND-Term1-Starter-Kit/CarND-Behavioral-Cloning-P3/dataCW/IMG/center_2017_09_04_12_10_56_737.jpg,/Users/ggcstaff/CarND-Term1-Starter-Kit/CarND-Behavioral-Cloning-P3/dataCW/IMG/left_2017_09_04_12_10_56_737.jpg,/Users/ggcstaff/CarND-Term1-Starter-Kit/CarND-Behavioral-Cloning-P3/dataCW/IMG/right_2017_09_04_12_10_56_737.jpg,0.06880159,0,0,16.83848
/Users/ggcstaff/CarND-Term1-Starter-Kit/CarND-Behavioral-Cloning-P3/dataCW/IMG/center_2017_09_04_12_10_56_805.jpg,/Users/ggcstaff/CarND-Term1-Starter-Kit/CarND-Behavioral-Cloning-P3/dataCW/IMG/left_2017_09_04_12_10_56_805.jpg,/Users/ggcstaff/CarND-Term1-Starter-Kit/CarND-Behavioral-Cloning-P3/dataCW/IMG/right_2017_09_04_12_10_56_805.jpg,0.06880159,0,0,16.74078
/Users/ggcstaff/CarND-Term1-Starter-Kit/CarND-Behavioral-Cloning-P3/dataCW/IMG/center_2017_09_04_12_10_56_876.jpg,/Users/ggcstaff/CarND-Term1-Starter-Kit/CarND-Behavioral-Cloning-P3/dataCW/IMG/left_2017_09_04_12_10_56_876.jpg,/Users/ggcstaff/CarND-Term1-Starter-Kit/CarND-Behavioral-Cloning-P3/dataCW/IMG/right_2017_09_04_12_10_56_876.jpg,0.06880159,0,0,16.60401
/Users/ggcstaff/CarND-Term1-Starter-Kit/CarND-Behavioral-Cloning-P3/dataCW/IMG/center_2017_09_04_12_10_56_945.jpg,/Users/ggcstaff/CarND-Term1-Starter-Kit/CarND-Behavioral-Cloning-P3/dataCW/IMG/left_2017_09_04_12_10_56_945.jpg,/Users/ggcstaff/CarND-Term1-Starter-Kit/CarND-Behavioral-Cloning-P3/dataCW/IMG/right_2017_09_04_12_10_56_945.jpg,0.06880159,0,0,16.49826
/Users/ggcstaff/CarND-Term1-Starter-Kit/CarND-Behavioral-Cloning-P3/dataCW/IMG/center_2017_09_04_12_10_57_020.jpg,/Users/ggcstaff/CarND-Term1-Starter-Kit/CarND-Behavioral-Cloning-P3/dataCW/IMG/left_2017_09_04_12_10_57_020.jpg,/Users/ggcstaff/CarND-Term1-Starter-Kit/CarND-Behavioral-Cloning-P3/dataCW/IMG/right_2017_09_04_12_10_57_020.jpg,0.06880159,0,0,16.36382
/Users/ggcstaff/CarND-Term1-Starter-Kit/CarND-Behavioral-Cloning-P3/dataCW/IMG/center_2017_09_04_12_10_57_090.jpg,/Users/ggcstaff/CarND-Term1-Starter-Kit/CarND-Behavioral-Cloning-P3/dataCW/IMG/left_2017_09_04_12_10_57_090.jpg,/Users/ggcstaff/CarND-Term1-Starter-Kit/CarND-Behavioral-Cloning-P3/dataCW/IMG/right_2017_09_04_12_10_57_090.jpg,0.06880159,0,0,16.23046
/Users/ggcstaff/CarND-Term1-Starter-Kit/CarND-Behavioral-Cloning-P3/dataCW/IMG/center_2017_09_04_12_10_57_157.jpg,/Users/ggcstaff/CarND-Term1-Starter-Kit/CarND-Behavioral-Cloning-P3/dataCW/IMG/left_2017_09_04_12_10_57_157.jpg,/Users/ggcstaff/CarND-Term1-Starter-Kit/CarND-Behavioral-Cloning-P3/dataCW/IMG/right_2017_09_04_12_10_57_157.jpg,0.06880159,0,0,16.1341
/Users/ggcstaff/CarND-Term1-Starter-Kit/CarND-Behavioral-Cloning-P3/dataCW/IMG/center_2017_09_04_12_10_57_229.jpg,/Users/ggcstaff/CarND-Term1-Starter-Kit/CarND-Behavioral-Cloning-P3/dataCW/IMG/left_2017_09_04_12_10_57_229.jpg,/Users/ggcstaff/CarND-Term1-Starter-Kit/CarND-Behavioral-Cloning-P3/dataCW/IMG/right_2017_09_04_12_10_57_229.jpg,0.06880159,0,0,16.00216
/Users/ggcstaff/CarND-Term1-Starter-Kit/CarND-Behavioral-Cloning-P3/dataCW/IMG/center_2017_09_04_12_10_57_298.jpg,/Users/ggcstaff/CarND-Term1-Starter-Kit/CarND-Behavioral-Cloning-P3/dataCW/IMG/left_2017_09_04_12_10_57_298.jpg,/Users/ggcstaff/CarND-Term1-Starter-Kit/CarND-Behavioral-Cloning-P3/dataCW/IMG/right_2017_09_04_12_10_57_298.jpg,0.06880159,0,0,15.90138
/Users/ggcstaff/CarND-Term1-Starter-Kit/CarND-Behavioral-Cloning-P3/dataCW/IMG/center_2017_09_04_12_10_57_369.jpg,/Users/ggcstaff/CarND-Term1-Starter-Kit/CarND-Behavioral-Cloning-P3/dataCW/IMG/left_2017_09_04_12_10_57_369.jpg,/Users/ggcstaff/CarND-Term1-Starter-Kit/CarND-Behavioral-Cloning-P3/dataCW/IMG/right_2017_09_04_12_10_57_369.jpg,0.04226857,0,0,15.77131
/Users/ggcstaff/CarND-Term1-Starter-Kit/CarND-Behavioral-Cloning-P3/dataCW/IMG/center_2017_09_04_12_10_57_439.jpg,/Users/ggcstaff/CarND-Term1-Starter-Kit/CarND-Behavioral-Cloning-P3/dataCW/IMG/left_2017_09_04_12_10_57_439.jpg,/Users/ggcstaff/CarND-Term1-Starter-Kit/CarND-Behavioral-Cloning-P3/dataCW/IMG/right_2017_09_04_12_10_57_439.jpg,0.03895194,0,0,15.67653
/Users/ggcstaff/CarND-Term1-Starter-Kit/CarND-Behavioral-Cloning-P3/dataCW/IMG/center_2017_09_04_12_10_57_507.jpg,/Users/ggcstaff/CarND-Term1-Starter-Kit/CarND-Behavioral-Cloning-P3/dataCW/IMG/left_2017_09_04_12_10_57_507.jpg,/Users/ggcstaff/CarND-Term1-Starter-Kit/CarND-Behavioral-Cloning-P3/dataCW/IMG/right_2017_09_04_12_10_57_507.jpg,0.03895194,0,0,15.57892
/Users/ggcstaff/CarND-Term1-Starter-Kit/CarND-Behavioral-Cloning-P3/dataCW/IMG/center_2017_09_04_12_10_57_578.jpg,/Users/ggcstaff/CarND-Term1-Starter-Kit/CarND-Behavioral-Cloning-P3/dataCW/IMG/left_2017_09_04_12_10_57_578.jpg,/Users/ggcstaff/CarND-Term1-Starter-Kit/CarND-Behavioral-Cloning-P3/dataCW/IMG/right_2017_09_04_12_10_57_578.jpg,0.03895194,0,0,15.45164
/Users/ggcstaff/CarND-Term1-Starter-Kit/CarND-Behavioral-Cloning-P3/dataCW/IMG/center_2017_09_04_12_10_57_649.jpg,/Users/ggcstaff/CarND-Term1-Starter-Kit/CarND-Behavioral-Cloning-P3/dataCW/IMG/left_2017_09_04_12_10_57_649.jpg,/Users/ggcstaff/CarND-Term1-Starter-Kit/CarND-Behavioral-Cloning-P3/dataCW/IMG/right_2017_09_04_12_10_57_649.jpg,0.02693838,0,0,15.32543
/Users/ggcstaff/CarND-Term1-Starter-Kit/CarND-Behavioral-Cloning-P3/dataCW/IMG/center_2017_09_04_12_10_57_718.jpg,/Users/ggcstaff/CarND-Term1-Starter-Kit/CarND-Behavioral-Cloning-P3/dataCW/IMG/left_2017_09_04_12_10_57_718.jpg,/Users/ggcstaff/CarND-Term1-Starter-Kit/CarND-Behavioral-Cloning-P3/dataCW/IMG/right_2017_09_04_12_10_57_718.jpg,0.01367188,0,0,15.23148
/Users/ggcstaff/CarND-Term1-Starter-Kit/CarND-Behavioral-Cloning-P3/dataCW/IMG/center_2017_09_04_12_10_57_787.jpg,/Users/ggcstaff/CarND-Term1-Starter-Kit/CarND-Behavioral-Cloning-P3/dataCW/IMG/left_2017_09_04_12_10_57_787.jpg,/Users/ggcstaff/CarND-Term1-Starter-Kit/CarND-Behavioral-Cloning-P3/dataCW/IMG/right_2017_09_04_12_10_57_787.jpg,0.00703862,0,0,15.13711
/Users/ggcstaff/CarND-Term1-Starter-Kit/CarND-Behavioral-Cloning-P3/dataCW/IMG/center_2017_09_04_12_10_57_859.jpg,/Users/ggcstaff/CarND-Term1-Starter-Kit/CarND-Behavioral-Cloning-P3/dataCW/IMG/left_2017_09_04_12_10_57_859.jpg,/Users/ggcstaff/CarND-Term1-Starter-Kit/CarND-Behavioral-Cloning-P3/dataCW/IMG/right_2017_09_04_12_10_57_859.jpg,0.0004053656,0,0,15.01322
/Users/ggcstaff/CarND-Term1-Starter-Kit/CarND-Behavioral-Cloning-P3/dataCW/IMG/center_2017_09_04_12_10_57_939.jpg,/Users/ggcstaff/CarND-Term1-Starter-Kit/CarND-Behavioral-Cloning-P3/dataCW/IMG/left_2017_09_04_12_10_57_939.jpg,/Users/ggcstaff/CarND-Term1-Starter-Kit/CarND-Behavioral-Cloning-P3/dataCW/IMG/right_2017_09_04_12_10_57_939.jpg,0.0004053656,0,0,14.89027
/Users/ggcstaff/CarND-Term1-Starter-Kit/CarND-Behavioral-Cloning-P3/dataCW/IMG/center_2017_09_04_12_10_58_019.jpg,/Users/ggcstaff/CarND-Term1-Starter-Kit/CarND-Behavioral-Cloning-P3/dataCW/IMG/left_2017_09_04_12_10_58_019.jpg,/Users/ggcstaff/CarND-Term1-Starter-Kit/CarND-Behavioral-Cloning-P3/dataCW/IMG/right_2017_09_04_12_10_58_019.jpg,-0.006227889,0,0,14.76812
/Users/ggcstaff/CarND-Term1-Starter-Kit/CarND-Behavioral-Cloning-P3/dataCW/IMG/center_2017_09_04_12_10_58_103.jpg,/Users/ggcstaff/CarND-Term1-Starter-Kit/CarND-Behavioral-Cloning-P3/dataCW/IMG/left_2017_09_04_12_10_58_103.jpg,/Users/ggcstaff/CarND-Term1-Starter-Kit/CarND-Behavioral-Cloning-P3/dataCW/IMG/right_2017_09_04_12_10_58_103.jpg,-0.0194944,0,0,14.64603
/Users/ggcstaff/CarND-Term1-Starter-Kit/CarND-Behavioral-Cloning-P3/dataCW/IMG/center_2017_09_04_12_10_58_171.jpg,/Users/ggcstaff/CarND-Term1-Starter-Kit/CarND-Behavioral-Cloning-P3/dataCW/IMG/left_2017_09_04_12_10_58_171.jpg,/Users/ggcstaff/CarND-Term1-Starter-Kit/CarND-Behavioral-Cloning-P3/dataCW/IMG/right_2017_09_04_12_10_58_171.jpg,-0.02944428,0,0,14.52536
/Users/ggcstaff/CarND-Term1-Starter-Kit/CarND-Behavioral-Cloning-P3/dataCW/IMG/center_2017_09_04_12_10_58_240.jpg,/Users/ggcstaff/CarND-Term1-Starter-Kit/CarND-Behavioral-Cloning-P3/dataCW/IMG/left_2017_09_04_12_10_58_240.jpg,/Users/ggcstaff/CarND-Term1-Starter-Kit/CarND-Behavioral-Cloning-P3/dataCW/IMG/right_2017_09_04_12_10_58_240.jpg,-0.03607754,0,0,14.43476
/Users/ggcstaff/CarND-Term1-Starter-Kit/CarND-Behavioral-Cloning-P3/dataCW/IMG/center_2017_09_04_12_10_58_311.jpg,/Users/ggcstaff/CarND-Term1-Starter-Kit/CarND-Behavioral-Cloning-P3/dataCW/IMG/left_2017_09_04_12_10_58_311.jpg,/Users/ggcstaff/CarND-Term1-Starter-Kit/CarND-Behavioral-Cloning-P3/dataCW/IMG/right_2017_09_04_12_10_58_311.jpg,-0.04602742,0,0,14.3154
/Users/ggcstaff/CarND-Term1-Starter-Kit/CarND-Behavioral-Cloning-P3/dataCW/IMG/center_2017_09_04_12_10_58_383.jpg,/Users/ggcstaff/CarND-Term1-Starter-Kit/CarND-Behavioral-Cloning-P3/dataCW/IMG/left_2017_09_04_12_10_58_383.jpg,/Users/ggcstaff/CarND-Term1-Starter-Kit/CarND-Behavioral-Cloning-P3/dataCW/IMG/right_2017_09_04_12_10_58_383.jpg,-0.04934404,0,0,14.22725
/Users/ggcstaff/CarND-Term1-Starter-Kit/CarND-Behavioral-Cloning-P3/dataCW/IMG/center_2017_09_04_12_10_58_458.jpg,/Users/ggcstaff/CarND-Term1-Starter-Kit/CarND-Behavioral-Cloning-P3/dataCW/IMG/left_2017_09_04_12_10_58_458.jpg,/Users/ggcstaff/CarND-Term1-Starter-Kit/CarND-Behavioral-Cloning-P3/dataCW/IMG/right_2017_09_04_12_10_58_458.jpg,-0.0559773,0,0,14.10973
/Users/ggcstaff/CarND-Term1-Starter-Kit/CarND-Behavioral-Cloning-P3/dataCW/IMG/center_2017_09_04_12_10_58_530.jpg,/Users/ggcstaff/CarND-Term1-Starter-Kit/CarND-Behavioral-Cloning-P3/dataCW/IMG/left_2017_09_04_12_10_58_530.jpg,/Users/ggcstaff/CarND-Term1-Starter-Kit/CarND-Behavioral-Cloning-P3/dataCW/IMG/right_2017_09_04_12_10_58_530.jpg,-0.0559773,0,0,13.99337
/Users/ggcstaff/CarND-Term1-Starter-Kit/CarND-Behavioral-Cloning-P3/dataCW/IMG/center_2017_09_04_12_10_58_597.jpg,/Users/ggcstaff/CarND-Term1-Starter-Kit/CarND-Behavioral-Cloning-P3/dataCW/IMG/left_2017_09_04_12_10_58_597.jpg,/Users/ggcstaff/CarND-Term1-Starter-Kit/CarND-Behavioral-Cloning-P3/dataCW/IMG/right_2017_09_04_12_10_58_597.jpg,-0.0559773,0,0,13.90575
/Users/ggcstaff/CarND-Term1-Starter-Kit/CarND-Behavioral-Cloning-P3/dataCW/IMG/center_2017_09_04_12_10_58_665.jpg,/Users/ggcstaff/CarND-Term1-Starter-Kit/CarND-Behavioral-Cloning-P3/dataCW/IMG/left_2017_09_04_12_10_58_665.jpg,/Users/ggcstaff/CarND-Term1-Starter-Kit/CarND-Behavioral-Cloning-P3/dataCW/IMG/right_2017_09_04_12_10_58_665.jpg,-0.05269752,0,0,13.82055
/Users/ggcstaff/CarND-Term1-Starter-Kit/CarND-Behavioral-Cloning-P3/dataCW/IMG/center_2017_09_04_12_10_58_735.jpg,/Users/ggcstaff/CarND-Term1-Starter-Kit/CarND-Behavioral-Cloning-P3/dataCW/IMG/left_2017_09_04_12_10_58_735.jpg,/Users/ggcstaff/CarND-Term1-Starter-Kit/CarND-Behavioral-Cloning-P3/dataCW/IMG/right_2017_09_04_12_10_58_735.jpg,-0.01123968,0,0,13.70696
/Users/ggcstaff/CarND-Term1-Starter-Kit/CarND-Behavioral-Cloning-P3/dataCW/IMG/center_2017_09_04_12_10_58_803.jpg,/Users/ggcstaff/CarND-Term1-Starter-Kit/CarND-Behavioral-Cloning-P3/dataCW/IMG/left_2017_09_04_12_10_58_803.jpg,/Users/ggcstaff/CarND-Term1-Starter-Kit/CarND-Behavioral-Cloning-P3/dataCW/IMG/right_2017_09_04_12_10_58_803.jpg,0.001879422,0,0,13.62034
/Users/ggcstaff/CarND-Term1-Starter-Kit/CarND-Behavioral-Cloning-P3/dataCW/IMG/center_2017_09_04_12_10_58_874.jpg,/Users/ggcstaff/CarND-Term1-Starter-Kit/CarND-Behavioral-Cloning-P3/dataCW/IMG/left_2017_09_04_12_10_58_874.jpg,/Users/ggcstaff/CarND-Term1-Starter-Kit/CarND-Behavioral-Cloning-P3/dataCW/IMG/right_2017_09_04_12_10_58_874.jpg,0.001879422,0,0,13.50827
/Users/ggcstaff/CarND-Term1-Starter-Kit/CarND-Behavioral-Cloning-P3/dataCW/IMG/center_2017_09_04_12_10_58_941.jpg,/Users/ggcstaff/CarND-Term1-Starter-Kit/CarND-Behavioral-Cloning-P3/dataCW/IMG/left_2017_09_04_12_10_58_941.jpg,/Users/ggcstaff/CarND-Term1-Starter-Kit/CarND-Behavioral-Cloning-P3/dataCW/IMG/right_2017_09_04_12_10_58_941.jpg,0.001879422,0,0,13.42517
/Users/ggcstaff/CarND-Term1-Starter-Kit/CarND-Behavioral-Cloning-P3/dataCW/IMG/center_2017_09_04_12_10_59_020.jpg,/Users/ggcstaff/CarND-Term1-Starter-Kit/CarND-Behavioral-Cloning-P3/dataCW/IMG/left_2017_09_04_12_10_59_020.jpg,/Users/ggcstaff/CarND-Term1-Starter-Kit/CarND-Behavioral-Cloning-P3/dataCW/IMG/right_2017_09_04_12_10_59_020.jpg,0.001879422,0,0,13.31432
/Users/ggcstaff/CarND-Term1-Starter-Kit/CarND-Behavioral-Cloning-P3/dataCW/IMG/center_2017_09_04_12_10_59_111.jpg,/Users/ggcstaff/CarND-Term1-Starter-Kit/CarND-Behavioral-Cloning-P3/dataCW/IMG/left_2017_09_04_12_10_59_111.jpg,/Users/ggcstaff/CarND-Term1-Starter-Kit/CarND-Behavioral-Cloning-P3/dataCW/IMG/right_2017_09_04_12_10_59_111.jpg,0.001879422,0,0,13.17688
/Users/ggcstaff/CarND-Term1-Starter-Kit/CarND-Behavioral-Cloning-P3/dataCW/IMG/center_2017_09_04_12_10_59_190.jpg,/Users/ggcstaff/CarND-Term1-Starter-Kit/CarND-Behavioral-Cloning-P3/dataCW/IMG/left_2017_09_04_12_10_59_190.jpg,/Users/ggcstaff/CarND-Term1-Starter-Kit/CarND-Behavioral-Cloning-P3/dataCW/IMG/right_2017_09_04_12_10_59_190.jpg,0.001879422,0,0,13.06789
/Users/ggcstaff/CarND-Term1-Starter-Kit/CarND-Behavioral-Cloning-P3/dataCW/IMG/center_2017_09_04_12_10_59_265.jpg,/Users/ggcstaff/CarND-Term1-Starter-Kit/CarND-Behavioral-Cloning-P3/dataCW/IMG/left_2017_09_04_12_10_59_265.jpg,/Users/ggcstaff/CarND-Term1-Starter-Kit/CarND-Behavioral-Cloning-P3/dataCW/IMG/right_2017_09_04_12_10_59_265.jpg,0.001879422,0,0,12.98685
/Users/ggcstaff/CarND-Term1-Starter-Kit/CarND-Behavioral-Cloning-P3/dataCW/IMG/center_2017_09_04_12_10_59_334.jpg,/Users/ggcstaff/CarND-Term1-Starter-Kit/CarND-Behavioral-Cloning-P3/dataCW/IMG/left_2017_09_04_12_10_59_334.jpg,/Users/ggcstaff/CarND-Term1-Starter-Kit/CarND-Behavioral-Cloning-P3/dataCW/IMG/right_2017_09_04_12_10_59_334.jpg,0.001879422,0,0,12.87938
/Users/ggcstaff/CarND-Term1-Starter-Kit/CarND-Behavioral-Cloning-P3/dataCW/IMG/center_2017_09_04_12_10_59_405.jpg,/Users/ggcstaff/CarND-Term1-Starter-Kit/CarND-Behavioral-Cloning-P3/dataCW/IMG/left_2017_09_04_12_10_59_405.jpg,/Users/ggcstaff/CarND-Term1-Starter-Kit/CarND-Behavioral-Cloning-P3/dataCW/IMG/right_2017_09_04_12_10_59_405.jpg,0.001879422,0,0,12.79923
/Users/ggcstaff/CarND-Term1-Starter-Kit/CarND-Behavioral-Cloning-P3/dataCW/IMG/center_2017_09_04_12_10_59_474.jpg,/Users/ggcstaff/CarND-Term1-Starter-Kit/CarND-Behavioral-Cloning-P3/dataCW/IMG/left_2017_09_04_12_10_59_474.jpg,/Users/ggcstaff/CarND-Term1-Starter-Kit/CarND-Behavioral-Cloning-P3/dataCW/IMG/right_2017_09_04_12_10_59_474.jpg,0.001879422,0,0,12.69326
/Users/ggcstaff/CarND-Term1-Starter-Kit/CarND-Behavioral-Cloning-P3/dataCW/IMG/center_2017_09_04_12_10_59_543.jpg,/Users/ggcstaff/CarND-Term1-Starter-Kit/CarND-Behavioral-Cloning-P3/dataCW/IMG/left_2017_09_04_12_10_59_543.jpg,/Users/ggcstaff/CarND-Term1-Starter-Kit/CarND-Behavioral-Cloning-P3/dataCW/IMG/right_2017_09_04_12_10_59_543.jpg,0.001879422,0,0,12.61446
/Users/ggcstaff/CarND-Term1-Starter-Kit/CarND-Behavioral-Cloning-P3/dataCW/IMG/center_2017_09_04_12_10_59_614.jpg,/Users/ggcstaff/CarND-Term1-Starter-Kit/CarND-Behavioral-Cloning-P3/dataCW/IMG/left_2017_09_04_12_10_59_614.jpg,/Users/ggcstaff/CarND-Term1-Starter-Kit/CarND-Behavioral-Cloning-P3/dataCW/IMG/right_2017_09_04_12_10_59_614.jpg,-0.01345077,0,0,12.50979
/Users/ggcstaff/CarND-Term1-Starter-Kit/CarND-Behavioral-Cloning-P3/dataCW/IMG/center_2017_09_04_12_10_59_682.jpg,/Users/ggcstaff/CarND-Term1-Starter-Kit/CarND-Behavioral-Cloning-P3/dataCW/IMG/left_2017_09_04_12_10_59_682.jpg,/Users/ggcstaff/CarND-Term1-Starter-Kit/CarND-Behavioral-Cloning-P3/dataCW/IMG/right_2017_09_04_12_10_59_682.jpg,-0.01676739,0,0,12.43212
/Users/ggcstaff/CarND-Term1-Starter-Kit/CarND-Behavioral-Cloning-P3/dataCW/IMG/center_2017_09_04_12_10_59_750.jpg,/Users/ggcstaff/CarND-Term1-Starter-Kit/CarND-Behavioral-Cloning-P3/dataCW/IMG/left_2017_09_04_12_10_59_750.jpg,/Users/ggcstaff/CarND-Term1-Starter-Kit/CarND-Behavioral-Cloning-P3/dataCW/IMG/right_2017_09_04_12_10_59_750.jpg,-0.01676739,0,0,12.32897
/Users/ggcstaff/CarND-Term1-Starter-Kit/CarND-Behavioral-Cloning-P3/dataCW/IMG/center_2017_09_04_12_10_59_820.jpg,/Users/ggcstaff/CarND-Term1-Starter-Kit/CarND-Behavioral-Cloning-P3/dataCW/IMG/left_2017_09_04_12_10_59_820.jpg,/Users/ggcstaff/CarND-Term1-Starter-Kit/CarND-Behavioral-Cloning-P3/dataCW/IMG/right_2017_09_04_12_10_59_820.jpg,-0.01676739,0,0,12.25251
/Users/ggcstaff/CarND-Term1-Starter-Kit/CarND-Behavioral-Cloning-P3/dataCW/IMG/center_2017_09_04_12_10_59_890.jpg,/Users/ggcstaff/CarND-Term1-Starter-Kit/CarND-Behavioral-Cloning-P3/dataCW/IMG/left_2017_09_04_12_10_59_890.jpg,/Users/ggcstaff/CarND-Term1-Starter-Kit/CarND-Behavioral-Cloning-P3/dataCW/IMG/right_2017_09_04_12_10_59_890.jpg,-0.01676739,0.1141441,0,12.16818
/Users/ggcstaff/CarND-Term1-Starter-Kit/CarND-Behavioral-Cloning-P3/dataCW/IMG/center_2017_09_04_12_10_59_960.jpg,/Users/ggcstaff/CarND-Term1-Starter-Kit/CarND-Behavioral-Cloning-P3/dataCW/IMG/left_2017_09_04_12_10_59_960.jpg,/Users/ggcstaff/CarND-Term1-Starter-Kit/CarND-Behavioral-Cloning-P3/dataCW/IMG/right_2017_09_04_12_10_59_960.jpg,-0.01676739,0.2953831,0,12.26493
/Users/ggcstaff/CarND-Term1-Starter-Kit/CarND-Behavioral-Cloning-P3/dataCW/IMG/center_2017_09_04_12_11_00_028.jpg,/Users/ggcstaff/CarND-Term1-Starter-Kit/CarND-Behavioral-Cloning-P3/dataCW/IMG/left_2017_09_04_12_11_00_028.jpg,/Users/ggcstaff/CarND-Term1-Starter-Kit/CarND-Behavioral-Cloning-P3/dataCW/IMG/right_2017_09_04_12_11_00_028.jpg,-0.02008402,0.529776,0,12.52081
/Users/ggcstaff/CarND-Term1-Starter-Kit/CarND-Behavioral-Cloning-P3/dataCW/IMG/center_2017_09_04_12_11_00_099.jpg,/Users/ggcstaff/CarND-Term1-Starter-Kit/CarND-Behavioral-Cloning-P3/dataCW/IMG/left_2017_09_04_12_11_00_099.jpg,/Users/ggcstaff/CarND-Term1-Starter-Kit/CarND-Behavioral-Cloning-P3/dataCW/IMG/right_2017_09_04_12_11_00_099.jpg,-0.02671728,0.71574,0,13.09353
/Users/ggcstaff/CarND-Term1-Starter-Kit/CarND-Behavioral-Cloning-P3/dataCW/IMG/center_2017_09_04_12_11_00_166.jpg,/Users/ggcstaff/CarND-Term1-Starter-Kit/CarND-Behavioral-Cloning-P3/dataCW/IMG/left_2017_09_04_12_11_00_166.jpg,/Users/ggcstaff/CarND-Term1-Starter-Kit/CarND-Behavioral-Cloning-P3/dataCW/IMG/right_2017_09_04_12_11_00_166.jpg,-0.0300339,0.889707,0,13.58965
/Users/ggcstaff/CarND-Term1-Starter-Kit/CarND-Behavioral-Cloning-P3/dataCW/IMG/center_2017_09_04_12_11_00_237.jpg,/Users/ggcstaff/CarND-Term1-Starter-Kit/CarND-Behavioral-Cloning-P3/dataCW/IMG/left_2017_09_04_12_11_00_237.jpg,/Users/ggcstaff/CarND-Term1-Starter-Kit/CarND-Behavioral-Cloning-P3/dataCW/IMG/right_2017_09_04_12_11_00_237.jpg,-0.0300339,1,0,14.32456
/Users/ggcstaff/CarND-Term1-Starter-Kit/CarND-Behavioral-Cloning-P3/dataCW/IMG/center_2017_09_04_12_11_00_306.jpg,/Users/ggcstaff/CarND-Term1-Starter-Kit/CarND-Behavioral-Cloning-P3/dataCW/IMG/left_2017_09_04_12_11_00_306.jpg,/Users/ggcstaff/CarND-Term1-Starter-Kit/CarND-Behavioral-Cloning-P3/dataCW/IMG/right_2017_09_04_12_11_00_306.jpg,-0.0300339,0.8976371,0,15.11124
/Users/ggcstaff/CarND-Term1-Starter-Kit/CarND-Behavioral-Cloning-P3/dataCW/IMG/center_2017_09_04_12_11_00_375.jpg,/Users/ggcstaff/CarND-Term1-Starter-Kit/CarND-Behavioral-Cloning-P3/dataCW/IMG/left_2017_09_04_12_11_00_375.jpg,/Users/ggcstaff/CarND-Term1-Starter-Kit/CarND-Behavioral-Cloning-P3/dataCW/IMG/right_2017_09_04_12_11_00_375.jpg,-0.0300339,0.6501461,0,15.75877
/Users/ggcstaff/CarND-Term1-Starter-Kit/CarND-Behavioral-Cloning-P3/dataCW/IMG/center_2017_09_04_12_11_00_451.jpg,/Users/ggcstaff/CarND-Term1-Starter-Kit/CarND-Behavioral-Cloning-P3/dataCW/IMG/left_2017_09_04_12_11_00_451.jpg,/Users/ggcstaff/CarND-Term1-Starter-Kit/CarND-Behavioral-Cloning-P3/dataCW/IMG/right_2017_09_04_12_11_00_451.jpg,-0.0300339,0.4080161,0,16.16944
/Users/ggcstaff/CarND-Term1-Starter-Kit/CarND-Behavioral-Cloning-P3/dataCW/IMG/center_2017_09_04_12_11_00_521.jpg,/Users/ggcstaff/CarND-Term1-Starter-Kit/CarND-Behavioral-Cloning-P3/dataCW/IMG/left_2017_09_04_12_11_00_521.jpg,/Users/ggcstaff/CarND-Term1-Starter-Kit/CarND-Behavioral-Cloning-P3/dataCW/IMG/right_2017_09_04_12_11_00_521.jpg,-0.0300339,0.226168,0,15.96731
/Users/ggcstaff/CarND-Term1-Starter-Kit/CarND-Behavioral-Cloning-P3/dataCW/IMG/center_2017_09_04_12_11_00_591.jpg,/Users/ggcstaff/CarND-Term1-Starter-Kit/CarND-Behavioral-Cloning-P3/dataCW/IMG/left_2017_09_04_12_11_00_591.jpg,/Users/ggcstaff/CarND-Term1-Starter-Kit/CarND-Behavioral-Cloning-P3/dataCW/IMG/right_2017_09_04_12_11_00_591.jpg,-0.0300339,0,0,15.87568
/Users/ggcstaff/CarND-Term1-Starter-Kit/CarND-Behavioral-Cloning-P3/dataCW/IMG/center_2017_09_04_12_11_00_663.jpg,/Users/ggcstaff/CarND-Term1-Starter-Kit/CarND-Behavioral-Cloning-P3/dataCW/IMG/left_2017_09_04_12_11_00_663.jpg,/Users/ggcstaff/CarND-Term1-Starter-Kit/CarND-Behavioral-Cloning-P3/dataCW/IMG/right_2017_09_04_12_11_00_663.jpg,-0.0300339,0,0,16.25739
/Users/ggcstaff/CarND-Term1-Starter-Kit/CarND-Behavioral-Cloning-P3/dataCW/IMG/center_2017_09_04_12_11_00_736.jpg,/Users/ggcstaff/CarND-Term1-Starter-Kit/CarND-Behavioral-Cloning-P3/dataCW/IMG/left_2017_09_04_12_11_00_736.jpg,/Users/ggcstaff/CarND-Term1-Starter-Kit/CarND-Behavioral-Cloning-P3/dataCW/IMG/right_2017_09_04_12_11_00_736.jpg,-0.0300339,0,0,16.14996
/Users/ggcstaff/CarND-Term1-Starter-Kit/CarND-Behavioral-Cloning-P3/dataCW/IMG/center_2017_09_04_12_11_00_804.jpg,/Users/ggcstaff/CarND-Term1-Starter-Kit/CarND-Behavioral-Cloning-P3/dataCW/IMG/left_2017_09_04_12_11_00_804.jpg,/Users/ggcstaff/CarND-Term1-Starter-Kit/CarND-Behavioral-Cloning-P3/dataCW/IMG/right_2017_09_04_12_11_00_804.jpg,-0.0300339,0,0,15.5054
/Users/ggcstaff/CarND-Term1-Starter-Kit/CarND-Behavioral-Cloning-P3/dataCW/IMG/center_2017_09_04_12_11_00_879.jpg,/Users/ggcstaff/CarND-Term1-Starter-Kit/CarND-Behavioral-Cloning-P3/dataCW/IMG/left_2017_09_04_12_11_00_879.jpg,/Users/ggcstaff/CarND-Term1-Starter-Kit/CarND-Behavioral-Cloning-P3/dataCW/IMG/right_2017_09_04_12_11_00_879.jpg,-0.0300339,0,0,15.39509
/Users/ggcstaff/CarND-Term1-Starter-Kit/CarND-Behavioral-Cloning-P3/dataCW/IMG/center_2017_09_04_12_11_00_946.jpg,/Users/ggcstaff/CarND-Term1-Starter-Kit/CarND-Behavioral-Cloning-P3/dataCW/IMG/left_2017_09_04_12_11_00_946.jpg,/Users/ggcstaff/CarND-Term1-Starter-Kit/CarND-Behavioral-Cloning-P3/dataCW/IMG/right_2017_09_04_12_11_00_946.jpg,-0.0300339,0,0,15.85532
/Users/ggcstaff/CarND-Term1-Starter-Kit/CarND-Behavioral-Cloning-P3/dataCW/IMG/center_2017_09_04_12_11_01_019.jpg,/Users/ggcstaff/CarND-Term1-Starter-Kit/CarND-Behavioral-Cloning-P3/dataCW/IMG/left_2017_09_04_12_11_01_019.jpg,/Users/ggcstaff/CarND-Term1-Starter-Kit/CarND-Behavioral-Cloning-P3/dataCW/IMG/right_2017_09_04_12_11_01_019.jpg,-0.0300339,0,0,15.73231
/Users/ggcstaff/CarND-Term1-Starter-Kit/CarND-Behavioral-Cloning-P3/dataCW/IMG/center_2017_09_04_12_11_01_086.jpg,/Users/ggcstaff/CarND-Term1-Starter-Kit/CarND-Behavioral-Cloning-P3/dataCW/IMG/left_2017_09_04_12_11_01_086.jpg,/Users/ggcstaff/CarND-Term1-Starter-Kit/CarND-Behavioral-Cloning-P3/dataCW/IMG/right_2017_09_04_12_11_01_086.jpg,-0.0300339,0,0,15.11738
/Users/ggcstaff/CarND-Term1-Starter-Kit/CarND-Behavioral-Cloning-P3/dataCW/IMG/center_2017_09_04_12_11_01_156.jpg,/Users/ggcstaff/CarND-Term1-Starter-Kit/CarND-Behavioral-Cloning-P3/dataCW/IMG/left_2017_09_04_12_11_01_156.jpg,/Users/ggcstaff/CarND-Term1-Starter-Kit/CarND-Behavioral-Cloning-P3/dataCW/IMG/right_2017_09_04_12_11_01_156.jpg,-0.0300339,0,0,14.99633
/Users/ggcstaff/CarND-Term1-Starter-Kit/CarND-Behavioral-Cloning-P3/dataCW/IMG/center_2017_09_04_12_11_01_226.jpg,/Users/ggcstaff/CarND-Term1-Starter-Kit/CarND-Behavioral-Cloning-P3/dataCW/IMG/left_2017_09_04_12_11_01_226.jpg,/Users/ggcstaff/CarND-Term1-Starter-Kit/CarND-Behavioral-Cloning-P3/dataCW/IMG/right_2017_09_04_12_11_01_226.jpg,-0.0300339,0,0,15.42484
/Users/ggcstaff/CarND-Term1-Starter-Kit/CarND-Behavioral-Cloning-P3/dataCW/IMG/center_2017_09_04_12_11_01_294.jpg,/Users/ggcstaff/CarND-Term1-Starter-Kit/CarND-Behavioral-Cloning-P3/dataCW/IMG/left_2017_09_04_12_11_01_294.jpg,/Users/ggcstaff/CarND-Term1-Starter-Kit/CarND-Behavioral-Cloning-P3/dataCW/IMG/right_2017_09_04_12_11_01_294.jpg,-0.03335053,0,0,15.30327
/Users/ggcstaff/CarND-Term1-Starter-Kit/CarND-Behavioral-Cloning-P3/dataCW/IMG/center_2017_09_04_12_11_01_363.jpg,/Users/ggcstaff/CarND-Term1-Starter-Kit/CarND-Behavioral-Cloning-P3/dataCW/IMG/left_2017_09_04_12_11_01_363.jpg,/Users/ggcstaff/CarND-Term1-Starter-Kit/CarND-Behavioral-Cloning-P3/dataCW/IMG/right_2017_09_04_12_11_01_363.jpg,-0.03666716,0,0,14.69722
/Users/ggcstaff/CarND-Term1-Starter-Kit/CarND-Behavioral-Cloning-P3/dataCW/IMG/center_2017_09_04_12_11_01_431.jpg,/Users/ggcstaff/CarND-Term1-Starter-Kit/CarND-Behavioral-Cloning-P3/dataCW/IMG/left_2017_09_04_12_11_01_431.jpg,/Users/ggcstaff/CarND-Term1-Starter-Kit/CarND-Behavioral-Cloning-P3/dataCW/IMG/right_2017_09_04_12_11_01_431.jpg,-0.03998379,0,0,14.57901
/Users/ggcstaff/CarND-Term1-Starter-Kit/CarND-Behavioral-Cloning-P3/dataCW/IMG/center_2017_09_04_12_11_01_499.jpg,/Users/ggcstaff/CarND-Term1-Starter-Kit/CarND-Behavioral-Cloning-P3/dataCW/IMG/left_2017_09_04_12_11_01_499.jpg,/Users/ggcstaff/CarND-Term1-Starter-Kit/CarND-Behavioral-Cloning-P3/dataCW/IMG/right_2017_09_04_12_11_01_499.jpg,-0.03998379,0,0,15.00315
/Users/ggcstaff/CarND-Term1-Starter-Kit/CarND-Behavioral-Cloning-P3/dataCW/IMG/center_2017_09_04_12_11_01_566.jpg,/Users/ggcstaff/CarND-Term1-Starter-Kit/CarND-Behavioral-Cloning-P3/dataCW/IMG/left_2017_09_04_12_11_01_566.jpg,/Users/ggcstaff/CarND-Term1-Starter-Kit/CarND-Behavioral-Cloning-P3/dataCW/IMG/right_2017_09_04_12_11_01_566.jpg,-0.03998379,0.05694616,0,14.39999
/Users/ggcstaff/CarND-Term1-Starter-Kit/CarND-Behavioral-Cloning-P3/dataCW/IMG/center_2017_09_04_12_11_01_639.jpg,/Users/ggcstaff/CarND-Term1-Starter-Kit/CarND-Behavioral-Cloning-P3/dataCW/IMG/left_2017_09_04_12_11_01_639.jpg,/Users/ggcstaff/CarND-Term1-Starter-Kit/CarND-Behavioral-Cloning-P3/dataCW/IMG/right_2017_09_04_12_11_01_639.jpg,-0.03998379,0.3001412,0,14.37467
/Users/ggcstaff/CarND-Term1-Starter-Kit/CarND-Behavioral-Cloning-P3/dataCW/IMG/center_2017_09_04_12_11_01_709.jpg,/Users/ggcstaff/CarND-Term1-Starter-Kit/CarND-Behavioral-Cloning-P3/dataCW/IMG/left_2017_09_04_12_11_01_709.jpg,/Users/ggcstaff/CarND-Term1-Starter-Kit/CarND-Behavioral-Cloning-P3/dataCW/IMG/right_2017_09_04_12_11_01_709.jpg,-0.03998379,0.532242,0,14.67575
/Users/ggcstaff/CarND-Term1-Starter-Kit/CarND-Behavioral-Cloning-P3/dataCW/IMG/center_2017_09_04_12_11_01_778.jpg,/Users/ggcstaff/CarND-Term1-Starter-Kit/CarND-Behavioral-Cloning-P3/dataCW/IMG/left_2017_09_04_12_11_01_778.jpg,/Users/ggcstaff/CarND-Term1-Starter-Kit/CarND-Behavioral-Cloning-P3/dataCW/IMG/right_2017_09_04_12_11_01_778.jpg,-0.03998379,0.7178641,0,15.4286
/Users/ggcstaff/CarND-Term1-Starter-Kit/CarND-Behavioral-Cloning-P3/dataCW/IMG/center_2017_09_04_12_11_01_849.jpg,/Users/ggcstaff/CarND-Term1-Starter-Kit/CarND-Behavioral-Cloning-P3/dataCW/IMG/left_2017_09_04_12_11_01_849.jpg,/Users/ggcstaff/CarND-Term1-Starter-Kit/CarND-Behavioral-Cloning-P3/dataCW/IMG/right_2017_09_04_12_11_01_849.jpg,-0.03998379,0.951939,0,16.03198
/Users/ggcstaff/CarND-Term1-Starter-Kit/CarND-Behavioral-Cloning-P3/dataCW/IMG/center_2017_09_04_12_11_01_918.jpg,/Users/ggcstaff/CarND-Term1-Starter-Kit/CarND-Behavioral-Cloning-P3/dataCW/IMG/left_2017_09_04_12_11_01_918.jpg,/Users/ggcstaff/CarND-Term1-Starter-Kit/CarND-Behavioral-Cloning-P3/dataCW/IMG/right_2017_09_04_12_11_01_918.jpg,-0.03998379,0.9045341,0,16.75911
/Users/ggcstaff/CarND-Term1-Starter-Kit/CarND-Behavioral-Cloning-P3/dataCW/IMG/center_2017_09_04_12_11_02_005.jpg,/Users/ggcstaff/CarND-Term1-Starter-Kit/CarND-Behavioral-Cloning-P3/dataCW/IMG/left_2017_09_04_12_11_02_005.jpg,/Users/ggcstaff/CarND-Term1-Starter-Kit/CarND-Behavioral-Cloning-P3/dataCW/IMG/right_2017_09_04_12_11_02_005.jpg,-0.03998379,0.6453251,0,17.42366
/Users/ggcstaff/CarND-Term1-Starter-Kit/CarND-Behavioral-Cloning-P3/dataCW/IMG/center_2017_09_04_12_11_02_075.jpg,/Users/ggcstaff/CarND-Term1-Starter-Kit/CarND-Behavioral-Cloning-P3/dataCW/IMG/left_2017_09_04_12_11_02_075.jpg,/Users/ggcstaff/CarND-Term1-Starter-Kit/CarND-Behavioral-Cloning-P3/dataCW/IMG/right_2017_09_04_12_11_02_075.jpg,-0.03998379,0.4493441,0,17.84505
/Users/ggcstaff/CarND-Term1-Starter-Kit/CarND-Behavioral-Cloning-P3/dataCW/IMG/center_2017_09_04_12_11_02_143.jpg,/Users/ggcstaff/CarND-Term1-Starter-Kit/CarND-Behavioral-Cloning-P3/dataCW/IMG/left_2017_09_04_12_11_02_143.jpg,/Users/ggcstaff/CarND-Term1-Starter-Kit/CarND-Behavioral-Cloning-P3/dataCW/IMG/right_2017_09_04_12_11_02_143.jpg,-0.03998379,0.264517,0,17.67909
/Users/ggcstaff/CarND-Term1-Starter-Kit/CarND-Behavioral-Cloning-P3/dataCW/IMG/center_2017_09_04_12_11_02_214.jpg,/Users/ggcstaff/CarND-Term1-Starter-Kit/CarND-Behavioral-Cloning-P3/dataCW/IMG/left_2017_09_04_12_11_02_214.jpg,/Users/ggcstaff/CarND-Term1-Starter-Kit/CarND-Behavioral-Cloning-P3/dataCW/IMG/right_2017_09_04_12_11_02_214.jpg,-0.03998379,0.03209198,0,17.61542
/Users/ggcstaff/CarND-Term1-Starter-Kit/CarND-Behavioral-Cloning-P3/dataCW/IMG/center_2017_09_04_12_11_02_281.jpg,/Users/ggcstaff/CarND-Term1-Starter-Kit/CarND-Behavioral-Cloning-P3/dataCW/IMG/left_2017_09_04_12_11_02_281.jpg,/Users/ggcstaff/CarND-Term1-Starter-Kit/CarND-Behavioral-Cloning-P3/dataCW/IMG/right_2017_09_04_12_11_02_281.jpg,-0.03998379,0,0,17.97566
/Users/ggcstaff/CarND-Term1-Starter-Kit/CarND-Behavioral-Cloning-P3/dataCW/IMG/center_2017_09_04_12_11_02_350.jpg,/Users/ggcstaff/CarND-Term1-Starter-Kit/CarND-Behavioral-Cloning-P3/dataCW/IMG/left_2017_09_04_12_11_02_350.jpg,/Users/ggcstaff/CarND-Term1-Starter-Kit/CarND-Behavioral-Cloning-P3/dataCW/IMG/right_2017_09_04_12_11_02_350.jpg,-0.03998379,0,0,17.83801
/Users/ggcstaff/CarND-Term1-Starter-Kit/CarND-Behavioral-Cloning-P3/dataCW/IMG/center_2017_09_04_12_11_02_418.jpg,/Users/ggcstaff/CarND-Term1-Starter-Kit/CarND-Behavioral-Cloning-P3/dataCW/IMG/left_2017_09_04_12_11_02_418.jpg,/Users/ggcstaff/CarND-Term1-Starter-Kit/CarND-Behavioral-Cloning-P3/dataCW/IMG/right_2017_09_04_12_11_02_418.jpg,-0.03998379,0.05177701,0,17.20796
/Users/ggcstaff/CarND-Term1-Starter-Kit/CarND-Behavioral-Cloning-P3/dataCW/IMG/center_2017_09_04_12_11_02_490.jpg,/Users/ggcstaff/CarND-Term1-Starter-Kit/CarND-Behavioral-Cloning-P3/dataCW/IMG/left_2017_09_04_12_11_02_490.jpg,/Users/ggcstaff/CarND-Term1-Starter-Kit/CarND-Behavioral-Cloning-P3/dataCW/IMG/right_2017_09_04_12_11_02_490.jpg,-0.03998379,0.288681,0,17.2717
/Users/ggcstaff/CarND-Term1-Starter-Kit/CarND-Behavioral-Cloning-P3/dataCW/IMG/center_2017_09_04_12_11_02_558.jpg,/Users/ggcstaff/CarND-Term1-Starter-Kit/CarND-Behavioral-Cloning-P3/dataCW/IMG/left_2017_09_04_12_11_02_558.jpg,/Users/ggcstaff/CarND-Term1-Starter-Kit/CarND-Behavioral-Cloning-P3/dataCW/IMG/right_2017_09_04_12_11_02_558.jpg,-0.03998379,0.4712191,0,17.86605
/Users/ggcstaff/CarND-Term1-Starter-Kit/CarND-Behavioral-Cloning-P3/dataCW/IMG/center_2017_09_04_12_11_02_630.jpg,/Users/ggcstaff/CarND-Term1-Starter-Kit/CarND-Behavioral-Cloning-P3/dataCW/IMG/left_2017_09_04_12_11_02_630.jpg,/Users/ggcstaff/CarND-Term1-Starter-Kit/CarND-Behavioral-Cloning-P3/dataCW/IMG/right_2017_09_04_12_11_02_630.jpg,-0.03998379,0.709713,0,18.27102
/Users/ggcstaff/CarND-Term1-Starter-Kit/CarND-Behavioral-Cloning-P3/dataCW/IMG/center_2017_09_04_12_11_02_698.jpg,/Users/ggcstaff/CarND-Term1-Starter-Kit/CarND-Behavioral-Cloning-P3/dataCW/IMG/left_2017_09_04_12_11_02_698.jpg,/Users/ggcstaff/CarND-Term1-Starter-Kit/CarND-Behavioral-Cloning-P3/dataCW/IMG/right_2017_09_04_12_11_02_698.jpg,-0.03998379,0.600327,0,18.37737
/Users/ggcstaff/CarND-Term1-Starter-Kit/CarND-Behavioral-Cloning-P3/dataCW/IMG/center_2017_09_04_12_11_02_767.jpg,/Users/ggcstaff/CarND-Term1-Starter-Kit/CarND-Behavioral-Cloning-P3/dataCW/IMG/left_2017_09_04_12_11_02_767.jpg,/Users/ggcstaff/CarND-Term1-Starter-Kit/CarND-Behavioral-Cloning-P3/dataCW/IMG/right_2017_09_04_12_11_02_767.jpg,-0.03998379,0.411894,0,18.9141
/Users/ggcstaff/CarND-Term1-Starter-Kit/CarND-Behavioral-Cloning-P3/dataCW/IMG/center_2017_09_04_12_11_02_838.jpg,/Users/ggcstaff/CarND-Term1-Starter-Kit/CarND-Behavioral-Cloning-P3/dataCW/IMG/left_2017_09_04_12_11_02_838.jpg,/Users/ggcstaff/CarND-Term1-Starter-Kit/CarND-Behavioral-Cloning-P3/dataCW/IMG/right_2017_09_04_12_11_02_838.jpg,-0.03998379,0.1708109,0,19.05589
/Users/ggcstaff/CarND-Term1-Starter-Kit/CarND-Behavioral-Cloning-P3/dataCW/IMG/center_2017_09_04_12_11_02_910.jpg,/Users/ggcstaff/CarND-Term1-Starter-Kit/CarND-Behavioral-Cloning-P3/dataCW/IMG/left_2017_09_04_12_11_02_910.jpg,/Users/ggcstaff/CarND-Term1-Starter-Kit/CarND-Behavioral-Cloning-P3/dataCW/IMG/right_2017_09_04_12_11_02_910.jpg,-0.03998379,0,0,18.9813
/Users/ggcstaff/CarND-Term1-Starter-Kit/CarND-Behavioral-Cloning-P3/dataCW/IMG/center_2017_09_04_12_11_02_979.jpg,/Users/ggcstaff/CarND-Term1-Starter-Kit/CarND-Behavioral-Cloning-P3/dataCW/IMG/left_2017_09_04_12_11_02_979.jpg,/Users/ggcstaff/CarND-Term1-Starter-Kit/CarND-Behavioral-Cloning-P3/dataCW/IMG/right_2017_09_04_12_11_02_979.jpg,-0.03998379,0,0,18.44374
/Users/ggcstaff/CarND-Term1-Starter-Kit/CarND-Behavioral-Cloning-P3/dataCW/IMG/center_2017_09_04_12_11_03_054.jpg,/Users/ggcstaff/CarND-Term1-Starter-Kit/CarND-Behavioral-Cloning-P3/dataCW/IMG/left_2017_09_04_12_11_03_054.jpg,/Users/ggcstaff/CarND-Term1-Starter-Kit/CarND-Behavioral-Cloning-P3/dataCW/IMG/right_2017_09_04_12_11_03_054.jpg,-0.03998379,0,0,18.26762
/Users/ggcstaff/CarND-Term1-Starter-Kit/CarND-Behavioral-Cloning-P3/dataCW/IMG/center_2017_09_04_12_11_03_125.jpg,/Users/ggcstaff/CarND-Term1-Starter-Kit/CarND-Behavioral-Cloning-P3/dataCW/IMG/left_2017_09_04_12_11_03_125.jpg,/Users/ggcstaff/CarND-Term1-Starter-Kit/CarND-Behavioral-Cloning-P3/dataCW/IMG/right_2017_09_04_12_11_03_125.jpg,-0.03998379,0,0,18.64198
/Users/ggcstaff/CarND-Term1-Starter-Kit/CarND-Behavioral-Cloning-P3/dataCW/IMG/center_2017_09_04_12_11_03_194.jpg,/Users/ggcstaff/CarND-Term1-Starter-Kit/CarND-Behavioral-Cloning-P3/dataCW/IMG/left_2017_09_04_12_11_03_194.jpg,/Users/ggcstaff/CarND-Term1-Starter-Kit/CarND-Behavioral-Cloning-P3/dataCW/IMG/right_2017_09_04_12_11_03_194.jpg,-0.03998379,0,0,18.49598
/Users/ggcstaff/CarND-Term1-Starter-Kit/CarND-Behavioral-Cloning-P3/dataCW/IMG/center_2017_09_04_12_11_03_264.jpg,/Users/ggcstaff/CarND-Term1-Starter-Kit/CarND-Behavioral-Cloning-P3/dataCW/IMG/left_2017_09_04_12_11_03_264.jpg,/Users/ggcstaff/CarND-Term1-Starter-Kit/CarND-Behavioral-Cloning-P3/dataCW/IMG/right_2017_09_04_12_11_03_264.jpg,-0.03998379,0,0,17.87999
/Users/ggcstaff/CarND-Term1-Starter-Kit/CarND-Behavioral-Cloning-P3/dataCW/IMG/center_2017_09_04_12_11_03_350.jpg,/Users/ggcstaff/CarND-Term1-Starter-Kit/CarND-Behavioral-Cloning-P3/dataCW/IMG/left_2017_09_04_12_11_03_350.jpg,/Users/ggcstaff/CarND-Term1-Starter-Kit/CarND-Behavioral-Cloning-P3/dataCW/IMG/right_2017_09_04_12_11_03_350.jpg,-0.03998379,0,0,18.2059
/Users/ggcstaff/CarND-Term1-Starter-Kit/CarND-Behavioral-Cloning-P3/dataCW/IMG/center_2017_09_04_12_11_03_426.jpg,/Users/ggcstaff/CarND-Term1-Starter-Kit/CarND-Behavioral-Cloning-P3/dataCW/IMG/left_2017_09_04_12_11_03_426.jpg,/Users/ggcstaff/CarND-Term1-Starter-Kit/CarND-Behavioral-Cloning-P3/dataCW/IMG/right_2017_09_04_12_11_03_426.jpg,-0.03998379,0,0,17.5815
/Users/ggcstaff/CarND-Term1-Starter-Kit/CarND-Behavioral-Cloning-P3/dataCW/IMG/center_2017_09_04_12_11_03_493.jpg,/Users/ggcstaff/CarND-Term1-Starter-Kit/CarND-Behavioral-Cloning-P3/dataCW/IMG/left_2017_09_04_12_11_03_493.jpg,/Users/ggcstaff/CarND-Term1-Starter-Kit/CarND-Behavioral-Cloning-P3/dataCW/IMG/right_2017_09_04_12_11_03_493.jpg,-0.03998379,0,0,17.43438
/Users/ggcstaff/CarND-Term1-Starter-Kit/CarND-Behavioral-Cloning-P3/dataCW/IMG/center_2017_09_04_12_11_03_568.jpg,/Users/ggcstaff/CarND-Term1-Starter-Kit/CarND-Behavioral-Cloning-P3/dataCW/IMG/left_2017_09_04_12_11_03_568.jpg,/Users/ggcstaff/CarND-Term1-Starter-Kit/CarND-Behavioral-Cloning-P3/dataCW/IMG/right_2017_09_04_12_11_03_568.jpg,-0.03998379,0,0,17.28871
/Users/ggcstaff/CarND-Term1-Starter-Kit/CarND-Behavioral-Cloning-P3/dataCW/IMG/center_2017_09_04_12_11_03_638.jpg,/Users/ggcstaff/CarND-Term1-Starter-Kit/CarND-Behavioral-Cloning-P3/dataCW/IMG/left_2017_09_04_12_11_03_638.jpg,/Users/ggcstaff/CarND-Term1-Starter-Kit/CarND-Behavioral-Cloning-P3/dataCW/IMG/right_2017_09_04_12_11_03_638.jpg,-0.03998379,0,0,17.70819
/Users/ggcstaff/CarND-Term1-Starter-Kit/CarND-Behavioral-Cloning-P3/dataCW/IMG/center_2017_09_04_12_11_03_706.jpg,/Users/ggcstaff/CarND-Term1-Starter-Kit/CarND-Behavioral-Cloning-P3/dataCW/IMG/left_2017_09_04_12_11_03_706.jpg,/Users/ggcstaff/CarND-Term1-Starter-Kit/CarND-Behavioral-Cloning-P3/dataCW/IMG/right_2017_09_04_12_11_03_706.jpg,-0.03998379,0,0,17.07257
/Users/ggcstaff/CarND-Term1-Starter-Kit/CarND-Behavioral-Cloning-P3/dataCW/IMG/center_2017_09_04_12_11_03_775.jpg,/Users/ggcstaff/CarND-Term1-Starter-Kit/CarND-Behavioral-Cloning-P3/dataCW/IMG/left_2017_09_04_12_11_03_775.jpg,/Users/ggcstaff/CarND-Term1-Starter-Kit/CarND-Behavioral-Cloning-P3/dataCW/IMG/right_2017_09_04_12_11_03_775.jpg,-0.03998379,0,0,16.93027
/Users/ggcstaff/CarND-Term1-Starter-Kit/CarND-Behavioral-Cloning-P3/dataCW/IMG/center_2017_09_04_12_11_03_843.jpg,/Users/ggcstaff/CarND-Term1-Starter-Kit/CarND-Behavioral-Cloning-P3/dataCW/IMG/left_2017_09_04_12_11_03_843.jpg,/Users/ggcstaff/CarND-Term1-Starter-Kit/CarND-Behavioral-Cloning-P3/dataCW/IMG/right_2017_09_04_12_11_03_843.jpg,-0.03998379,0,0,17.36068
/Users/ggcstaff/CarND-Term1-Starter-Kit/CarND-Behavioral-Cloning-P3/dataCW/IMG/center_2017_09_04_12_11_03_911.jpg,/Users/ggcstaff/CarND-Term1-Starter-Kit/CarND-Behavioral-Cloning-P3/dataCW/IMG/left_2017_09_04_12_11_03_911.jpg,/Users/ggcstaff/CarND-Term1-Starter-Kit/CarND-Behavioral-Cloning-P3/dataCW/IMG/right_2017_09_04_12_11_03_911.jpg,-0.03998379,0,0,17.22355
/Users/ggcstaff/CarND-Term1-Starter-Kit/CarND-Behavioral-Cloning-P3/dataCW/IMG/center_2017_09_04_12_11_03_978.jpg,/Users/ggcstaff/CarND-Term1-Starter-Kit/CarND-Behavioral-Cloning-P3/dataCW/IMG/left_2017_09_04_12_11_03_978.jpg,/Users/ggcstaff/CarND-Term1-Starter-Kit/CarND-Behavioral-Cloning-P3/dataCW/IMG/right_2017_09_04_12_11_03_978.jpg,-0.03998379,0,0,16.58063
/Users/ggcstaff/CarND-Term1-Starter-Kit/CarND-Behavioral-Cloning-P3/dataCW/IMG/center_2017_09_04_12_11_04_054.jpg,/Users/ggcstaff/CarND-Term1-Starter-Kit/CarND-Behavioral-Cloning-P3/dataCW/IMG/left_2017_09_04_12_11_04_054.jpg,/Users/ggcstaff/CarND-Term1-Starter-Kit/CarND-Behavioral-Cloning-P3/dataCW/IMG/right_2017_09_04_12_11_04_054.jpg,-0.03998379,0,0,16.44292
/Users/ggcstaff/CarND-Term1-Starter-Kit/CarND-Behavioral-Cloning-P3/dataCW/IMG/center_2017_09_04_12_11_04_125.jpg,/Users/ggcstaff/CarND-Term1-Starter-Kit/CarND-Behavioral-Cloning-P3/dataCW/IMG/left_2017_09_04_12_11_04_125.jpg,/Users/ggcstaff/CarND-Term1-Starter-Kit/CarND-Behavioral-Cloning-P3/dataCW/IMG/right_2017_09_04_12_11_04_125.jpg,-0.03998379,0.05029804,0,16.8838
/Users/ggcstaff/CarND-Term1-Starter-Kit/CarND-Behavioral-Cloning-P3/dataCW/IMG/center_2017_09_04_12_11_04_193.jpg,/Users/ggcstaff/CarND-Term1-Starter-Kit/CarND-Behavioral-Cloning-P3/dataCW/IMG/left_2017_09_04_12_11_04_193.jpg,/Users/ggcstaff/CarND-Term1-Starter-Kit/CarND-Behavioral-Cloning-P3/dataCW/IMG/right_2017_09_04_12_11_04_193.jpg,-0.03998379,0.2857531,0,16.87901
/Users/ggcstaff/CarND-Term1-Starter-Kit/CarND-Behavioral-Cloning-P3/dataCW/IMG/center_2017_09_04_12_11_04_260.jpg,/Users/ggcstaff/CarND-Term1-Starter-Kit/CarND-Behavioral-Cloning-P3/dataCW/IMG/left_2017_09_04_12_11_04_260.jpg,/Users/ggcstaff/CarND-Term1-Starter-Kit/CarND-Behavioral-Cloning-P3/dataCW/IMG/right_2017_09_04_12_11_04_260.jpg,-0.03998379,0.4691911,0,16.63272
/Users/ggcstaff/CarND-Term1-Starter-Kit/CarND-Behavioral-Cloning-P3/dataCW/IMG/center_2017_09_04_12_11_04_328.jpg,/Users/ggcstaff/CarND-Term1-Starter-Kit/CarND-Behavioral-Cloning-P3/dataCW/IMG/left_2017_09_04_12_11_04_328.jpg,/Users/ggcstaff/CarND-Term1-Starter-Kit/CarND-Behavioral-Cloning-P3/dataCW/IMG/right_2017_09_04_12_11_04_328.jpg,-0.03998379,0.6431732,0,17.32376
/Users/ggcstaff/CarND-Term1-Starter-Kit/CarND-Behavioral-Cloning-P3/dataCW/IMG/center_2017_09_04_12_11_04_395.jpg,/Users/ggcstaff/CarND-Term1-Starter-Kit/CarND-Behavioral-Cloning-P3/dataCW/IMG/left_2017_09_04_12_11_04_395.jpg,/Users/ggcstaff/CarND-Term1-Starter-Kit/CarND-Behavioral-Cloning-P3/dataCW/IMG/right_2017_09_04_12_11_04_395.jpg,-0.03998379,0.5567971,0,17.82575
/Users/ggcstaff/CarND-Term1-Starter-Kit/CarND-Behavioral-Cloning-P3/dataCW/IMG/center_2017_09_04_12_11_04_464.jpg,/Users/ggcstaff/CarND-Term1-Starter-Kit/CarND-Behavioral-Cloning-P3/dataCW/IMG/left_2017_09_04_12_11_04_464.jpg,/Users/ggcstaff/CarND-Term1-Starter-Kit/CarND-Behavioral-Cloning-P3/dataCW/IMG/right_2017_09_04_12_11_04_464.jpg,-0.03998379,0.3738,0,17.69795
/Users/ggcstaff/CarND-Term1-Starter-Kit/CarND-Behavioral-Cloning-P3/dataCW/IMG/center_2017_09_04_12_11_04_549.jpg,/Users/ggcstaff/CarND-Term1-Starter-Kit/CarND-Behavioral-Cloning-P3/dataCW/IMG/left_2017_09_04_12_11_04_549.jpg,/Users/ggcstaff/CarND-Term1-Starter-Kit/CarND-Behavioral-Cloning-P3/dataCW/IMG/right_2017_09_04_12_11_04_549.jpg,-0.03998379,0.07840204,0,18.15328
/Users/ggcstaff/CarND-Term1-Starter-Kit/CarND-Behavioral-Cloning-P3/dataCW/IMG/center_2017_09_04_12_11_04_623.jpg,/Users/ggcstaff/CarND-Term1-Starter-Kit/CarND-Behavioral-Cloning-P3/dataCW/IMG/left_2017_09_04_12_11_04_623.jpg,/Users/ggcstaff/CarND-Term1-Starter-Kit/CarND-Behavioral-Cloning-P3/dataCW/IMG/right_2017_09_04_12_11_04_623.jpg,-0.04330041,0,0,17.57032
/Users/ggcstaff/CarND-Term1-Starter-Kit/CarND-Behavioral-Cloning-P3/dataCW/IMG/center_2017_09_04_12_11_04_694.jpg,/Users/ggcstaff/CarND-Term1-Starter-Kit/CarND-Behavioral-Cloning-P3/dataCW/IMG/left_2017_09_04_12_11_04_694.jpg,/Users/ggcstaff/CarND-Term1-Starter-Kit/CarND-Behavioral-Cloning-P3/dataCW/IMG/right_2017_09_04_12_11_04_694.jpg,-0.05325029,0,0,17.41698
/Users/ggcstaff/CarND-Term1-Starter-Kit/CarND-Behavioral-Cloning-P3/dataCW/IMG/center_2017_09_04_12_11_04_761.jpg,/Users/ggcstaff/CarND-Term1-Starter-Kit/CarND-Behavioral-Cloning-P3/dataCW/IMG/left_2017_09_04_12_11_04_761.jpg,/Users/ggcstaff/CarND-Term1-Starter-Kit/CarND-Behavioral-Cloning-P3/dataCW/IMG/right_2017_09_04_12_11_04_761.jpg,-0.05656692,0,0,17.83222
/Users/ggcstaff/CarND-Term1-Starter-Kit/CarND-Behavioral-Cloning-P3/dataCW/IMG/center_2017_09_04_12_11_04_831.jpg,/Users/ggcstaff/CarND-Term1-Starter-Kit/CarND-Behavioral-Cloning-P3/dataCW/IMG/left_2017_09_04_12_11_04_831.jpg,/Users/ggcstaff/CarND-Term1-Starter-Kit/CarND-Behavioral-Cloning-P3/dataCW/IMG/right_2017_09_04_12_11_04_831.jpg,-0.06320018,0,0,17.69091
/Users/ggcstaff/CarND-Term1-Starter-Kit/CarND-Behavioral-Cloning-P3/dataCW/IMG/center_2017_09_04_12_11_04_903.jpg,/Users/ggcstaff/CarND-Term1-Starter-Kit/CarND-Behavioral-Cloning-P3/dataCW/IMG/left_2017_09_04_12_11_04_903.jpg,/Users/ggcstaff/CarND-Term1-Starter-Kit/CarND-Behavioral-Cloning-P3/dataCW/IMG/right_2017_09_04_12_11_04_903.jpg,-0.06320018,0,0,17.05507
/Users/ggcstaff/CarND-Term1-Starter-Kit/CarND-Behavioral-Cloning-P3/dataCW/IMG/center_2017_09_04_12_11_04_975.jpg,/Users/ggcstaff/CarND-Term1-Starter-Kit/CarND-Behavioral-Cloning-P3/dataCW/IMG/left_2017_09_04_12_11_04_975.jpg,/Users/ggcstaff/CarND-Term1-Starter-Kit/CarND-Behavioral-Cloning-P3/dataCW/IMG/right_2017_09_04_12_11_04_975.jpg,-0.06320018,0,0,16.9123
/Users/ggcstaff/CarND-Term1-Starter-Kit/CarND-Behavioral-Cloning-P3/dataCW/IMG/center_2017_09_04_12_11_05_042.jpg,/Users/ggcstaff/CarND-Term1-Starter-Kit/CarND-Behavioral-Cloning-P3/dataCW/IMG/left_2017_09_04_12_11_05_042.jpg,/Users/ggcstaff/CarND-Term1-Starter-Kit/CarND-Behavioral-Cloning-P3/dataCW/IMG/right_2017_09_04_12_11_05_042.jpg,-0.06320018,0,0,17.34333
/Users/ggcstaff/CarND-Term1-Starter-Kit/CarND-Behavioral-Cloning-P3/dataCW/IMG/center_2017_09_04_12_11_05_116.jpg,/Users/ggcstaff/CarND-Term1-Starter-Kit/CarND-Behavioral-Cloning-P3/dataCW/IMG/left_2017_09_04_12_11_05_116.jpg,/Users/ggcstaff/CarND-Term1-Starter-Kit/CarND-Behavioral-Cloning-P3/dataCW/IMG/right_2017_09_04_12_11_05_116.jpg,-0.06320018,0,0,17.20631
/Users/ggcstaff/CarND-Term1-Starter-Kit/CarND-Behavioral-Cloning-P3/dataCW/IMG/center_2017_09_04_12_11_05_186.jpg,/Users/ggcstaff/CarND-Term1-Starter-Kit/CarND-Behavioral-Cloning-P3/dataCW/IMG/left_2017_09_04_12_11_05_186.jpg,/Users/ggcstaff/CarND-Term1-Starter-Kit/CarND-Behavioral-Cloning-P3/dataCW/IMG/right_2017_09_04_12_11_05_186.jpg,-0.06320018,0,0,16.56305
/Users/ggcstaff/CarND-Term1-Starter-Kit/CarND-Behavioral-Cloning-P3/dataCW/IMG/center_2017_09_04_12_11_05_254.jpg,/Users/ggcstaff/CarND-Term1-Starter-Kit/CarND-Behavioral-Cloning-P3/dataCW/IMG/left_2017_09_04_12_11_05_254.jpg,/Users/ggcstaff/CarND-Term1-Starter-Kit/CarND-Behavioral-Cloning-P3/dataCW/IMG/right_2017_09_04_12_11_05_254.jpg,-0.06320018,0,0,16.42588
/Users/ggcstaff/CarND-Term1-Starter-Kit/CarND-Behavioral-Cloning-P3/dataCW/IMG/center_2017_09_04_12_11_05_331.jpg,/Users/ggcstaff/CarND-Term1-Starter-Kit/CarND-Behavioral-Cloning-P3/dataCW/IMG/left_2017_09_04_12_11_05_331.jpg,/Users/ggcstaff/CarND-Term1-Starter-Kit/CarND-Behavioral-Cloning-P3/dataCW/IMG/right_2017_09_04_12_11_05_331.jpg,-0.07315006,0,0,16.28999
/Users/ggcstaff/CarND-Term1-Starter-Kit/CarND-Behavioral-Cloning-P3/dataCW/IMG/center_2017_09_04_12_11_05_399.jpg,/Users/ggcstaff/CarND-Term1-Starter-Kit/CarND-Behavioral-Cloning-P3/dataCW/IMG/left_2017_09_04_12_11_05_399.jpg,/Users/ggcstaff/CarND-Term1-Starter-Kit/CarND-Behavioral-Cloning-P3/dataCW/IMG/right_2017_09_04_12_11_05_399.jpg,-0.08641657,0,0,16.7358
/Users/ggcstaff/CarND-Term1-Starter-Kit/CarND-Behavioral-Cloning-P3/dataCW/IMG/center_2017_09_04_12_11_05_469.jpg,/Users/ggcstaff/CarND-Term1-Starter-Kit/CarND-Behavioral-Cloning-P3/dataCW/IMG/left_2017_09_04_12_11_05_469.jpg,/Users/ggcstaff/CarND-Term1-Starter-Kit/CarND-Behavioral-Cloning-P3/dataCW/IMG/right_2017_09_04_12_11_05_469.jpg,-0.09968308,0,0,16.60466
/Users/ggcstaff/CarND-Term1-Starter-Kit/CarND-Behavioral-Cloning-P3/dataCW/IMG/center_2017_09_04_12_11_05_536.jpg,/Users/ggcstaff/CarND-Term1-Starter-Kit/CarND-Behavioral-Cloning-P3/dataCW/IMG/left_2017_09_04_12_11_05_536.jpg,/Users/ggcstaff/CarND-Term1-Starter-Kit/CarND-Behavioral-Cloning-P3/dataCW/IMG/right_2017_09_04_12_11_05_536.jpg,-0.109633,0,0,15.95799
/Users/ggcstaff/CarND-Term1-Starter-Kit/CarND-Behavioral-Cloning-P3/dataCW/IMG/center_2017_09_04_12_11_05_603.jpg,/Users/ggcstaff/CarND-Term1-Starter-Kit/CarND-Behavioral-Cloning-P3/dataCW/IMG/left_2017_09_04_12_11_05_603.jpg,/Users/ggcstaff/CarND-Term1-Starter-Kit/CarND-Behavioral-Cloning-P3/dataCW/IMG/right_2017_09_04_12_11_05_603.jpg,-0.1195828,0,0,16.40988
/Users/ggcstaff/CarND-Term1-Starter-Kit/CarND-Behavioral-Cloning-P3/dataCW/IMG/center_2017_09_04_12_11_05_672.jpg,/Users/ggcstaff/CarND-Term1-Starter-Kit/CarND-Behavioral-Cloning-P3/dataCW/IMG/left_2017_09_04_12_11_05_672.jpg,/Users/ggcstaff/CarND-Term1-Starter-Kit/CarND-Behavioral-Cloning-P3/dataCW/IMG/right_2017_09_04_12_11_05_672.jpg,-0.136166,0,0,16.28288
/Users/ggcstaff/CarND-Term1-Starter-Kit/CarND-Behavioral-Cloning-P3/dataCW/IMG/center_2017_09_04_12_11_05_739.jpg,/Users/ggcstaff/CarND-Term1-Starter-Kit/CarND-Behavioral-Cloning-P3/dataCW/IMG/left_2017_09_04_12_11_05_739.jpg,/Users/ggcstaff/CarND-Term1-Starter-Kit/CarND-Behavioral-Cloning-P3/dataCW/IMG/right_2017_09_04_12_11_05_739.jpg,-0.1494325,0,0,15.6479
/Users/ggcstaff/CarND-Term1-Starter-Kit/CarND-Behavioral-Cloning-P3/dataCW/IMG/center_2017_09_04_12_11_05_807.jpg,/Users/ggcstaff/CarND-Term1-Starter-Kit/CarND-Behavioral-Cloning-P3/dataCW/IMG/left_2017_09_04_12_11_05_807.jpg,/Users/ggcstaff/CarND-Term1-Starter-Kit/CarND-Behavioral-Cloning-P3/dataCW/IMG/right_2017_09_04_12_11_05_807.jpg,-0.1660156,0,0,16.0912
/Users/ggcstaff/CarND-Term1-Starter-Kit/CarND-Behavioral-Cloning-P3/dataCW/IMG/center_2017_09_04_12_11_05_875.jpg,/Users/ggcstaff/CarND-Term1-Starter-Kit/CarND-Behavioral-Cloning-P3/dataCW/IMG/left_2017_09_04_12_11_05_875.jpg,/Users/ggcstaff/CarND-Term1-Starter-Kit/CarND-Behavioral-Cloning-P3/dataCW/IMG/right_2017_09_04_12_11_05_875.jpg,-0.1859154,0,0,15.96379
/Users/ggcstaff/CarND-Term1-Starter-Kit/CarND-Behavioral-Cloning-P3/dataCW/IMG/center_2017_09_04_12_11_05_950.jpg,/Users/ggcstaff/CarND-Term1-Starter-Kit/CarND-Behavioral-Cloning-P3/dataCW/IMG/left_2017_09_04_12_11_05_950.jpg,/Users/ggcstaff/CarND-Term1-Starter-Kit/CarND-Behavioral-Cloning-P3/dataCW/IMG/right_2017_09_04_12_11_05_950.jpg,-0.2058151,0,0,15.8353
/Users/ggcstaff/CarND-Term1-Starter-Kit/CarND-Behavioral-Cloning-P3/dataCW/IMG/center_2017_09_04_12_11_06_026.jpg,/Users/ggcstaff/CarND-Term1-Starter-Kit/CarND-Behavioral-Cloning-P3/dataCW/IMG/left_2017_09_04_12_11_06_026.jpg,/Users/ggcstaff/CarND-Term1-Starter-Kit/CarND-Behavioral-Cloning-P3/dataCW/IMG/right_2017_09_04_12_11_06_026.jpg,-0.2190817,0,0,15.2139
/Users/ggcstaff/CarND-Term1-Starter-Kit/CarND-Behavioral-Cloning-P3/dataCW/IMG/center_2017_09_04_12_11_06_095.jpg,/Users/ggcstaff/CarND-Term1-Starter-Kit/CarND-Behavioral-Cloning-P3/dataCW/IMG/left_2017_09_04_12_11_06_095.jpg,/Users/ggcstaff/CarND-Term1-Starter-Kit/CarND-Behavioral-Cloning-P3/dataCW/IMG/right_2017_09_04_12_11_06_095.jpg,-0.2323482,0,0,15.08979
/Users/ggcstaff/CarND-Term1-Starter-Kit/CarND-Behavioral-Cloning-P3/dataCW/IMG/center_2017_09_04_12_11_06_167.jpg,/Users/ggcstaff/CarND-Term1-Starter-Kit/CarND-Behavioral-Cloning-P3/dataCW/IMG/left_2017_09_04_12_11_06_167.jpg,/Users/ggcstaff/CarND-Term1-Starter-Kit/CarND-Behavioral-Cloning-P3/dataCW/IMG/right_2017_09_04_12_11_06_167.jpg,-0.2389814,0,0,15.51808
/Users/ggcstaff/CarND-Term1-Starter-Kit/CarND-Behavioral-Cloning-P3/dataCW/IMG/center_2017_09_04_12_11_06_238.jpg,/Users/ggcstaff/CarND-Term1-Starter-Kit/CarND-Behavioral-Cloning-P3/dataCW/IMG/left_2017_09_04_12_11_06_238.jpg,/Users/ggcstaff/CarND-Term1-Starter-Kit/CarND-Behavioral-Cloning-P3/dataCW/IMG/right_2017_09_04_12_11_06_238.jpg,-0.2389814,0,0,15.39414
/Users/ggcstaff/CarND-Term1-Starter-Kit/CarND-Behavioral-Cloning-P3/dataCW/IMG/center_2017_09_04_12_11_06_308.jpg,/Users/ggcstaff/CarND-Term1-Starter-Kit/CarND-Behavioral-Cloning-P3/dataCW/IMG/left_2017_09_04_12_11_06_308.jpg,/Users/ggcstaff/CarND-Term1-Starter-Kit/CarND-Behavioral-Cloning-P3/dataCW/IMG/right_2017_09_04_12_11_06_308.jpg,-0.2389814,0,0,15.27266
/Users/ggcstaff/CarND-Term1-Starter-Kit/CarND-Behavioral-Cloning-P3/dataCW/IMG/center_2017_09_04_12_11_06_375.jpg,/Users/ggcstaff/CarND-Term1-Starter-Kit/CarND-Behavioral-Cloning-P3/dataCW/IMG/left_2017_09_04_12_11_06_375.jpg,/Users/ggcstaff/CarND-Term1-Starter-Kit/CarND-Behavioral-Cloning-P3/dataCW/IMG/right_2017_09_04_12_11_06_375.jpg,-0.2389814,0,0,14.6639
/Users/ggcstaff/CarND-Term1-Starter-Kit/CarND-Behavioral-Cloning-P3/dataCW/IMG/center_2017_09_04_12_11_06_443.jpg,/Users/ggcstaff/CarND-Term1-Starter-Kit/CarND-Behavioral-Cloning-P3/dataCW/IMG/left_2017_09_04_12_11_06_443.jpg,/Users/ggcstaff/CarND-Term1-Starter-Kit/CarND-Behavioral-Cloning-P3/dataCW/IMG/right_2017_09_04_12_11_06_443.jpg,-0.2389814,0,0,15.0887
/Users/ggcstaff/CarND-Term1-Starter-Kit/CarND-Behavioral-Cloning-P3/dataCW/IMG/center_2017_09_04_12_11_06_518.jpg,/Users/ggcstaff/CarND-Term1-Starter-Kit/CarND-Behavioral-Cloning-P3/dataCW/IMG/left_2017_09_04_12_11_06_518.jpg,/Users/ggcstaff/CarND-Term1-Starter-Kit/CarND-Behavioral-Cloning-P3/dataCW/IMG/right_2017_09_04_12_11_06_518.jpg,-0.2389814,0.2029381,0,15.00702
/Users/ggcstaff/CarND-Term1-Starter-Kit/CarND-Behavioral-Cloning-P3/dataCW/IMG/center_2017_09_04_12_11_06_584.jpg,/Users/ggcstaff/CarND-Term1-Starter-Kit/CarND-Behavioral-Cloning-P3/dataCW/IMG/left_2017_09_04_12_11_06_584.jpg,/Users/ggcstaff/CarND-Term1-Starter-Kit/CarND-Behavioral-Cloning-P3/dataCW/IMG/right_2017_09_04_12_11_06_584.jpg,-0.2389814,0.3356221,0,14.56645
/Users/ggcstaff/CarND-Term1-Starter-Kit/CarND-Behavioral-Cloning-P3/dataCW/IMG/center_2017_09_04_12_11_06_652.jpg,/Users/ggcstaff/CarND-Term1-Starter-Kit/CarND-Behavioral-Cloning-P3/dataCW/IMG/left_2017_09_04_12_11_06_652.jpg,/Users/ggcstaff/CarND-Term1-Starter-Kit/CarND-Behavioral-Cloning-P3/dataCW/IMG/right_2017_09_04_12_11_06_652.jpg,-0.2389814,0.08646601,0,14.65049
/Users/ggcstaff/CarND-Term1-Starter-Kit/CarND-Behavioral-Cloning-P3/dataCW/IMG/center_2017_09_04_12_11_06_720.jpg,/Users/ggcstaff/CarND-Term1-Starter-Kit/CarND-Behavioral-Cloning-P3/dataCW/IMG/left_2017_09_04_12_11_06_720.jpg,/Users/ggcstaff/CarND-Term1-Starter-Kit/CarND-Behavioral-Cloning-P3/dataCW/IMG/right_2017_09_04_12_11_06_720.jpg,-0.2389814,0,0,15.13012
/Users/ggcstaff/CarND-Term1-Starter-Kit/CarND-Behavioral-Cloning-P3/dataCW/IMG/center_2017_09_04_12_11_06_793.jpg,/Users/ggcstaff/CarND-Term1-Starter-Kit/CarND-Behavioral-Cloning-P3/dataCW/IMG/left_2017_09_04_12_11_06_793.jpg,/Users/ggcstaff/CarND-Term1-Starter-Kit/CarND-Behavioral-Cloning-P3/dataCW/IMG/right_2017_09_04_12_11_06_793.jpg,-0.2389814,0,0,15.02828
/Users/ggcstaff/CarND-Term1-Starter-Kit/CarND-Behavioral-Cloning-P3/dataCW/IMG/center_2017_09_04_12_11_06_863.jpg,/Users/ggcstaff/CarND-Term1-Starter-Kit/CarND-Behavioral-Cloning-P3/dataCW/IMG/left_2017_09_04_12_11_06_863.jpg,/Users/ggcstaff/CarND-Term1-Starter-Kit/CarND-Behavioral-Cloning-P3/dataCW/IMG/right_2017_09_04_12_11_06_863.jpg,-0.2389814,0,0,14.44444
/Users/ggcstaff/CarND-Term1-Starter-Kit/CarND-Behavioral-Cloning-P3/dataCW/IMG/center_2017_09_04_12_11_06_931.jpg,/Users/ggcstaff/CarND-Term1-Starter-Kit/CarND-Behavioral-Cloning-P3/dataCW/IMG/left_2017_09_04_12_11_06_931.jpg,/Users/ggcstaff/CarND-Term1-Starter-Kit/CarND-Behavioral-Cloning-P3/dataCW/IMG/right_2017_09_04_12_11_06_931.jpg,-0.2389814,0,0,14.30208
/Users/ggcstaff/CarND-Term1-Starter-Kit/CarND-Behavioral-Cloning-P3/dataCW/IMG/center_2017_09_04_12_11_06_999.jpg,/Users/ggcstaff/CarND-Term1-Starter-Kit/CarND-Behavioral-Cloning-P3/dataCW/IMG/left_2017_09_04_12_11_06_999.jpg,/Users/ggcstaff/CarND-Term1-Starter-Kit/CarND-Behavioral-Cloning-P3/dataCW/IMG/right_2017_09_04_12_11_06_999.jpg,-0.2389814,0,0,14.71455
/Users/ggcstaff/CarND-Term1-Starter-Kit/CarND-Behavioral-Cloning-P3/dataCW/IMG/center_2017_09_04_12_11_07_067.jpg,/Users/ggcstaff/CarND-Term1-Starter-Kit/CarND-Behavioral-Cloning-P3/dataCW/IMG/left_2017_09_04_12_11_07_067.jpg,/Users/ggcstaff/CarND-Term1-Starter-Kit/CarND-Behavioral-Cloning-P3/dataCW/IMG/right_2017_09_04_12_11_07_067.jpg,-0.2389814,0,0,14.09752
/Users/ggcstaff/CarND-Term1-Starter-Kit/CarND-Behavioral-Cloning-P3/dataCW/IMG/center_2017_09_04_12_11_07_139.jpg,/Users/ggcstaff/CarND-Term1-Starter-Kit/CarND-Behavioral-Cloning-P3/dataCW/IMG/left_2017_09_04_12_11_07_139.jpg,/Users/ggcstaff/CarND-Term1-Starter-Kit/CarND-Behavioral-Cloning-P3/dataCW/IMG/right_2017_09_04_12_11_07_139.jpg,-0.2389814,0,0,14.03692
/Users/ggcstaff/CarND-Term1-Starter-Kit/CarND-Behavioral-Cloning-P3/dataCW/IMG/center_2017_09_04_12_11_07_250.jpg,/Users/ggcstaff/CarND-Term1-Starter-Kit/CarND-Behavioral-Cloning-P3/dataCW/IMG/left_2017_09_04_12_11_07_250.jpg,/Users/ggcstaff/CarND-Term1-Starter-Kit/CarND-Behavioral-Cloning-P3/dataCW/IMG/right_2017_09_04_12_11_07_250.jpg,-0.2389814,0,0,13.85425
/Users/ggcstaff/CarND-Term1-Starter-Kit/CarND-Behavioral-Cloning-P3/dataCW/IMG/center_2017_09_04_12_11_07_321.jpg,/Users/ggcstaff/CarND-Term1-Starter-Kit/CarND-Behavioral-Cloning-P3/dataCW/IMG/left_2017_09_04_12_11_07_321.jpg,/Users/ggcstaff/CarND-Term1-Starter-Kit/CarND-Behavioral-Cloning-P3/dataCW/IMG/right_2017_09_04_12_11_07_321.jpg,-0.2389814,0,0,14.27329
/Users/ggcstaff/CarND-Term1-Starter-Kit/CarND-Behavioral-Cloning-P3/dataCW/IMG/center_2017_09_04_12_11_07_391.jpg,/Users/ggcstaff/CarND-Term1-Starter-Kit/CarND-Behavioral-Cloning-P3/dataCW/IMG/left_2017_09_04_12_11_07_391.jpg,/Users/ggcstaff/CarND-Term1-Starter-Kit/CarND-Behavioral-Cloning-P3/dataCW/IMG/right_2017_09_04_12_11_07_391.jpg,-0.2389814,0,0,14.15271
/Users/ggcstaff/CarND-Term1-Starter-Kit/CarND-Behavioral-Cloning-P3/dataCW/IMG/center_2017_09_04_12_11_07_460.jpg,/Users/ggcstaff/CarND-Term1-Starter-Kit/CarND-Behavioral-Cloning-P3/dataCW/IMG/left_2017_09_04_12_11_07_460.jpg,/Users/ggcstaff/CarND-Term1-Starter-Kit/CarND-Behavioral-Cloning-P3/dataCW/IMG/right_2017_09_04_12_11_07_460.jpg,-0.2389814,0,0,13.58808
/Users/ggcstaff/CarND-Term1-Starter-Kit/CarND-Behavioral-Cloning-P3/dataCW/IMG/center_2017_09_04_12_11_07_534.jpg,/Users/ggcstaff/CarND-Term1-Starter-Kit/CarND-Behavioral-Cloning-P3/dataCW/IMG/left_2017_09_04_12_11_07_534.jpg,/Users/ggcstaff/CarND-Term1-Starter-Kit/CarND-Behavioral-Cloning-P3/dataCW/IMG/right_2017_09_04_12_11_07_534.jpg,-0.2389814,0,0,13.37729
/Users/ggcstaff/CarND-Term1-Starter-Kit/CarND-Behavioral-Cloning-P3/dataCW/IMG/center_2017_09_04_12_11_07_609.jpg,/Users/ggcstaff/CarND-Term1-Starter-Kit/CarND-Behavioral-Cloning-P3/dataCW/IMG/left_2017_09_04_12_11_07_609.jpg,/Users/ggcstaff/CarND-Term1-Starter-Kit/CarND-Behavioral-Cloning-P3/dataCW/IMG/right_2017_09_04_12_11_07_609.jpg,-0.2389814,0.2242171,0,13.39202
/Users/ggcstaff/CarND-Term1-Starter-Kit/CarND-Behavioral-Cloning-P3/dataCW/IMG/center_2017_09_04_12_11_07_679.jpg,/Users/ggcstaff/CarND-Term1-Starter-Kit/CarND-Behavioral-Cloning-P3/dataCW/IMG/left_2017_09_04_12_11_07_679.jpg,/Users/ggcstaff/CarND-Term1-Starter-Kit/CarND-Behavioral-Cloning-P3/dataCW/IMG/right_2017_09_04_12_11_07_679.jpg,-0.2389814,0.1437542,0,13.92869
/Users/ggcstaff/CarND-Term1-Starter-Kit/CarND-Behavioral-Cloning-P3/dataCW/IMG/center_2017_09_04_12_11_07_751.jpg,/Users/ggcstaff/CarND-Term1-Starter-Kit/CarND-Behavioral-Cloning-P3/dataCW/IMG/left_2017_09_04_12_11_07_751.jpg,/Users/ggcstaff/CarND-Term1-Starter-Kit/CarND-Behavioral-Cloning-P3/dataCW/IMG/right_2017_09_04_12_11_07_751.jpg,-0.2389814,0,0,13.95763
/Users/ggcstaff/CarND-Term1-Starter-Kit/CarND-Behavioral-Cloning-P3/dataCW/IMG/center_2017_09_04_12_11_07_820.jpg,/Users/ggcstaff/CarND-Term1-Starter-Kit/CarND-Behavioral-Cloning-P3/dataCW/IMG/left_2017_09_04_12_11_07_820.jpg,/Users/ggcstaff/CarND-Term1-Starter-Kit/CarND-Behavioral-Cloning-P3/dataCW/IMG/right_2017_09_04_12_11_07_820.jpg,-0.2389814,0,0,13.34403
/Users/ggcstaff/CarND-Term1-Starter-Kit/CarND-Behavioral-Cloning-P3/dataCW/IMG/center_2017_09_04_12_11_07_890.jpg,/Users/ggcstaff/CarND-Term1-Starter-Kit/CarND-Behavioral-Cloning-P3/dataCW/IMG/left_2017_09_04_12_11_07_890.jpg,/Users/ggcstaff/CarND-Term1-Starter-Kit/CarND-Behavioral-Cloning-P3/dataCW/IMG/right_2017_09_04_12_11_07_890.jpg,-0.2389814,0,0,13.17288
/Users/ggcstaff/CarND-Term1-Starter-Kit/CarND-Behavioral-Cloning-P3/dataCW/IMG/center_2017_09_04_12_11_07_967.jpg,/Users/ggcstaff/CarND-Term1-Starter-Kit/CarND-Behavioral-Cloning-P3/dataCW/IMG/left_2017_09_04_12_11_07_967.jpg,/Users/ggcstaff/CarND-Term1-Starter-Kit/CarND-Behavioral-Cloning-P3/dataCW/IMG/right_2017_09_04_12_11_07_967.jpg,-0.2389814,0,0,13.66317
/Users/ggcstaff/CarND-Term1-Starter-Kit/CarND-Behavioral-Cloning-P3/dataCW/IMG/center_2017_09_04_12_11_08_035.jpg,/Users/ggcstaff/CarND-Term1-Starter-Kit/CarND-Behavioral-Cloning-P3/dataCW/IMG/left_2017_09_04_12_11_08_035.jpg,/Users/ggcstaff/CarND-Term1-Starter-Kit/CarND-Behavioral-Cloning-P3/dataCW/IMG/right_2017_09_04_12_11_08_035.jpg,-0.2389814,0,0,13.5495
/Users/ggcstaff/CarND-Term1-Starter-Kit/CarND-Behavioral-Cloning-P3/dataCW/IMG/center_2017_09_04_12_11_08_104.jpg,/Users/ggcstaff/CarND-Term1-Starter-Kit/CarND-Behavioral-Cloning-P3/dataCW/IMG/left_2017_09_04_12_11_08_104.jpg,/Users/ggcstaff/CarND-Term1-Starter-Kit/CarND-Behavioral-Cloning-P3/dataCW/IMG/right_2017_09_04_12_11_08_104.jpg,-0.2389814,0,0,12.96671
/Users/ggcstaff/CarND-Term1-Starter-Kit/CarND-Behavioral-Cloning-P3/dataCW/IMG/center_2017_09_04_12_11_08_184.jpg,/Users/ggcstaff/CarND-Term1-Starter-Kit/CarND-Behavioral-Cloning-P3/dataCW/IMG/left_2017_09_04_12_11_08_184.jpg,/Users/ggcstaff/CarND-Term1-Starter-Kit/CarND-Behavioral-Cloning-P3/dataCW/IMG/right_2017_09_04_12_11_08_184.jpg,-0.2389814,0,0,12.7733
/Users/ggcstaff/CarND-Term1-Starter-Kit/CarND-Behavioral-Cloning-P3/dataCW/IMG/center_2017_09_04_12_11_08_252.jpg,/Users/ggcstaff/CarND-Term1-Starter-Kit/CarND-Behavioral-Cloning-P3/dataCW/IMG/left_2017_09_04_12_11_08_252.jpg,/Users/ggcstaff/CarND-Term1-Starter-Kit/CarND-Behavioral-Cloning-P3/dataCW/IMG/right_2017_09_04_12_11_08_252.jpg,-0.2389814,0,0,12.66463
/Users/ggcstaff/CarND-Term1-Starter-Kit/CarND-Behavioral-Cloning-P3/dataCW/IMG/center_2017_09_04_12_11_08_342.jpg,/Users/ggcstaff/CarND-Term1-Starter-Kit/CarND-Behavioral-Cloning-P3/dataCW/IMG/left_2017_09_04_12_11_08_342.jpg,/Users/ggcstaff/CarND-Term1-Starter-Kit/CarND-Behavioral-Cloning-P3/dataCW/IMG/right_2017_09_04_12_11_08_342.jpg,-0.2389814,0,0,12.55724
/Users/ggcstaff/CarND-Term1-Starter-Kit/CarND-Behavioral-Cloning-P3/dataCW/IMG/center_2017_09_04_12_11_08_416.jpg,/Users/ggcstaff/CarND-Term1-Starter-Kit/CarND-Behavioral-Cloning-P3/dataCW/IMG/left_2017_09_04_12_11_08_416.jpg,/Users/ggcstaff/CarND-Term1-Starter-Kit/CarND-Behavioral-Cloning-P3/dataCW/IMG/right_2017_09_04_12_11_08_416.jpg,-0.2389814,0,0,12.45052
/Users/ggcstaff/CarND-Term1-Starter-Kit/CarND-Behavioral-Cloning-P3/dataCW/IMG/center_2017_09_04_12_11_08_494.jpg,/Users/ggcstaff/CarND-Term1-Starter-Kit/CarND-Behavioral-Cloning-P3/dataCW/IMG/left_2017_09_04_12_11_08_494.jpg,/Users/ggcstaff/CarND-Term1-Starter-Kit/CarND-Behavioral-Cloning-P3/dataCW/IMG/right_2017_09_04_12_11_08_494.jpg,-0.2389814,0,0,12.34777
/Users/ggcstaff/CarND-Term1-Starter-Kit/CarND-Behavioral-Cloning-P3/dataCW/IMG/center_2017_09_04_12_11_08_575.jpg,/Users/ggcstaff/CarND-Term1-Starter-Kit/CarND-Behavioral-Cloning-P3/dataCW/IMG/left_2017_09_04_12_11_08_575.jpg,/Users/ggcstaff/CarND-Term1-Starter-Kit/CarND-Behavioral-Cloning-P3/dataCW/IMG/right_2017_09_04_12_11_08_575.jpg,-0.2389814,0.1213651,0,12.26227
/Users/ggcstaff/CarND-Term1-Starter-Kit/CarND-Behavioral-Cloning-P3/dataCW/IMG/center_2017_09_04_12_11_08_644.jpg,/Users/ggcstaff/CarND-Term1-Starter-Kit/CarND-Behavioral-Cloning-P3/dataCW/IMG/left_2017_09_04_12_11_08_644.jpg,/Users/ggcstaff/CarND-Term1-Starter-Kit/CarND-Behavioral-Cloning-P3/dataCW/IMG/right_2017_09_04_12_11_08_644.jpg,-0.2389814,0.2938741,0,12.90372
/Users/ggcstaff/CarND-Term1-Starter-Kit/CarND-Behavioral-Cloning-P3/dataCW/IMG/center_2017_09_04_12_11_08_712.jpg,/Users/ggcstaff/CarND-Term1-Starter-Kit/CarND-Behavioral-Cloning-P3/dataCW/IMG/left_2017_09_04_12_11_08_712.jpg,/Users/ggcstaff/CarND-Term1-Starter-Kit/CarND-Behavioral-Cloning-P3/dataCW/IMG/right_2017_09_04_12_11_08_712.jpg,-0.2389814,0.1219649,0,13.02022
/Users/ggcstaff/CarND-Term1-Starter-Kit/CarND-Behavioral-Cloning-P3/dataCW/IMG/center_2017_09_04_12_11_08_787.jpg,/Users/ggcstaff/CarND-Term1-Starter-Kit/CarND-Behavioral-Cloning-P3/dataCW/IMG/left_2017_09_04_12_11_08_787.jpg,/Users/ggcstaff/CarND-Term1-Starter-Kit/CarND-Behavioral-Cloning-P3/dataCW/IMG/right_2017_09_04_12_11_08_787.jpg,-0.2389814,0,0,12.53294
/Users/ggcstaff/CarND-Term1-Starter-Kit/CarND-Behavioral-Cloning-P3/dataCW/IMG/center_2017_09_04_12_11_08_863.jpg,/Users/ggcstaff/CarND-Term1-Starter-Kit/CarND-Behavioral-Cloning-P3/dataCW/IMG/left_2017_09_04_12_11_08_863.jpg,/Users/ggcstaff/CarND-Term1-Starter-Kit/CarND-Behavioral-Cloning-P3/dataCW/IMG/right_2017_09_04_12_11_08_863.jpg,-0.2389814,0,0,12.35962
/Users/ggcstaff/CarND-Term1-Starter-Kit/CarND-Behavioral-Cloning-P3/dataCW/IMG/center_2017_09_04_12_11_08_931.jpg,/Users/ggcstaff/CarND-Term1-Starter-Kit/CarND-Behavioral-Cloning-P3/dataCW/IMG/left_2017_09_04_12_11_08_931.jpg,/Users/ggcstaff/CarND-Term1-Starter-Kit/CarND-Behavioral-Cloning-P3/dataCW/IMG/right_2017_09_04_12_11_08_931.jpg,-0.2389814,0,0,12.23944
/Users/ggcstaff/CarND-Term1-Starter-Kit/CarND-Behavioral-Cloning-P3/dataCW/IMG/center_2017_09_04_12_11_09_004.jpg,/Users/ggcstaff/CarND-Term1-Starter-Kit/CarND-Behavioral-Cloning-P3/dataCW/IMG/left_2017_09_04_12_11_09_004.jpg,/Users/ggcstaff/CarND-Term1-Starter-Kit/CarND-Behavioral-Cloning-P3/dataCW/IMG/right_2017_09_04_12_11_09_004.jpg,-0.2389814,0,0,12.70849
/Users/ggcstaff/CarND-Term1-Starter-Kit/CarND-Behavioral-Cloning-P3/dataCW/IMG/center_2017_09_04_12_11_09_073.jpg,/Users/ggcstaff/CarND-Term1-Starter-Kit/CarND-Behavioral-Cloning-P3/dataCW/IMG/left_2017_09_04_12_11_09_073.jpg,/Users/ggcstaff/CarND-Term1-Starter-Kit/CarND-Behavioral-Cloning-P3/dataCW/IMG/right_2017_09_04_12_11_09_073.jpg,-0.2576282,0,0,12.60547
/Users/ggcstaff/CarND-Term1-Starter-Kit/CarND-Behavioral-Cloning-P3/dataCW/IMG/center_2017_09_04_12_11_09_146.jpg,/Users/ggcstaff/CarND-Term1-Starter-Kit/CarND-Behavioral-Cloning-P3/dataCW/IMG/left_2017_09_04_12_11_09_146.jpg,/Users/ggcstaff/CarND-Term1-Starter-Kit/CarND-Behavioral-Cloning-P3/dataCW/IMG/right_2017_09_04_12_11_09_146.jpg,-0.2708948,0,0,12.00202
/Users/ggcstaff/CarND-Term1-Starter-Kit/CarND-Behavioral-Cloning-P3/dataCW/IMG/center_2017_09_04_12_11_09_217.jpg,/Users/ggcstaff/CarND-Term1-Starter-Kit/CarND-Behavioral-Cloning-P3/dataCW/IMG/left_2017_09_04_12_11_09_217.jpg,/Users/ggcstaff/CarND-Term1-Starter-Kit/CarND-Behavioral-Cloning-P3/dataCW/IMG/right_2017_09_04_12_11_09_217.jpg,-0.2708948,0,0,11.90607
/Users/ggcstaff/CarND-Term1-Starter-Kit/CarND-Behavioral-Cloning-P3/dataCW/IMG/center_2017_09_04_12_11_09_285.jpg,/Users/ggcstaff/CarND-Term1-Starter-Kit/CarND-Behavioral-Cloning-P3/dataCW/IMG/left_2017_09_04_12_11_09_285.jpg,/Users/ggcstaff/CarND-Term1-Starter-Kit/CarND-Behavioral-Cloning-P3/dataCW/IMG/right_2017_09_04_12_11_09_285.jpg,-0.2708948,0,0,12.34879
/Users/ggcstaff/CarND-Term1-Starter-Kit/CarND-Behavioral-Cloning-P3/dataCW/IMG/center_2017_09_04_12_11_09_359.jpg,/Users/ggcstaff/CarND-Term1-Starter-Kit/CarND-Behavioral-Cloning-P3/dataCW/IMG/left_2017_09_04_12_11_09_359.jpg,/Users/ggcstaff/CarND-Term1-Starter-Kit/CarND-Behavioral-Cloning-P3/dataCW/IMG/right_2017_09_04_12_11_09_359.jpg,-0.2708948,0,0,12.24593
/Users/ggcstaff/CarND-Term1-Starter-Kit/CarND-Behavioral-Cloning-P3/dataCW/IMG/center_2017_09_04_12_11_09_431.jpg,/Users/ggcstaff/CarND-Term1-Starter-Kit/CarND-Behavioral-Cloning-P3/dataCW/IMG/left_2017_09_04_12_11_09_431.jpg,/Users/ggcstaff/CarND-Term1-Starter-Kit/CarND-Behavioral-Cloning-P3/dataCW/IMG/right_2017_09_04_12_11_09_431.jpg,-0.2708948,0,0,12.14748
/Users/ggcstaff/CarND-Term1-Starter-Kit/CarND-Behavioral-Cloning-P3/dataCW/IMG/center_2017_09_04_12_11_09_503.jpg,/Users/ggcstaff/CarND-Term1-Starter-Kit/CarND-Behavioral-Cloning-P3/dataCW/IMG/left_2017_09_04_12_11_09_503.jpg,/Users/ggcstaff/CarND-Term1-Starter-Kit/CarND-Behavioral-Cloning-P3/dataCW/IMG/right_2017_09_04_12_11_09_503.jpg,-0.2708948,0,0,11.52956
/Users/ggcstaff/CarND-Term1-Starter-Kit/CarND-Behavioral-Cloning-P3/dataCW/IMG/center_2017_09_04_12_11_09_573.jpg,/Users/ggcstaff/CarND-Term1-Starter-Kit/CarND-Behavioral-Cloning-P3/dataCW/IMG/left_2017_09_04_12_11_09_573.jpg,/Users/ggcstaff/CarND-Term1-Starter-Kit/CarND-Behavioral-Cloning-P3/dataCW/IMG/right_2017_09_04_12_11_09_573.jpg,-0.2708948,0,0,11.45128
/Users/ggcstaff/CarND-Term1-Starter-Kit/CarND-Behavioral-Cloning-P3/dataCW/IMG/center_2017_09_04_12_11_09_642.jpg,/Users/ggcstaff/CarND-Term1-Starter-Kit/CarND-Behavioral-Cloning-P3/dataCW/IMG/left_2017_09_04_12_11_09_642.jpg,/Users/ggcstaff/CarND-Term1-Starter-Kit/CarND-Behavioral-Cloning-P3/dataCW/IMG/right_2017_09_04_12_11_09_642.jpg,-0.2742114,0,0,11.91068
/Users/ggcstaff/CarND-Term1-Starter-Kit/CarND-Behavioral-Cloning-P3/dataCW/IMG/center_2017_09_04_12_11_09_711.jpg,/Users/ggcstaff/CarND-Term1-Starter-Kit/CarND-Behavioral-Cloning-P3/dataCW/IMG/left_2017_09_04_12_11_09_711.jpg,/Users/ggcstaff/CarND-Term1-Starter-Kit/CarND-Behavioral-Cloning-P3/dataCW/IMG/right_2017_09_04_12_11_09_711.jpg,-0.2974278,0,0,11.80605
/Users/ggcstaff/CarND-Term1-Starter-Kit/CarND-Behavioral-Cloning-P3/dataCW/IMG/center_2017_09_04_12_11_09_781.jpg,/Users/ggcstaff/CarND-Term1-Starter-Kit/CarND-Behavioral-Cloning-P3/dataCW/IMG/left_2017_09_04_12_11_09_781.jpg,/Users/ggcstaff/CarND-Term1-Starter-Kit/CarND-Behavioral-Cloning-P3/dataCW/IMG/right_2017_09_04_12_11_09_781.jpg,-0.3106943,0,0,11.20157
/Users/ggcstaff/CarND-Term1-Starter-Kit/CarND-Behavioral-Cloning-P3/dataCW/IMG/center_2017_09_04_12_11_09_850.jpg,/Users/ggcstaff/CarND-Term1-Starter-Kit/CarND-Behavioral-Cloning-P3/dataCW/IMG/left_2017_09_04_12_11_09_850.jpg,/Users/ggcstaff/CarND-Term1-Starter-Kit/CarND-Behavioral-Cloning-P3/dataCW/IMG/right_2017_09_04_12_11_09_850.jpg,-0.3206442,0,0,11.67985
/Users/ggcstaff/CarND-Term1-Starter-Kit/CarND-Behavioral-Cloning-P3/dataCW/IMG/center_2017_09_04_12_11_09_921.jpg,/Users/ggcstaff/CarND-Term1-Starter-Kit/CarND-Behavioral-Cloning-P3/dataCW/IMG/left_2017_09_04_12_11_09_921.jpg,/Users/ggcstaff/CarND-Term1-Starter-Kit/CarND-Behavioral-Cloning-P3/dataCW/IMG/right_2017_09_04_12_11_09_921.jpg,-0.3206442,0,0,11.24451
/Users/ggcstaff/CarND-Term1-Starter-Kit/CarND-Behavioral-Cloning-P3/dataCW/IMG/center_2017_09_04_12_11_09_991.jpg,/Users/ggcstaff/CarND-Term1-Starter-Kit/CarND-Behavioral-Cloning-P3/dataCW/IMG/left_2017_09_04_12_11_09_991.jpg,/Users/ggcstaff/CarND-Term1-Starter-Kit/CarND-Behavioral-Cloning-P3/dataCW/IMG/right_2017_09_04_12_11_09_991.jpg,-0.3206442,0,0,11.3265
/Users/ggcstaff/CarND-Term1-Starter-Kit/CarND-Behavioral-Cloning-P3/dataCW/IMG/center_2017_09_04_12_11_10_061.jpg,/Users/ggcstaff/CarND-Term1-Starter-Kit/CarND-Behavioral-Cloning-P3/dataCW/IMG/left_2017_09_04_12_11_10_061.jpg,/Users/ggcstaff/CarND-Term1-Starter-Kit/CarND-Behavioral-Cloning-P3/dataCW/IMG/right_2017_09_04_12_11_10_061.jpg,-0.3206442,0.05862612,0,11.22999
/Users/ggcstaff/CarND-Term1-Starter-Kit/CarND-Behavioral-Cloning-P3/dataCW/IMG/center_2017_09_04_12_11_10_133.jpg,/Users/ggcstaff/CarND-Term1-Starter-Kit/CarND-Behavioral-Cloning-P3/dataCW/IMG/left_2017_09_04_12_11_10_133.jpg,/Users/ggcstaff/CarND-Term1-Starter-Kit/CarND-Behavioral-Cloning-P3/dataCW/IMG/right_2017_09_04_12_11_10_133.jpg,-0.3206442,0.2730752,0,11.32071
/Users/ggcstaff/CarND-Term1-Starter-Kit/CarND-Behavioral-Cloning-P3/dataCW/IMG/center_2017_09_04_12_11_10_201.jpg,/Users/ggcstaff/CarND-Term1-Starter-Kit/CarND-Behavioral-Cloning-P3/dataCW/IMG/left_2017_09_04_12_11_10_201.jpg,/Users/ggcstaff/CarND-Term1-Starter-Kit/CarND-Behavioral-Cloning-P3/dataCW/IMG/right_2017_09_04_12_11_10_201.jpg,-0.3206442,0.08548826,0,11.31621
/Users/ggcstaff/CarND-Term1-Starter-Kit/CarND-Behavioral-Cloning-P3/dataCW/IMG/center_2017_09_04_12_11_10_269.jpg,/Users/ggcstaff/CarND-Term1-Starter-Kit/CarND-Behavioral-Cloning-P3/dataCW/IMG/left_2017_09_04_12_11_10_269.jpg,/Users/ggcstaff/CarND-Term1-Starter-Kit/CarND-Behavioral-Cloning-P3/dataCW/IMG/right_2017_09_04_12_11_10_269.jpg,-0.3206442,0,0,11.31773
/Users/ggcstaff/CarND-Term1-Starter-Kit/CarND-Behavioral-Cloning-P3/dataCW/IMG/center_2017_09_04_12_11_10_341.jpg,/Users/ggcstaff/CarND-Term1-Starter-Kit/CarND-Behavioral-Cloning-P3/dataCW/IMG/left_2017_09_04_12_11_10_341.jpg,/Users/ggcstaff/CarND-Term1-Starter-Kit/CarND-Behavioral-Cloning-P3/dataCW/IMG/right_2017_09_04_12_11_10_341.jpg,-0.3206442,0,0,11.22329
/Users/ggcstaff/CarND-Term1-Starter-Kit/CarND-Behavioral-Cloning-P3/dataCW/IMG/center_2017_09_04_12_11_10_410.jpg,/Users/ggcstaff/CarND-Term1-Starter-Kit/CarND-Behavioral-Cloning-P3/dataCW/IMG/left_2017_09_04_12_11_10_410.jpg,/Users/ggcstaff/CarND-Term1-Starter-Kit/CarND-Behavioral-Cloning-P3/dataCW/IMG/right_2017_09_04_12_11_10_410.jpg,-0.3206442,0,0,11.12792
/Users/ggcstaff/CarND-Term1-Starter-Kit/CarND-Behavioral-Cloning-P3/dataCW/IMG/center_2017_09_04_12_11_10_486.jpg,/Users/ggcstaff/CarND-Term1-Starter-Kit/CarND-Behavioral-Cloning-P3/dataCW/IMG/left_2017_09_04_12_11_10_486.jpg,/Users/ggcstaff/CarND-Term1-Starter-Kit/CarND-Behavioral-Cloning-P3/dataCW/IMG/right_2017_09_04_12_11_10_486.jpg,-0.3206442,0,0,11.06018
/Users/ggcstaff/CarND-Term1-Starter-Kit/CarND-Behavioral-Cloning-P3/dataCW/IMG/center_2017_09_04_12_11_10_561.jpg,/Users/ggcstaff/CarND-Term1-Starter-Kit/CarND-Behavioral-Cloning-P3/dataCW/IMG/left_2017_09_04_12_11_10_561.jpg,/Users/ggcstaff/CarND-Term1-Starter-Kit/CarND-Behavioral-Cloning-P3/dataCW/IMG/right_2017_09_04_12_11_10_561.jpg,-0.3206442,0,0,10.97139
/Users/ggcstaff/CarND-Term1-Starter-Kit/CarND-Behavioral-Cloning-P3/dataCW/IMG/center_2017_09_04_12_11_10_637.jpg,/Users/ggcstaff/CarND-Term1-Starter-Kit/CarND-Behavioral-Cloning-P3/dataCW/IMG/left_2017_09_04_12_11_10_637.jpg,/Users/ggcstaff/CarND-Term1-Starter-Kit/CarND-Behavioral-Cloning-P3/dataCW/IMG/right_2017_09_04_12_11_10_637.jpg,-0.3206442,0,0,10.88303
/Users/ggcstaff/CarND-Term1-Starter-Kit/CarND-Behavioral-Cloning-P3/dataCW/IMG/center_2017_09_04_12_11_10_707.jpg,/Users/ggcstaff/CarND-Term1-Starter-Kit/CarND-Behavioral-Cloning-P3/dataCW/IMG/left_2017_09_04_12_11_10_707.jpg,/Users/ggcstaff/CarND-Term1-Starter-Kit/CarND-Behavioral-Cloning-P3/dataCW/IMG/right_2017_09_04_12_11_10_707.jpg,-0.3206442,0,0,10.81707
/Users/ggcstaff/CarND-Term1-Starter-Kit/CarND-Behavioral-Cloning-P3/dataCW/IMG/center_2017_09_04_12_11_10_779.jpg,/Users/ggcstaff/CarND-Term1-Starter-Kit/CarND-Behavioral-Cloning-P3/dataCW/IMG/left_2017_09_04_12_11_10_779.jpg,/Users/ggcstaff/CarND-Term1-Starter-Kit/CarND-Behavioral-Cloning-P3/dataCW/IMG/right_2017_09_04_12_11_10_779.jpg,-0.3075251,0,0,10.73019
/Users/ggcstaff/CarND-Term1-Starter-Kit/CarND-Behavioral-Cloning-P3/dataCW/IMG/center_2017_09_04_12_11_10_851.jpg,/Users/ggcstaff/CarND-Term1-Starter-Kit/CarND-Behavioral-Cloning-P3/dataCW/IMG/left_2017_09_04_12_11_10_851.jpg,/Users/ggcstaff/CarND-Term1-Starter-Kit/CarND-Behavioral-Cloning-P3/dataCW/IMG/right_2017_09_04_12_11_10_851.jpg,-0.2976857,0,0,10.6442
/Users/ggcstaff/CarND-Term1-Starter-Kit/CarND-Behavioral-Cloning-P3/dataCW/IMG/center_2017_09_04_12_11_10_923.jpg,/Users/ggcstaff/CarND-Term1-Starter-Kit/CarND-Behavioral-Cloning-P3/dataCW/IMG/left_2017_09_04_12_11_10_923.jpg,/Users/ggcstaff/CarND-Term1-Starter-Kit/CarND-Behavioral-Cloning-P3/dataCW/IMG/right_2017_09_04_12_11_10_923.jpg,-0.294406,0,0,10.57998
/Users/ggcstaff/CarND-Term1-Starter-Kit/CarND-Behavioral-Cloning-P3/dataCW/IMG/center_2017_09_04_12_11_10_990.jpg,/Users/ggcstaff/CarND-Term1-Starter-Kit/CarND-Behavioral-Cloning-P3/dataCW/IMG/left_2017_09_04_12_11_10_990.jpg,/Users/ggcstaff/CarND-Term1-Starter-Kit/CarND-Behavioral-Cloning-P3/dataCW/IMG/right_2017_09_04_12_11_10_990.jpg,-0.2780071,0,0,10.49498
/Users/ggcstaff/CarND-Term1-Starter-Kit/CarND-Behavioral-Cloning-P3/dataCW/IMG/center_2017_09_04_12_11_11_060.jpg,/Users/ggcstaff/CarND-Term1-Starter-Kit/CarND-Behavioral-Cloning-P3/dataCW/IMG/left_2017_09_04_12_11_11_060.jpg,/Users/ggcstaff/CarND-Term1-Starter-Kit/CarND-Behavioral-Cloning-P3/dataCW/IMG/right_2017_09_04_12_11_11_060.jpg,-0.2583284,0,0,10.43226
/Users/ggcstaff/CarND-Term1-Starter-Kit/CarND-Behavioral-Cloning-P3/dataCW/IMG/center_2017_09_04_12_11_11_135.jpg,/Users/ggcstaff/CarND-Term1-Starter-Kit/CarND-Behavioral-Cloning-P3/dataCW/IMG/left_2017_09_04_12_11_11_135.jpg,/Users/ggcstaff/CarND-Term1-Starter-Kit/CarND-Behavioral-Cloning-P3/dataCW/IMG/right_2017_09_04_12_11_11_135.jpg,-0.2288104,0,0,10.34969
/Users/ggcstaff/CarND-Term1-Starter-Kit/CarND-Behavioral-Cloning-P3/dataCW/IMG/center_2017_09_04_12_11_11_206.jpg,/Users/ggcstaff/CarND-Term1-Starter-Kit/CarND-Behavioral-Cloning-P3/dataCW/IMG/left_2017_09_04_12_11_11_206.jpg,/Users/ggcstaff/CarND-Term1-Starter-Kit/CarND-Behavioral-Cloning-P3/dataCW/IMG/right_2017_09_04_12_11_11_206.jpg,-0.2124116,0,0,10.28867
/Users/ggcstaff/CarND-Term1-Starter-Kit/CarND-Behavioral-Cloning-P3/dataCW/IMG/center_2017_09_04_12_11_11_278.jpg,/Users/ggcstaff/CarND-Term1-Starter-Kit/CarND-Behavioral-Cloning-P3/dataCW/IMG/left_2017_09_04_12_11_11_278.jpg,/Users/ggcstaff/CarND-Term1-Starter-Kit/CarND-Behavioral-Cloning-P3/dataCW/IMG/right_2017_09_04_12_11_11_278.jpg,-0.1828936,0,0,10.20783
/Users/ggcstaff/CarND-Term1-Starter-Kit/CarND-Behavioral-Cloning-P3/dataCW/IMG/center_2017_09_04_12_11_11_346.jpg,/Users/ggcstaff/CarND-Term1-Starter-Kit/CarND-Behavioral-Cloning-P3/dataCW/IMG/left_2017_09_04_12_11_11_346.jpg,/Users/ggcstaff/CarND-Term1-Starter-Kit/CarND-Behavioral-Cloning-P3/dataCW/IMG/right_2017_09_04_12_11_11_346.jpg,-0.1664947,0,0,10.14707
/Users/ggcstaff/CarND-Term1-Starter-Kit/CarND-Behavioral-Cloning-P3/dataCW/IMG/center_2017_09_04_12_11_11_413.jpg,/Users/ggcstaff/CarND-Term1-Starter-Kit/CarND-Behavioral-Cloning-P3/dataCW/IMG/left_2017_09_04_12_11_11_413.jpg,/Users/ggcstaff/CarND-Term1-Starter-Kit/CarND-Behavioral-Cloning-P3/dataCW/IMG/right_2017_09_04_12_11_11_413.jpg,-0.1348762,0,0,10.06643
/Users/ggcstaff/CarND-Term1-Starter-Kit/CarND-Behavioral-Cloning-P3/dataCW/IMG/center_2017_09_04_12_11_11_481.jpg,/Users/ggcstaff/CarND-Term1-Starter-Kit/CarND-Behavioral-Cloning-P3/dataCW/IMG/left_2017_09_04_12_11_11_481.jpg,/Users/ggcstaff/CarND-Term1-Starter-Kit/CarND-Behavioral-Cloning-P3/dataCW/IMG/right_2017_09_04_12_11_11_481.jpg,-0.1151975,0,0,10.00618
/Users/ggcstaff/CarND-Term1-Starter-Kit/CarND-Behavioral-Cloning-P3/dataCW/IMG/center_2017_09_04_12_11_11_554.jpg,/Users/ggcstaff/CarND-Term1-Starter-Kit/CarND-Behavioral-Cloning-P3/dataCW/IMG/left_2017_09_04_12_11_11_554.jpg,/Users/ggcstaff/CarND-Term1-Starter-Kit/CarND-Behavioral-Cloning-P3/dataCW/IMG/right_2017_09_04_12_11_11_554.jpg,-0.1119178,0,0,9.925785
/Users/ggcstaff/CarND-Term1-Starter-Kit/CarND-Behavioral-Cloning-P3/dataCW/IMG/center_2017_09_04_12_11_11_627.jpg,/Users/ggcstaff/CarND-Term1-Starter-Kit/CarND-Behavioral-Cloning-P3/dataCW/IMG/left_2017_09_04_12_11_11_627.jpg,/Users/ggcstaff/CarND-Term1-Starter-Kit/CarND-Behavioral-Cloning-P3/dataCW/IMG/right_2017_09_04_12_11_11_627.jpg,-0.1119178,0,0,9.865503
/Users/ggcstaff/CarND-Term1-Starter-Kit/CarND-Behavioral-Cloning-P3/dataCW/IMG/center_2017_09_04_12_11_11_696.jpg,/Users/ggcstaff/CarND-Term1-Starter-Kit/CarND-Behavioral-Cloning-P3/dataCW/IMG/left_2017_09_04_12_11_11_696.jpg,/Users/ggcstaff/CarND-Term1-Starter-Kit/CarND-Behavioral-Cloning-P3/dataCW/IMG/right_2017_09_04_12_11_11_696.jpg,-0.08895931,0,0,9.78588
/Users/ggcstaff/CarND-Term1-Starter-Kit/CarND-Behavioral-Cloning-P3/dataCW/IMG/center_2017_09_04_12_11_11_771.jpg,/Users/ggcstaff/CarND-Term1-Starter-Kit/CarND-Behavioral-Cloning-P3/dataCW/IMG/left_2017_09_04_12_11_11_771.jpg,/Users/ggcstaff/CarND-Term1-Starter-Kit/CarND-Behavioral-Cloning-P3/dataCW/IMG/right_2017_09_04_12_11_11_771.jpg,-0.08239976,0,0,9.7068
/Users/ggcstaff/CarND-Term1-Starter-Kit/CarND-Behavioral-Cloning-P3/dataCW/IMG/center_2017_09_04_12_11_11_840.jpg,/Users/ggcstaff/CarND-Term1-Starter-Kit/CarND-Behavioral-Cloning-P3/dataCW/IMG/left_2017_09_04_12_11_11_840.jpg,/Users/ggcstaff/CarND-Term1-Starter-Kit/CarND-Behavioral-Cloning-P3/dataCW/IMG/right_2017_09_04_12_11_11_840.jpg,-0.07911999,0,0,9.648138
/Users/ggcstaff/CarND-Term1-Starter-Kit/CarND-Behavioral-Cloning-P3/dataCW/IMG/center_2017_09_04_12_11_11_912.jpg,/Users/ggcstaff/CarND-Term1-Starter-Kit/CarND-Behavioral-Cloning-P3/dataCW/IMG/left_2017_09_04_12_11_11_912.jpg,/Users/ggcstaff/CarND-Term1-Starter-Kit/CarND-Behavioral-Cloning-P3/dataCW/IMG/right_2017_09_04_12_11_11_912.jpg,-0.07911999,0,0,9.570462
/Users/ggcstaff/CarND-Term1-Starter-Kit/CarND-Behavioral-Cloning-P3/dataCW/IMG/center_2017_09_04_12_11_11_980.jpg,/Users/ggcstaff/CarND-Term1-Starter-Kit/CarND-Behavioral-Cloning-P3/dataCW/IMG/left_2017_09_04_12_11_11_980.jpg,/Users/ggcstaff/CarND-Term1-Starter-Kit/CarND-Behavioral-Cloning-P3/dataCW/IMG/right_2017_09_04_12_11_11_980.jpg,-0.07911999,0,0,9.512519
/Users/ggcstaff/CarND-Term1-Starter-Kit/CarND-Behavioral-Cloning-P3/dataCW/IMG/center_2017_09_04_12_11_12_056.jpg,/Users/ggcstaff/CarND-Term1-Starter-Kit/CarND-Behavioral-Cloning-P3/dataCW/IMG/left_2017_09_04_12_11_12_056.jpg,/Users/ggcstaff/CarND-Term1-Starter-Kit/CarND-Behavioral-Cloning-P3/dataCW/IMG/right_2017_09_04_12_11_12_056.jpg,-0.07911999,0,0,9.435721
/Users/ggcstaff/CarND-Term1-Starter-Kit/CarND-Behavioral-Cloning-P3/dataCW/IMG/center_2017_09_04_12_11_12_126.jpg,/Users/ggcstaff/CarND-Term1-Starter-Kit/CarND-Behavioral-Cloning-P3/dataCW/IMG/left_2017_09_04_12_11_12_126.jpg,/Users/ggcstaff/CarND-Term1-Starter-Kit/CarND-Behavioral-Cloning-P3/dataCW/IMG/right_2017_09_04_12_11_12_126.jpg,-0.07911999,0.105597,0,9.408042
/Users/ggcstaff/CarND-Term1-Starter-Kit/CarND-Behavioral-Cloning-P3/dataCW/IMG/center_2017_09_04_12_11_12_194.jpg,/Users/ggcstaff/CarND-Term1-Starter-Kit/CarND-Behavioral-Cloning-P3/dataCW/IMG/left_2017_09_04_12_11_12_194.jpg,/Users/ggcstaff/CarND-Term1-Starter-Kit/CarND-Behavioral-Cloning-P3/dataCW/IMG/right_2017_09_04_12_11_12_194.jpg,-0.07911999,0.338829,0,9.56814
/Users/ggcstaff/CarND-Term1-Starter-Kit/CarND-Behavioral-Cloning-P3/dataCW/IMG/center_2017_09_04_12_11_12_265.jpg,/Users/ggcstaff/CarND-Term1-Starter-Kit/CarND-Behavioral-Cloning-P3/dataCW/IMG/left_2017_09_04_12_11_12_265.jpg,/Users/ggcstaff/CarND-Term1-Starter-Kit/CarND-Behavioral-Cloning-P3/dataCW/IMG/right_2017_09_04_12_11_12_265.jpg,-0.07911999,0.388584,0,9.803889
/Users/ggcstaff/CarND-Term1-Starter-Kit/CarND-Behavioral-Cloning-P3/dataCW/IMG/center_2017_09_04_12_11_12_337.jpg,/Users/ggcstaff/CarND-Term1-Starter-Kit/CarND-Behavioral-Cloning-P3/dataCW/IMG/left_2017_09_04_12_11_12_337.jpg,/Users/ggcstaff/CarND-Term1-Starter-Kit/CarND-Behavioral-Cloning-P3/dataCW/IMG/right_2017_09_04_12_11_12_337.jpg,-0.07911999,0.139563,0,9.97191
/Users/ggcstaff/CarND-Term1-Starter-Kit/CarND-Behavioral-Cloning-P3/dataCW/IMG/center_2017_09_04_12_11_12_410.jpg,/Users/ggcstaff/CarND-Term1-Starter-Kit/CarND-Behavioral-Cloning-P3/dataCW/IMG/left_2017_09_04_12_11_12_410.jpg,/Users/ggcstaff/CarND-Term1-Starter-Kit/CarND-Behavioral-Cloning-P3/dataCW/IMG/right_2017_09_04_12_11_12_410.jpg,-0.07911999,0,0,9.923262
/Users/ggcstaff/CarND-Term1-Starter-Kit/CarND-Behavioral-Cloning-P3/dataCW/IMG/center_2017_09_04_12_11_12_481.jpg,/Users/ggcstaff/CarND-Term1-Starter-Kit/CarND-Behavioral-Cloning-P3/dataCW/IMG/left_2017_09_04_12_11_12_481.jpg,/Users/ggcstaff/CarND-Term1-Starter-Kit/CarND-Behavioral-Cloning-P3/dataCW/IMG/right_2017_09_04_12_11_12_481.jpg,-0.07911999,0,0,9.862864
/Users/ggcstaff/CarND-Term1-Starter-Kit/CarND-Behavioral-Cloning-P3/dataCW/IMG/center_2017_09_04_12_11_12_582.jpg,/Users/ggcstaff/CarND-Term1-Starter-Kit/CarND-Behavioral-Cloning-P3/dataCW/IMG/left_2017_09_04_12_11_12_582.jpg,/Users/ggcstaff/CarND-Term1-Starter-Kit/CarND-Behavioral-Cloning-P3/dataCW/IMG/right_2017_09_04_12_11_12_582.jpg,-0.0704599,0,0,9.763068
/Users/ggcstaff/CarND-Term1-Starter-Kit/CarND-Behavioral-Cloning-P3/dataCW/IMG/center_2017_09_04_12_11_12_653.jpg,/Users/ggcstaff/CarND-Term1-Starter-Kit/CarND-Behavioral-Cloning-P3/dataCW/IMG/left_2017_09_04_12_11_12_653.jpg,/Users/ggcstaff/CarND-Term1-Starter-Kit/CarND-Behavioral-Cloning-P3/dataCW/IMG/right_2017_09_04_12_11_12_653.jpg,-0.06062058,0,0,9.684251
/Users/ggcstaff/CarND-Term1-Starter-Kit/CarND-Behavioral-Cloning-P3/dataCW/IMG/center_2017_09_04_12_11_12_723.jpg,/Users/ggcstaff/CarND-Term1-Starter-Kit/CarND-Behavioral-Cloning-P3/dataCW/IMG/left_2017_09_04_12_11_12_723.jpg,/Users/ggcstaff/CarND-Term1-Starter-Kit/CarND-Behavioral-Cloning-P3/dataCW/IMG/right_2017_09_04_12_11_12_723.jpg,-0.06062058,0,0,9.625925
/Users/ggcstaff/CarND-Term1-Starter-Kit/CarND-Behavioral-Cloning-P3/dataCW/IMG/center_2017_09_04_12_11_12_796.jpg,/Users/ggcstaff/CarND-Term1-Starter-Kit/CarND-Behavioral-Cloning-P3/dataCW/IMG/left_2017_09_04_12_11_12_796.jpg,/Users/ggcstaff/CarND-Term1-Starter-Kit/CarND-Behavioral-Cloning-P3/dataCW/IMG/right_2017_09_04_12_11_12_796.jpg,-0.06062058,0.06179702,0,9.558584
/Users/ggcstaff/CarND-Term1-Starter-Kit/CarND-Behavioral-Cloning-P3/dataCW/IMG/center_2017_09_04_12_11_12_872.jpg,/Users/ggcstaff/CarND-Term1-Starter-Kit/CarND-Behavioral-Cloning-P3/dataCW/IMG/left_2017_09_04_12_11_12_872.jpg,/Users/ggcstaff/CarND-Term1-Starter-Kit/CarND-Behavioral-Cloning-P3/dataCW/IMG/right_2017_09_04_12_11_12_872.jpg,-0.06062058,0.3109381,0,9.681107
/Users/ggcstaff/CarND-Term1-Starter-Kit/CarND-Behavioral-Cloning-P3/dataCW/IMG/center_2017_09_04_12_11_12_942.jpg,/Users/ggcstaff/CarND-Term1-Starter-Kit/CarND-Behavioral-Cloning-P3/dataCW/IMG/left_2017_09_04_12_11_12_942.jpg,/Users/ggcstaff/CarND-Term1-Starter-Kit/CarND-Behavioral-Cloning-P3/dataCW/IMG/right_2017_09_04_12_11_12_942.jpg,-0.06062058,0.5009281,0,9.929662
/Users/ggcstaff/CarND-Term1-Starter-Kit/CarND-Behavioral-Cloning-P3/dataCW/IMG/center_2017_09_04_12_11_13_012.jpg,/Users/ggcstaff/CarND-Term1-Starter-Kit/CarND-Behavioral-Cloning-P3/dataCW/IMG/left_2017_09_04_12_11_13_012.jpg,/Users/ggcstaff/CarND-Term1-Starter-Kit/CarND-Behavioral-Cloning-P3/dataCW/IMG/right_2017_09_04_12_11_13_012.jpg,-0.06062058,0.3112199,0,10.24859
/Users/ggcstaff/CarND-Term1-Starter-Kit/CarND-Behavioral-Cloning-P3/dataCW/IMG/center_2017_09_04_12_11_13_087.jpg,/Users/ggcstaff/CarND-Term1-Starter-Kit/CarND-Behavioral-Cloning-P3/dataCW/IMG/left_2017_09_04_12_11_13_087.jpg,/Users/ggcstaff/CarND-Term1-Starter-Kit/CarND-Behavioral-Cloning-P3/dataCW/IMG/right_2017_09_04_12_11_13_087.jpg,-0.06062058,0.1259608,0,10.33932
/Users/ggcstaff/CarND-Term1-Starter-Kit/CarND-Behavioral-Cloning-P3/dataCW/IMG/center_2017_09_04_12_11_13_157.jpg,/Users/ggcstaff/CarND-Term1-Starter-Kit/CarND-Behavioral-Cloning-P3/dataCW/IMG/left_2017_09_04_12_11_13_157.jpg,/Users/ggcstaff/CarND-Term1-Starter-Kit/CarND-Behavioral-Cloning-P3/dataCW/IMG/right_2017_09_04_12_11_13_157.jpg,-0.06062058,0,0,10.2831
/Users/ggcstaff/CarND-Term1-Starter-Kit/CarND-Behavioral-Cloning-P3/dataCW/IMG/center_2017_09_04_12_11_13_225.jpg,/Users/ggcstaff/CarND-Term1-Starter-Kit/CarND-Behavioral-Cloning-P3/dataCW/IMG/left_2017_09_04_12_11_13_225.jpg,/Users/ggcstaff/CarND-Term1-Starter-Kit/CarND-Behavioral-Cloning-P3/dataCW/IMG/right_2017_09_04_12_11_13_225.jpg,-0.06062058,0,0,10.22078
/Users/ggcstaff/CarND-Term1-Starter-Kit/CarND-Behavioral-Cloning-P3/dataCW/IMG/center_2017_09_04_12_11_13_294.jpg,/Users/ggcstaff/CarND-Term1-Starter-Kit/CarND-Behavioral-Cloning-P3/dataCW/IMG/left_2017_09_04_12_11_13_294.jpg,/Users/ggcstaff/CarND-Term1-Starter-Kit/CarND-Behavioral-Cloning-P3/dataCW/IMG/right_2017_09_04_12_11_13_294.jpg,-0.06062058,0.100863,0,10.16646
/Users/ggcstaff/CarND-Term1-Starter-Kit/CarND-Behavioral-Cloning-P3/dataCW/IMG/center_2017_09_04_12_11_13_368.jpg,/Users/ggcstaff/CarND-Term1-Starter-Kit/CarND-Behavioral-Cloning-P3/dataCW/IMG/left_2017_09_04_12_11_13_368.jpg,/Users/ggcstaff/CarND-Term1-Starter-Kit/CarND-Behavioral-Cloning-P3/dataCW/IMG/right_2017_09_04_12_11_13_368.jpg,-0.06062058,0.267801,0,10.24438
/Users/ggcstaff/CarND-Term1-Starter-Kit/CarND-Behavioral-Cloning-P3/dataCW/IMG/center_2017_09_04_12_11_13_436.jpg,/Users/ggcstaff/CarND-Term1-Starter-Kit/CarND-Behavioral-Cloning-P3/dataCW/IMG/left_2017_09_04_12_11_13_436.jpg,/Users/ggcstaff/CarND-Term1-Starter-Kit/CarND-Behavioral-Cloning-P3/dataCW/IMG/right_2017_09_04_12_11_13_436.jpg,-0.06062058,0.514713,0,10.55285
/Users/ggcstaff/CarND-Term1-Starter-Kit/CarND-Behavioral-Cloning-P3/dataCW/IMG/center_2017_09_04_12_11_13_508.jpg,/Users/ggcstaff/CarND-Term1-Starter-Kit/CarND-Behavioral-Cloning-P3/dataCW/IMG/left_2017_09_04_12_11_13_508.jpg,/Users/ggcstaff/CarND-Term1-Starter-Kit/CarND-Behavioral-Cloning-P3/dataCW/IMG/right_2017_09_04_12_11_13_508.jpg,-0.06062058,0.7092181,0,10.93548
/Users/ggcstaff/CarND-Term1-Starter-Kit/CarND-Behavioral-Cloning-P3/dataCW/IMG/center_2017_09_04_12_11_13_577.jpg,/Users/ggcstaff/CarND-Term1-Starter-Kit/CarND-Behavioral-Cloning-P3/dataCW/IMG/left_2017_09_04_12_11_13_577.jpg,/Users/ggcstaff/CarND-Term1-Starter-Kit/CarND-Behavioral-Cloning-P3/dataCW/IMG/right_2017_09_04_12_11_13_577.jpg,-0.04094192,0.9359221,0,11.51525
/Users/ggcstaff/CarND-Term1-Starter-Kit/CarND-Behavioral-Cloning-P3/dataCW/IMG/center_2017_09_04_12_11_13_646.jpg,/Users/ggcstaff/CarND-Term1-Starter-Kit/CarND-Behavioral-Cloning-P3/dataCW/IMG/left_2017_09_04_12_11_13_646.jpg,/Users/ggcstaff/CarND-Term1-Starter-Kit/CarND-Behavioral-Cloning-P3/dataCW/IMG/right_2017_09_04_12_11_13_646.jpg,-0.03766214,1,0,12.27765
/Users/ggcstaff/CarND-Term1-Starter-Kit/CarND-Behavioral-Cloning-P3/dataCW/IMG/center_2017_09_04_12_11_13_724.jpg,/Users/ggcstaff/CarND-Term1-Starter-Kit/CarND-Behavioral-Cloning-P3/dataCW/IMG/left_2017_09_04_12_11_13_724.jpg,/Users/ggcstaff/CarND-Term1-Starter-Kit/CarND-Behavioral-Cloning-P3/dataCW/IMG/right_2017_09_04_12_11_13_724.jpg,-0.03766214,1,0,13.29074
/Users/ggcstaff/CarND-Term1-Starter-Kit/CarND-Behavioral-Cloning-P3/dataCW/IMG/center_2017_09_04_12_11_13_802.jpg,/Users/ggcstaff/CarND-Term1-Starter-Kit/CarND-Behavioral-Cloning-P3/dataCW/IMG/left_2017_09_04_12_11_13_802.jpg,/Users/ggcstaff/CarND-Term1-Starter-Kit/CarND-Behavioral-Cloning-P3/dataCW/IMG/right_2017_09_04_12_11_13_802.jpg,-0.03438237,1,0,14.15668
/Users/ggcstaff/CarND-Term1-Starter-Kit/CarND-Behavioral-Cloning-P3/dataCW/IMG/center_2017_09_04_12_11_13_911.jpg,/Users/ggcstaff/CarND-Term1-Starter-Kit/CarND-Behavioral-Cloning-P3/dataCW/IMG/left_2017_09_04_12_11_13_911.jpg,/Users/ggcstaff/CarND-Term1-Starter-Kit/CarND-Behavioral-Cloning-P3/dataCW/IMG/right_2017_09_04_12_11_13_911.jpg,-0.03438237,1,0,14.99989
/Users/ggcstaff/CarND-Term1-Starter-Kit/CarND-Behavioral-Cloning-P3/dataCW/IMG/center_2017_09_04_12_11_13_969.jpg,/Users/ggcstaff/CarND-Term1-Starter-Kit/CarND-Behavioral-Cloning-P3/dataCW/IMG/left_2017_09_04_12_11_13_969.jpg,/Users/ggcstaff/CarND-Term1-Starter-Kit/CarND-Behavioral-Cloning-P3/dataCW/IMG/right_2017_09_04_12_11_13_969.jpg,-0.03438237,1,0,15.80023
/Users/ggcstaff/CarND-Term1-Starter-Kit/CarND-Behavioral-Cloning-P3/dataCW/IMG/center_2017_09_04_12_11_14_041.jpg,/Users/ggcstaff/CarND-Term1-Starter-Kit/CarND-Behavioral-Cloning-P3/dataCW/IMG/left_2017_09_04_12_11_14_041.jpg,/Users/ggcstaff/CarND-Term1-Starter-Kit/CarND-Behavioral-Cloning-P3/dataCW/IMG/right_2017_09_04_12_11_14_041.jpg,-0.02126327,1,0,16.68279
/Users/ggcstaff/CarND-Term1-Starter-Kit/CarND-Behavioral-Cloning-P3/dataCW/IMG/center_2017_09_04_12_11_14_114.jpg,/Users/ggcstaff/CarND-Term1-Starter-Kit/CarND-Behavioral-Cloning-P3/dataCW/IMG/left_2017_09_04_12_11_14_114.jpg,/Users/ggcstaff/CarND-Term1-Starter-Kit/CarND-Behavioral-Cloning-P3/dataCW/IMG/right_2017_09_04_12_11_14_114.jpg,-0.008144163,1,0,17.5081
/Users/ggcstaff/CarND-Term1-Starter-Kit/CarND-Behavioral-Cloning-P3/dataCW/IMG/center_2017_09_04_12_11_14_186.jpg,/Users/ggcstaff/CarND-Term1-Starter-Kit/CarND-Behavioral-Cloning-P3/dataCW/IMG/left_2017_09_04_12_11_14_186.jpg,/Users/ggcstaff/CarND-Term1-Starter-Kit/CarND-Behavioral-Cloning-P3/dataCW/IMG/right_2017_09_04_12_11_14_186.jpg,-0.008144163,1,0,17.93619
/Users/ggcstaff/CarND-Term1-Starter-Kit/CarND-Behavioral-Cloning-P3/dataCW/IMG/center_2017_09_04_12_11_14_259.jpg,/Users/ggcstaff/CarND-Term1-Starter-Kit/CarND-Behavioral-Cloning-P3/dataCW/IMG/left_2017_09_04_12_11_14_259.jpg,/Users/ggcstaff/CarND-Term1-Starter-Kit/CarND-Behavioral-Cloning-P3/dataCW/IMG/right_2017_09_04_12_11_14_259.jpg,-0.004864387,1,0,18.77859
/Users/ggcstaff/CarND-Term1-Starter-Kit/CarND-Behavioral-Cloning-P3/dataCW/IMG/center_2017_09_04_12_11_14_325.jpg,/Users/ggcstaff/CarND-Term1-Starter-Kit/CarND-Behavioral-Cloning-P3/dataCW/IMG/left_2017_09_04_12_11_14_325.jpg,/Users/ggcstaff/CarND-Term1-Starter-Kit/CarND-Behavioral-Cloning-P3/dataCW/IMG/right_2017_09_04_12_11_14_325.jpg,-0.004864387,1,0,19.53664
/Users/ggcstaff/CarND-Term1-Starter-Kit/CarND-Behavioral-Cloning-P3/dataCW/IMG/center_2017_09_04_12_11_14_394.jpg,/Users/ggcstaff/CarND-Term1-Starter-Kit/CarND-Behavioral-Cloning-P3/dataCW/IMG/left_2017_09_04_12_11_14_394.jpg,/Users/ggcstaff/CarND-Term1-Starter-Kit/CarND-Behavioral-Cloning-P3/dataCW/IMG/right_2017_09_04_12_11_14_394.jpg,0.03961527,1,0,20.33512
/Users/ggcstaff/CarND-Term1-Starter-Kit/CarND-Behavioral-Cloning-P3/dataCW/IMG/center_2017_09_04_12_11_14_470.jpg,/Users/ggcstaff/CarND-Term1-Starter-Kit/CarND-Behavioral-Cloning-P3/dataCW/IMG/left_2017_09_04_12_11_14_470.jpg,/Users/ggcstaff/CarND-Term1-Starter-Kit/CarND-Behavioral-Cloning-P3/dataCW/IMG/right_2017_09_04_12_11_14_470.jpg,0.03961527,1,0,21.12743
/Users/ggcstaff/CarND-Term1-Starter-Kit/CarND-Behavioral-Cloning-P3/dataCW/IMG/center_2017_09_04_12_11_14_543.jpg,/Users/ggcstaff/CarND-Term1-Starter-Kit/CarND-Behavioral-Cloning-P3/dataCW/IMG/left_2017_09_04_12_11_14_543.jpg,/Users/ggcstaff/CarND-Term1-Starter-Kit/CarND-Behavioral-Cloning-P3/dataCW/IMG/right_2017_09_04_12_11_14_543.jpg,0.04289505,1,0,21.66236
/Users/ggcstaff/CarND-Term1-Starter-Kit/CarND-Behavioral-Cloning-P3/dataCW/IMG/center_2017_09_04_12_11_14_614.jpg,/Users/ggcstaff/CarND-Term1-Starter-Kit/CarND-Behavioral-Cloning-P3/dataCW/IMG/left_2017_09_04_12_11_14_614.jpg,/Users/ggcstaff/CarND-Term1-Starter-Kit/CarND-Behavioral-Cloning-P3/dataCW/IMG/right_2017_09_04_12_11_14_614.jpg,0.04289505,1,0,22.4688
/Users/ggcstaff/CarND-Term1-Starter-Kit/CarND-Behavioral-Cloning-P3/dataCW/IMG/center_2017_09_04_12_11_14_685.jpg,/Users/ggcstaff/CarND-Term1-Starter-Kit/CarND-Behavioral-Cloning-P3/dataCW/IMG/left_2017_09_04_12_11_14_685.jpg,/Users/ggcstaff/CarND-Term1-Starter-Kit/CarND-Behavioral-Cloning-P3/dataCW/IMG/right_2017_09_04_12_11_14_685.jpg,0.04289505,1,0,23.08476
/Users/ggcstaff/CarND-Term1-Starter-Kit/CarND-Behavioral-Cloning-P3/dataCW/IMG/center_2017_09_04_12_11_14_754.jpg,/Users/ggcstaff/CarND-Term1-Starter-Kit/CarND-Behavioral-Cloning-P3/dataCW/IMG/left_2017_09_04_12_11_14_754.jpg,/Users/ggcstaff/CarND-Term1-Starter-Kit/CarND-Behavioral-Cloning-P3/dataCW/IMG/right_2017_09_04_12_11_14_754.jpg,0.04289505,1,0,23.862
/Users/ggcstaff/CarND-Term1-Starter-Kit/CarND-Behavioral-Cloning-P3/dataCW/IMG/center_2017_09_04_12_11_14_826.jpg,/Users/ggcstaff/CarND-Term1-Starter-Kit/CarND-Behavioral-Cloning-P3/dataCW/IMG/left_2017_09_04_12_11_14_826.jpg,/Users/ggcstaff/CarND-Term1-Starter-Kit/CarND-Behavioral-Cloning-P3/dataCW/IMG/right_2017_09_04_12_11_14_826.jpg,0.04289505,1,0,24.44021
/Users/ggcstaff/CarND-Term1-Starter-Kit/CarND-Behavioral-Cloning-P3/dataCW/IMG/center_2017_09_04_12_11_14_907.jpg,/Users/ggcstaff/CarND-Term1-Starter-Kit/CarND-Behavioral-Cloning-P3/dataCW/IMG/left_2017_09_04_12_11_14_907.jpg,/Users/ggcstaff/CarND-Term1-Starter-Kit/CarND-Behavioral-Cloning-P3/dataCW/IMG/right_2017_09_04_12_11_14_907.jpg,0.01098172,0.981037,0,25.21317
/Users/ggcstaff/CarND-Term1-Starter-Kit/CarND-Behavioral-Cloning-P3/dataCW/IMG/center_2017_09_04_12_11_14_975.jpg,/Users/ggcstaff/CarND-Term1-Starter-Kit/CarND-Behavioral-Cloning-P3/dataCW/IMG/left_2017_09_04_12_11_14_975.jpg,/Users/ggcstaff/CarND-Term1-Starter-Kit/CarND-Behavioral-Cloning-P3/dataCW/IMG/right_2017_09_04_12_11_14_975.jpg,-0.008918042,0.7539281,0,25.84809
/Users/ggcstaff/CarND-Term1-Starter-Kit/CarND-Behavioral-Cloning-P3/dataCW/IMG/center_2017_09_04_12_11_15_046.jpg,/Users/ggcstaff/CarND-Term1-Starter-Kit/CarND-Behavioral-Cloning-P3/dataCW/IMG/left_2017_09_04_12_11_15_046.jpg,/Users/ggcstaff/CarND-Term1-Starter-Kit/CarND-Behavioral-Cloning-P3/dataCW/IMG/right_2017_09_04_12_11_15_046.jpg,-0.02881781,0.5658789,0,26.18225
/Users/ggcstaff/CarND-Term1-Starter-Kit/CarND-Behavioral-Cloning-P3/dataCW/IMG/center_2017_09_04_12_11_15_128.jpg,/Users/ggcstaff/CarND-Term1-Starter-Kit/CarND-Behavioral-Cloning-P3/dataCW/IMG/left_2017_09_04_12_11_15_128.jpg,/Users/ggcstaff/CarND-Term1-Starter-Kit/CarND-Behavioral-Cloning-P3/dataCW/IMG/right_2017_09_04_12_11_15_128.jpg,-0.04540094,0.2757279,0,26.37759
/Users/ggcstaff/CarND-Term1-Starter-Kit/CarND-Behavioral-Cloning-P3/dataCW/IMG/center_2017_09_04_12_11_15_201.jpg,/Users/ggcstaff/CarND-Term1-Starter-Kit/CarND-Behavioral-Cloning-P3/dataCW/IMG/left_2017_09_04_12_11_15_201.jpg,/Users/ggcstaff/CarND-Term1-Starter-Kit/CarND-Behavioral-Cloning-P3/dataCW/IMG/right_2017_09_04_12_11_15_201.jpg,-0.04871757,0.07669604,0,26.36272
/Users/ggcstaff/CarND-Term1-Starter-Kit/CarND-Behavioral-Cloning-P3/dataCW/IMG/center_2017_09_04_12_11_15_281.jpg,/Users/ggcstaff/CarND-Term1-Starter-Kit/CarND-Behavioral-Cloning-P3/dataCW/IMG/left_2017_09_04_12_11_15_281.jpg,/Users/ggcstaff/CarND-Term1-Starter-Kit/CarND-Behavioral-Cloning-P3/dataCW/IMG/right_2017_09_04_12_11_15_281.jpg,-0.05535083,0,0,26.15944
/Users/ggcstaff/CarND-Term1-Starter-Kit/CarND-Behavioral-Cloning-P3/dataCW/IMG/center_2017_09_04_12_11_15_354.jpg,/Users/ggcstaff/CarND-Term1-Starter-Kit/CarND-Behavioral-Cloning-P3/dataCW/IMG/left_2017_09_04_12_11_15_354.jpg,/Users/ggcstaff/CarND-Term1-Starter-Kit/CarND-Behavioral-Cloning-P3/dataCW/IMG/right_2017_09_04_12_11_15_354.jpg,-0.05866745,0,0,25.94828
/Users/ggcstaff/CarND-Term1-Starter-Kit/CarND-Behavioral-Cloning-P3/dataCW/IMG/center_2017_09_04_12_11_15_421.jpg,/Users/ggcstaff/CarND-Term1-Starter-Kit/CarND-Behavioral-Cloning-P3/dataCW/IMG/left_2017_09_04_12_11_15_421.jpg,/Users/ggcstaff/CarND-Term1-Starter-Kit/CarND-Behavioral-Cloning-P3/dataCW/IMG/right_2017_09_04_12_11_15_421.jpg,-0.06198408,0,0,25.79112
/Users/ggcstaff/CarND-Term1-Starter-Kit/CarND-Behavioral-Cloning-P3/dataCW/IMG/center_2017_09_04_12_11_15_489.jpg,/Users/ggcstaff/CarND-Term1-Starter-Kit/CarND-Behavioral-Cloning-P3/dataCW/IMG/left_2017_09_04_12_11_15_489.jpg,/Users/ggcstaff/CarND-Term1-Starter-Kit/CarND-Behavioral-Cloning-P3/dataCW/IMG/right_2017_09_04_12_11_15_489.jpg,-0.06198408,0,0,25.58312
/Users/ggcstaff/CarND-Term1-Starter-Kit/CarND-Behavioral-Cloning-P3/dataCW/IMG/center_2017_09_04_12_11_15_558.jpg,/Users/ggcstaff/CarND-Term1-Starter-Kit/CarND-Behavioral-Cloning-P3/dataCW/IMG/left_2017_09_04_12_11_15_558.jpg,/Users/ggcstaff/CarND-Term1-Starter-Kit/CarND-Behavioral-Cloning-P3/dataCW/IMG/right_2017_09_04_12_11_15_558.jpg,-0.06198408,0,0,25.42835
/Users/ggcstaff/CarND-Term1-Starter-Kit/CarND-Behavioral-Cloning-P3/dataCW/IMG/center_2017_09_04_12_11_15_629.jpg,/Users/ggcstaff/CarND-Term1-Starter-Kit/CarND-Behavioral-Cloning-P3/dataCW/IMG/left_2017_09_04_12_11_15_629.jpg,/Users/ggcstaff/CarND-Term1-Starter-Kit/CarND-Behavioral-Cloning-P3/dataCW/IMG/right_2017_09_04_12_11_15_629.jpg,-0.06198408,0,0,25.22355
/Users/ggcstaff/CarND-Term1-Starter-Kit/CarND-Behavioral-Cloning-P3/dataCW/IMG/center_2017_09_04_12_11_15_700.jpg,/Users/ggcstaff/CarND-Term1-Starter-Kit/CarND-Behavioral-Cloning-P3/dataCW/IMG/left_2017_09_04_12_11_15_700.jpg,/Users/ggcstaff/CarND-Term1-Starter-Kit/CarND-Behavioral-Cloning-P3/dataCW/IMG/right_2017_09_04_12_11_15_700.jpg,-0.06198408,0,0,25.07108
/Users/ggcstaff/CarND-Term1-Starter-Kit/CarND-Behavioral-Cloning-P3/dataCW/IMG/center_2017_09_04_12_11_15_767.jpg,/Users/ggcstaff/CarND-Term1-Starter-Kit/CarND-Behavioral-Cloning-P3/dataCW/IMG/left_2017_09_04_12_11_15_767.jpg,/Users/ggcstaff/CarND-Term1-Starter-Kit/CarND-Behavioral-Cloning-P3/dataCW/IMG/right_2017_09_04_12_11_15_767.jpg,-0.05542453,0,0,24.9197
/Users/ggcstaff/CarND-Term1-Starter-Kit/CarND-Behavioral-Cloning-P3/dataCW/IMG/center_2017_09_04_12_11_15_839.jpg,/Users/ggcstaff/CarND-Term1-Starter-Kit/CarND-Behavioral-Cloning-P3/dataCW/IMG/left_2017_09_04_12_11_15_839.jpg,/Users/ggcstaff/CarND-Term1-Starter-Kit/CarND-Behavioral-Cloning-P3/dataCW/IMG/right_2017_09_04_12_11_15_839.jpg,-0.04230542,0,0,24.71957
/Users/ggcstaff/CarND-Term1-Starter-Kit/CarND-Behavioral-Cloning-P3/dataCW/IMG/center_2017_09_04_12_11_15_910.jpg,/Users/ggcstaff/CarND-Term1-Starter-Kit/CarND-Behavioral-Cloning-P3/dataCW/IMG/left_2017_09_04_12_11_15_910.jpg,/Users/ggcstaff/CarND-Term1-Starter-Kit/CarND-Behavioral-Cloning-P3/dataCW/IMG/right_2017_09_04_12_11_15_910.jpg,-0.01606722,0,0,24.52108
/Users/ggcstaff/CarND-Term1-Starter-Kit/CarND-Behavioral-Cloning-P3/dataCW/IMG/center_2017_09_04_12_11_15_985.jpg,/Users/ggcstaff/CarND-Term1-Starter-Kit/CarND-Behavioral-Cloning-P3/dataCW/IMG/left_2017_09_04_12_11_15_985.jpg,/Users/ggcstaff/CarND-Term1-Starter-Kit/CarND-Behavioral-Cloning-P3/dataCW/IMG/right_2017_09_04_12_11_15_985.jpg,0.0003316627,0,0,24.37301
/Users/ggcstaff/CarND-Term1-Starter-Kit/CarND-Behavioral-Cloning-P3/dataCW/IMG/center_2017_09_04_12_11_16_053.jpg,/Users/ggcstaff/CarND-Term1-Starter-Kit/CarND-Behavioral-Cloning-P3/dataCW/IMG/left_2017_09_04_12_11_16_053.jpg,/Users/ggcstaff/CarND-Term1-Starter-Kit/CarND-Behavioral-Cloning-P3/dataCW/IMG/right_2017_09_04_12_11_16_053.jpg,0.02984965,0,0,24.17592
/Users/ggcstaff/CarND-Term1-Starter-Kit/CarND-Behavioral-Cloning-P3/dataCW/IMG/center_2017_09_04_12_11_16_126.jpg,/Users/ggcstaff/CarND-Term1-Starter-Kit/CarND-Behavioral-Cloning-P3/dataCW/IMG/left_2017_09_04_12_11_16_126.jpg,/Users/ggcstaff/CarND-Term1-Starter-Kit/CarND-Behavioral-Cloning-P3/dataCW/IMG/right_2017_09_04_12_11_16_126.jpg,0.04296875,0,0,24.02862
/Users/ggcstaff/CarND-Term1-Starter-Kit/CarND-Behavioral-Cloning-P3/dataCW/IMG/center_2017_09_04_12_11_16_199.jpg,/Users/ggcstaff/CarND-Term1-Starter-Kit/CarND-Behavioral-Cloning-P3/dataCW/IMG/left_2017_09_04_12_11_16_199.jpg,/Users/ggcstaff/CarND-Term1-Starter-Kit/CarND-Behavioral-Cloning-P3/dataCW/IMG/right_2017_09_04_12_11_16_199.jpg,0.0626474,0,0,23.83336
/Users/ggcstaff/CarND-Term1-Starter-Kit/CarND-Behavioral-Cloning-P3/dataCW/IMG/center_2017_09_04_12_11_16_269.jpg,/Users/ggcstaff/CarND-Term1-Starter-Kit/CarND-Behavioral-Cloning-P3/dataCW/IMG/left_2017_09_04_12_11_16_269.jpg,/Users/ggcstaff/CarND-Term1-Starter-Kit/CarND-Behavioral-Cloning-P3/dataCW/IMG/right_2017_09_04_12_11_16_269.jpg,0.07248674,0,0,23.63949
/Users/ggcstaff/CarND-Term1-Starter-Kit/CarND-Behavioral-Cloning-P3/dataCW/IMG/center_2017_09_04_12_11_16_337.jpg,/Users/ggcstaff/CarND-Term1-Starter-Kit/CarND-Behavioral-Cloning-P3/dataCW/IMG/left_2017_09_04_12_11_16_337.jpg,/Users/ggcstaff/CarND-Term1-Starter-Kit/CarND-Behavioral-Cloning-P3/dataCW/IMG/right_2017_09_04_12_11_16_337.jpg,0.07248674,0,0,23.49577
/Users/ggcstaff/CarND-Term1-Starter-Kit/CarND-Behavioral-Cloning-P3/dataCW/IMG/center_2017_09_04_12_11_16_407.jpg,/Users/ggcstaff/CarND-Term1-Starter-Kit/CarND-Behavioral-Cloning-P3/dataCW/IMG/left_2017_09_04_12_11_16_407.jpg,/Users/ggcstaff/CarND-Term1-Starter-Kit/CarND-Behavioral-Cloning-P3/dataCW/IMG/right_2017_09_04_12_11_16_407.jpg,0.07248674,0,0,23.35325
/Users/ggcstaff/CarND-Term1-Starter-Kit/CarND-Behavioral-Cloning-P3/dataCW/IMG/center_2017_09_04_12_11_16_489.jpg,/Users/ggcstaff/CarND-Term1-Starter-Kit/CarND-Behavioral-Cloning-P3/dataCW/IMG/left_2017_09_04_12_11_16_489.jpg,/Users/ggcstaff/CarND-Term1-Starter-Kit/CarND-Behavioral-Cloning-P3/dataCW/IMG/right_2017_09_04_12_11_16_489.jpg,0.07248674,0,0,23.11806
/Users/ggcstaff/CarND-Term1-Starter-Kit/CarND-Behavioral-Cloning-P3/dataCW/IMG/center_2017_09_04_12_11_16_571.jpg,/Users/ggcstaff/CarND-Term1-Starter-Kit/CarND-Behavioral-Cloning-P3/dataCW/IMG/left_2017_09_04_12_11_16_571.jpg,/Users/ggcstaff/CarND-Term1-Starter-Kit/CarND-Behavioral-Cloning-P3/dataCW/IMG/right_2017_09_04_12_11_16_571.jpg,0.05258697,0,0,22.93216
/Users/ggcstaff/CarND-Term1-Starter-Kit/CarND-Behavioral-Cloning-P3/dataCW/IMG/center_2017_09_04_12_11_16_639.jpg,/Users/ggcstaff/CarND-Term1-Starter-Kit/CarND-Behavioral-Cloning-P3/dataCW/IMG/left_2017_09_04_12_11_16_639.jpg,/Users/ggcstaff/CarND-Term1-Starter-Kit/CarND-Behavioral-Cloning-P3/dataCW/IMG/right_2017_09_04_12_11_16_639.jpg,0.03600383,0,0,22.79408
/Users/ggcstaff/CarND-Term1-Starter-Kit/CarND-Behavioral-Cloning-P3/dataCW/IMG/center_2017_09_04_12_11_16_707.jpg,/Users/ggcstaff/CarND-Term1-Starter-Kit/CarND-Behavioral-Cloning-P3/dataCW/IMG/left_2017_09_04_12_11_16_707.jpg,/Users/ggcstaff/CarND-Term1-Starter-Kit/CarND-Behavioral-Cloning-P3/dataCW/IMG/right_2017_09_04_12_11_16_707.jpg,0.02937058,0,0,22.65671
/Users/ggcstaff/CarND-Term1-Starter-Kit/CarND-Behavioral-Cloning-P3/dataCW/IMG/center_2017_09_04_12_11_16_780.jpg,/Users/ggcstaff/CarND-Term1-Starter-Kit/CarND-Behavioral-Cloning-P3/dataCW/IMG/left_2017_09_04_12_11_16_780.jpg,/Users/ggcstaff/CarND-Term1-Starter-Kit/CarND-Behavioral-Cloning-P3/dataCW/IMG/right_2017_09_04_12_11_16_780.jpg,0.02605395,0,0,22.47479
/Users/ggcstaff/CarND-Term1-Starter-Kit/CarND-Behavioral-Cloning-P3/dataCW/IMG/center_2017_09_04_12_11_16_859.jpg,/Users/ggcstaff/CarND-Term1-Starter-Kit/CarND-Behavioral-Cloning-P3/dataCW/IMG/left_2017_09_04_12_11_16_859.jpg,/Users/ggcstaff/CarND-Term1-Starter-Kit/CarND-Behavioral-Cloning-P3/dataCW/IMG/right_2017_09_04_12_11_16_859.jpg,0.02605395,0,0,22.29425
/Users/ggcstaff/CarND-Term1-Starter-Kit/CarND-Behavioral-Cloning-P3/dataCW/IMG/center_2017_09_04_12_11_16_932.jpg,/Users/ggcstaff/CarND-Term1-Starter-Kit/CarND-Behavioral-Cloning-P3/dataCW/IMG/left_2017_09_04_12_11_16_932.jpg,/Users/ggcstaff/CarND-Term1-Starter-Kit/CarND-Behavioral-Cloning-P3/dataCW/IMG/right_2017_09_04_12_11_16_932.jpg,0.02605395,0,0,22.11509
/Users/ggcstaff/CarND-Term1-Starter-Kit/CarND-Behavioral-Cloning-P3/dataCW/IMG/center_2017_09_04_12_11_16_999.jpg,/Users/ggcstaff/CarND-Term1-Starter-Kit/CarND-Behavioral-Cloning-P3/dataCW/IMG/left_2017_09_04_12_11_16_999.jpg,/Users/ggcstaff/CarND-Term1-Starter-Kit/CarND-Behavioral-Cloning-P3/dataCW/IMG/right_2017_09_04_12_11_16_999.jpg,0.01735702,0,0,21.98165
/Users/ggcstaff/CarND-Term1-Starter-Kit/CarND-Behavioral-Cloning-P3/dataCW/IMG/center_2017_09_04_12_11_17_084.jpg,/Users/ggcstaff/CarND-Term1-Starter-Kit/CarND-Behavioral-Cloning-P3/dataCW/IMG/left_2017_09_04_12_11_17_084.jpg,/Users/ggcstaff/CarND-Term1-Starter-Kit/CarND-Behavioral-Cloning-P3/dataCW/IMG/right_2017_09_04_12_11_17_084.jpg,0.01072376,0,0,21.80497
/Users/ggcstaff/CarND-Term1-Starter-Kit/CarND-Behavioral-Cloning-P3/dataCW/IMG/center_2017_09_04_12_11_17_152.jpg,/Users/ggcstaff/CarND-Term1-Starter-Kit/CarND-Behavioral-Cloning-P3/dataCW/IMG/left_2017_09_04_12_11_17_152.jpg,/Users/ggcstaff/CarND-Term1-Starter-Kit/CarND-Behavioral-Cloning-P3/dataCW/IMG/right_2017_09_04_12_11_17_152.jpg,0.01072376,0,0,21.62961
/Users/ggcstaff/CarND-Term1-Starter-Kit/CarND-Behavioral-Cloning-P3/dataCW/IMG/center_2017_09_04_12_11_17_225.jpg,/Users/ggcstaff/CarND-Term1-Starter-Kit/CarND-Behavioral-Cloning-P3/dataCW/IMG/left_2017_09_04_12_11_17_225.jpg,/Users/ggcstaff/CarND-Term1-Starter-Kit/CarND-Behavioral-Cloning-P3/dataCW/IMG/right_2017_09_04_12_11_17_225.jpg,0.01072376,0,0,21.49883
/Users/ggcstaff/CarND-Term1-Starter-Kit/CarND-Behavioral-Cloning-P3/dataCW/IMG/center_2017_09_04_12_11_17_348.jpg,/Users/ggcstaff/CarND-Term1-Starter-Kit/CarND-Behavioral-Cloning-P3/dataCW/IMG/left_2017_09_04_12_11_17_348.jpg,/Users/ggcstaff/CarND-Term1-Starter-Kit/CarND-Behavioral-Cloning-P3/dataCW/IMG/right_2017_09_04_12_11_17_348.jpg,0.01072376,0,0,21.19595
/Users/ggcstaff/CarND-Term1-Starter-Kit/CarND-Behavioral-Cloning-P3/dataCW/IMG/center_2017_09_04_12_11_17_421.jpg,/Users/ggcstaff/CarND-Term1-Starter-Kit/CarND-Behavioral-Cloning-P3/dataCW/IMG/left_2017_09_04_12_11_17_421.jpg,/Users/ggcstaff/CarND-Term1-Starter-Kit/CarND-Behavioral-Cloning-P3/dataCW/IMG/right_2017_09_04_12_11_17_421.jpg,0.01072376,0,0,21.06747
/Users/ggcstaff/CarND-Term1-Starter-Kit/CarND-Behavioral-Cloning-P3/dataCW/IMG/center_2017_09_04_12_11_17_491.jpg,/Users/ggcstaff/CarND-Term1-Starter-Kit/CarND-Behavioral-Cloning-P3/dataCW/IMG/left_2017_09_04_12_11_17_491.jpg,/Users/ggcstaff/CarND-Term1-Starter-Kit/CarND-Behavioral-Cloning-P3/dataCW/IMG/right_2017_09_04_12_11_17_491.jpg,0.01072376,0,0,20.89711
/Users/ggcstaff/CarND-Term1-Starter-Kit/CarND-Behavioral-Cloning-P3/dataCW/IMG/center_2017_09_04_12_11_17_567.jpg,/Users/ggcstaff/CarND-Term1-Starter-Kit/CarND-Behavioral-Cloning-P3/dataCW/IMG/left_2017_09_04_12_11_17_567.jpg,/Users/ggcstaff/CarND-Term1-Starter-Kit/CarND-Behavioral-Cloning-P3/dataCW/IMG/right_2017_09_04_12_11_17_567.jpg,0.01072376,0,0,20.77006
/Users/ggcstaff/CarND-Term1-Starter-Kit/CarND-Behavioral-Cloning-P3/dataCW/IMG/center_2017_09_04_12_11_17_635.jpg,/Users/ggcstaff/CarND-Term1-Starter-Kit/CarND-Behavioral-Cloning-P3/dataCW/IMG/left_2017_09_04_12_11_17_635.jpg,/Users/ggcstaff/CarND-Term1-Starter-Kit/CarND-Behavioral-Cloning-P3/dataCW/IMG/right_2017_09_04_12_11_17_635.jpg,0.01072376,0,0,20.60172
/Users/ggcstaff/CarND-Term1-Starter-Kit/CarND-Behavioral-Cloning-P3/dataCW/IMG/center_2017_09_04_12_11_17_719.jpg,/Users/ggcstaff/CarND-Term1-Starter-Kit/CarND-Behavioral-Cloning-P3/dataCW/IMG/left_2017_09_04_12_11_17_719.jpg,/Users/ggcstaff/CarND-Term1-Starter-Kit/CarND-Behavioral-Cloning-P3/dataCW/IMG/right_2017_09_04_12_11_17_719.jpg,0.01072376,0,0,20.43472
/Users/ggcstaff/CarND-Term1-Starter-Kit/CarND-Behavioral-Cloning-P3/dataCW/IMG/center_2017_09_04_12_11_17_789.jpg,/Users/ggcstaff/CarND-Term1-Starter-Kit/CarND-Behavioral-Cloning-P3/dataCW/IMG/left_2017_09_04_12_11_17_789.jpg,/Users/ggcstaff/CarND-Term1-Starter-Kit/CarND-Behavioral-Cloning-P3/dataCW/IMG/right_2017_09_04_12_11_17_789.jpg,0.01072376,0,0,20.26913
/Users/ggcstaff/CarND-Term1-Starter-Kit/CarND-Behavioral-Cloning-P3/dataCW/IMG/center_2017_09_04_12_11_17_858.jpg,/Users/ggcstaff/CarND-Term1-Starter-Kit/CarND-Behavioral-Cloning-P3/dataCW/IMG/left_2017_09_04_12_11_17_858.jpg,/Users/ggcstaff/CarND-Term1-Starter-Kit/CarND-Behavioral-Cloning-P3/dataCW/IMG/right_2017_09_04_12_11_17_858.jpg,0.01072376,0,0,20.14587
/Users/ggcstaff/CarND-Term1-Starter-Kit/CarND-Behavioral-Cloning-P3/dataCW/IMG/center_2017_09_04_12_11_17_938.jpg,/Users/ggcstaff/CarND-Term1-Starter-Kit/CarND-Behavioral-Cloning-P3/dataCW/IMG/left_2017_09_04_12_11_17_938.jpg,/Users/ggcstaff/CarND-Term1-Starter-Kit/CarND-Behavioral-Cloning-P3/dataCW/IMG/right_2017_09_04_12_11_17_938.jpg,0.01072376,0,0,19.98265
/Users/ggcstaff/CarND-Term1-Starter-Kit/CarND-Behavioral-Cloning-P3/dataCW/IMG/center_2017_09_04_12_11_18_011.jpg,/Users/ggcstaff/CarND-Term1-Starter-Kit/CarND-Behavioral-Cloning-P3/dataCW/IMG/left_2017_09_04_12_11_18_011.jpg,/Users/ggcstaff/CarND-Term1-Starter-Kit/CarND-Behavioral-Cloning-P3/dataCW/IMG/right_2017_09_04_12_11_18_011.jpg,0.01072376,0,0,19.82072
/Users/ggcstaff/CarND-Term1-Starter-Kit/CarND-Behavioral-Cloning-P3/dataCW/IMG/center_2017_09_04_12_11_18_079.jpg,/Users/ggcstaff/CarND-Term1-Starter-Kit/CarND-Behavioral-Cloning-P3/dataCW/IMG/left_2017_09_04_12_11_18_079.jpg,/Users/ggcstaff/CarND-Term1-Starter-Kit/CarND-Behavioral-Cloning-P3/dataCW/IMG/right_2017_09_04_12_11_18_079.jpg,0.01072376,0,0,19.70013
/Users/ggcstaff/CarND-Term1-Starter-Kit/CarND-Behavioral-Cloning-P3/dataCW/IMG/center_2017_09_04_12_11_18_164.jpg,/Users/ggcstaff/CarND-Term1-Starter-Kit/CarND-Behavioral-Cloning-P3/dataCW/IMG/left_2017_09_04_12_11_18_164.jpg,/Users/ggcstaff/CarND-Term1-Starter-Kit/CarND-Behavioral-Cloning-P3/dataCW/IMG/right_2017_09_04_12_11_18_164.jpg,0.01072376,0,0,19.54056
/Users/ggcstaff/CarND-Term1-Starter-Kit/CarND-Behavioral-Cloning-P3/dataCW/IMG/center_2017_09_04_12_11_18_249.jpg,/Users/ggcstaff/CarND-Term1-Starter-Kit/CarND-Behavioral-Cloning-P3/dataCW/IMG/left_2017_09_04_12_11_18_249.jpg,/Users/ggcstaff/CarND-Term1-Starter-Kit/CarND-Behavioral-Cloning-P3/dataCW/IMG/right_2017_09_04_12_11_18_249.jpg,0.01072376,0,0,19.34284
/Users/ggcstaff/CarND-Term1-Starter-Kit/CarND-Behavioral-Cloning-P3/dataCW/IMG/center_2017_09_04_12_11_18_317.jpg,/Users/ggcstaff/CarND-Term1-Starter-Kit/CarND-Behavioral-Cloning-P3/dataCW/IMG/left_2017_09_04_12_11_18_317.jpg,/Users/ggcstaff/CarND-Term1-Starter-Kit/CarND-Behavioral-Cloning-P3/dataCW/IMG/right_2017_09_04_12_11_18_317.jpg,0.01072376,0,0,19.22528
/Users/ggcstaff/CarND-Term1-Starter-Kit/CarND-Behavioral-Cloning-P3/dataCW/IMG/center_2017_09_04_12_11_18_388.jpg,/Users/ggcstaff/CarND-Term1-Starter-Kit/CarND-Behavioral-Cloning-P3/dataCW/IMG/left_2017_09_04_12_11_18_388.jpg,/Users/ggcstaff/CarND-Term1-Starter-Kit/CarND-Behavioral-Cloning-P3/dataCW/IMG/right_2017_09_04_12_11_18_388.jpg,-0.004606427,0,0,19.10818
/Users/ggcstaff/CarND-Term1-Starter-Kit/CarND-Behavioral-Cloning-P3/dataCW/IMG/center_2017_09_04_12_11_18_458.jpg,/Users/ggcstaff/CarND-Term1-Starter-Kit/CarND-Behavioral-Cloning-P3/dataCW/IMG/left_2017_09_04_12_11_18_458.jpg,/Users/ggcstaff/CarND-Term1-Starter-Kit/CarND-Behavioral-Cloning-P3/dataCW/IMG/right_2017_09_04_12_11_18_458.jpg,-0.02782282,0,0,18.95294
/Users/ggcstaff/CarND-Term1-Starter-Kit/CarND-Behavioral-Cloning-P3/dataCW/IMG/center_2017_09_04_12_11_18_533.jpg,/Users/ggcstaff/CarND-Term1-Starter-Kit/CarND-Behavioral-Cloning-P3/dataCW/IMG/left_2017_09_04_12_11_18_533.jpg,/Users/ggcstaff/CarND-Term1-Starter-Kit/CarND-Behavioral-Cloning-P3/dataCW/IMG/right_2017_09_04_12_11_18_533.jpg,-0.04108933,0,0,18.79861
/Users/ggcstaff/CarND-Term1-Starter-Kit/CarND-Behavioral-Cloning-P3/dataCW/IMG/center_2017_09_04_12_11_18_606.jpg,/Users/ggcstaff/CarND-Term1-Starter-Kit/CarND-Behavioral-Cloning-P3/dataCW/IMG/left_2017_09_04_12_11_18_606.jpg,/Users/ggcstaff/CarND-Term1-Starter-Kit/CarND-Behavioral-Cloning-P3/dataCW/IMG/right_2017_09_04_12_11_18_606.jpg,-0.04108933,0,0,18.68485
/Users/ggcstaff/CarND-Term1-Starter-Kit/CarND-Behavioral-Cloning-P3/dataCW/IMG/center_2017_09_04_12_11_18_676.jpg,/Users/ggcstaff/CarND-Term1-Starter-Kit/CarND-Behavioral-Cloning-P3/dataCW/IMG/left_2017_09_04_12_11_18_676.jpg,/Users/ggcstaff/CarND-Term1-Starter-Kit/CarND-Behavioral-Cloning-P3/dataCW/IMG/right_2017_09_04_12_11_18_676.jpg,-0.04108933,0,0,18.53419
/Users/ggcstaff/CarND-Term1-Starter-Kit/CarND-Behavioral-Cloning-P3/dataCW/IMG/center_2017_09_04_12_11_18_747.jpg,/Users/ggcstaff/CarND-Term1-Starter-Kit/CarND-Behavioral-Cloning-P3/dataCW/IMG/left_2017_09_04_12_11_18_747.jpg,/Users/ggcstaff/CarND-Term1-Starter-Kit/CarND-Behavioral-Cloning-P3/dataCW/IMG/right_2017_09_04_12_11_18_747.jpg,-0.04108933,0,0,18.41859
/Users/ggcstaff/CarND-Term1-Starter-Kit/CarND-Behavioral-Cloning-P3/dataCW/IMG/center_2017_09_04_12_11_18_829.jpg,/Users/ggcstaff/CarND-Term1-Starter-Kit/CarND-Behavioral-Cloning-P3/dataCW/IMG/left_2017_09_04_12_11_18_829.jpg,/Users/ggcstaff/CarND-Term1-Starter-Kit/CarND-Behavioral-Cloning-P3/dataCW/IMG/right_2017_09_04_12_11_18_829.jpg,-0.04108933,0,0,18.24132
/Users/ggcstaff/CarND-Term1-Starter-Kit/CarND-Behavioral-Cloning-P3/dataCW/IMG/center_2017_09_04_12_11_18_904.jpg,/Users/ggcstaff/CarND-Term1-Starter-Kit/CarND-Behavioral-Cloning-P3/dataCW/IMG/left_2017_09_04_12_11_18_904.jpg,/Users/ggcstaff/CarND-Term1-Starter-Kit/CarND-Behavioral-Cloning-P3/dataCW/IMG/right_2017_09_04_12_11_18_904.jpg,-0.04108933,0,0,18.10771
/Users/ggcstaff/CarND-Term1-Starter-Kit/CarND-Behavioral-Cloning-P3/dataCW/IMG/center_2017_09_04_12_11_18_972.jpg,/Users/ggcstaff/CarND-Term1-Starter-Kit/CarND-Behavioral-Cloning-P3/dataCW/IMG/left_2017_09_04_12_11_18_972.jpg,/Users/ggcstaff/CarND-Term1-Starter-Kit/CarND-Behavioral-Cloning-P3/dataCW/IMG/right_2017_09_04_12_11_18_972.jpg,-0.04108933,0,0,17.89228
/Users/ggcstaff/CarND-Term1-Starter-Kit/CarND-Behavioral-Cloning-P3/dataCW/IMG/center_2017_09_04_12_11_19_056.jpg,/Users/ggcstaff/CarND-Term1-Starter-Kit/CarND-Behavioral-Cloning-P3/dataCW/IMG/left_2017_09_04_12_11_19_056.jpg,/Users/ggcstaff/CarND-Term1-Starter-Kit/CarND-Behavioral-Cloning-P3/dataCW/IMG/right_2017_09_04_12_11_19_056.jpg,-0.02469045,0,0,17.62818
/Users/ggcstaff/CarND-Term1-Starter-Kit/CarND-Behavioral-Cloning-P3/dataCW/IMG/center_2017_09_04_12_11_19_124.jpg,/Users/ggcstaff/CarND-Term1-Starter-Kit/CarND-Behavioral-Cloning-P3/dataCW/IMG/left_2017_09_04_12_11_19_124.jpg,/Users/ggcstaff/CarND-Term1-Starter-Kit/CarND-Behavioral-Cloning-P3/dataCW/IMG/right_2017_09_04_12_11_19_124.jpg,-0.01485112,0,0,17.89727
/Users/ggcstaff/CarND-Term1-Starter-Kit/CarND-Behavioral-Cloning-P3/dataCW/IMG/center_2017_09_04_12_11_19_206.jpg,/Users/ggcstaff/CarND-Term1-Starter-Kit/CarND-Behavioral-Cloning-P3/dataCW/IMG/left_2017_09_04_12_11_19_206.jpg,/Users/ggcstaff/CarND-Term1-Starter-Kit/CarND-Behavioral-Cloning-P3/dataCW/IMG/right_2017_09_04_12_11_19_206.jpg,0.02122642,0,0,17.79412
/Users/ggcstaff/CarND-Term1-Starter-Kit/CarND-Behavioral-Cloning-P3/dataCW/IMG/center_2017_09_04_12_11_19_278.jpg,/Users/ggcstaff/CarND-Term1-Starter-Kit/CarND-Behavioral-Cloning-P3/dataCW/IMG/left_2017_09_04_12_11_19_278.jpg,/Users/ggcstaff/CarND-Term1-Starter-Kit/CarND-Behavioral-Cloning-P3/dataCW/IMG/right_2017_09_04_12_11_19_278.jpg,0.03106574,0,0,17.65724
/Users/ggcstaff/CarND-Term1-Starter-Kit/CarND-Behavioral-Cloning-P3/dataCW/IMG/center_2017_09_04_12_11_19_346.jpg,/Users/ggcstaff/CarND-Term1-Starter-Kit/CarND-Behavioral-Cloning-P3/dataCW/IMG/left_2017_09_04_12_11_19_346.jpg,/Users/ggcstaff/CarND-Term1-Starter-Kit/CarND-Behavioral-Cloning-P3/dataCW/IMG/right_2017_09_04_12_11_19_346.jpg,0.03434552,0,0,17.01982
/Users/ggcstaff/CarND-Term1-Starter-Kit/CarND-Behavioral-Cloning-P3/dataCW/IMG/center_2017_09_04_12_11_19_417.jpg,/Users/ggcstaff/CarND-Term1-Starter-Kit/CarND-Behavioral-Cloning-P3/dataCW/IMG/left_2017_09_04_12_11_19_417.jpg,/Users/ggcstaff/CarND-Term1-Starter-Kit/CarND-Behavioral-Cloning-P3/dataCW/IMG/right_2017_09_04_12_11_19_417.jpg,0.0507444,0,0,16.87695
/Users/ggcstaff/CarND-Term1-Starter-Kit/CarND-Behavioral-Cloning-P3/dataCW/IMG/center_2017_09_04_12_11_19_484.jpg,/Users/ggcstaff/CarND-Term1-Starter-Kit/CarND-Behavioral-Cloning-P3/dataCW/IMG/left_2017_09_04_12_11_19_484.jpg,/Users/ggcstaff/CarND-Term1-Starter-Kit/CarND-Behavioral-Cloning-P3/dataCW/IMG/right_2017_09_04_12_11_19_484.jpg,0.06058373,0,0,17.30733
/Users/ggcstaff/CarND-Term1-Starter-Kit/CarND-Behavioral-Cloning-P3/dataCW/IMG/center_2017_09_04_12_11_19_565.jpg,/Users/ggcstaff/CarND-Term1-Starter-Kit/CarND-Behavioral-Cloning-P3/dataCW/IMG/left_2017_09_04_12_11_19_565.jpg,/Users/ggcstaff/CarND-Term1-Starter-Kit/CarND-Behavioral-Cloning-P3/dataCW/IMG/right_2017_09_04_12_11_19_565.jpg,0.06058373,0,0,17.1698
/Users/ggcstaff/CarND-Term1-Starter-Kit/CarND-Behavioral-Cloning-P3/dataCW/IMG/center_2017_09_04_12_11_19_635.jpg,/Users/ggcstaff/CarND-Term1-Starter-Kit/CarND-Behavioral-Cloning-P3/dataCW/IMG/left_2017_09_04_12_11_19_635.jpg,/Users/ggcstaff/CarND-Term1-Starter-Kit/CarND-Behavioral-Cloning-P3/dataCW/IMG/right_2017_09_04_12_11_19_635.jpg,0.06058373,0.210594,0,17.06845
/Users/ggcstaff/CarND-Term1-Starter-Kit/CarND-Behavioral-Cloning-P3/dataCW/IMG/center_2017_09_04_12_11_19_702.jpg,/Users/ggcstaff/CarND-Term1-Starter-Kit/CarND-Behavioral-Cloning-P3/dataCW/IMG/left_2017_09_04_12_11_19_702.jpg,/Users/ggcstaff/CarND-Term1-Starter-Kit/CarND-Behavioral-Cloning-P3/dataCW/IMG/right_2017_09_04_12_11_19_702.jpg,0.06058373,0.1210442,0,16.63357
/Users/ggcstaff/CarND-Term1-Starter-Kit/CarND-Behavioral-Cloning-P3/dataCW/IMG/center_2017_09_04_12_11_19_770.jpg,/Users/ggcstaff/CarND-Term1-Starter-Kit/CarND-Behavioral-Cloning-P3/dataCW/IMG/left_2017_09_04_12_11_19_770.jpg,/Users/ggcstaff/CarND-Term1-Starter-Kit/CarND-Behavioral-Cloning-P3/dataCW/IMG/right_2017_09_04_12_11_19_770.jpg,0.06058373,0,0,16.50107
/Users/ggcstaff/CarND-Term1-Starter-Kit/CarND-Behavioral-Cloning-P3/dataCW/IMG/center_2017_09_04_12_11_19_838.jpg,/Users/ggcstaff/CarND-Term1-Starter-Kit/CarND-Behavioral-Cloning-P3/dataCW/IMG/left_2017_09_04_12_11_19_838.jpg,/Users/ggcstaff/CarND-Term1-Starter-Kit/CarND-Behavioral-Cloning-P3/dataCW/IMG/right_2017_09_04_12_11_19_838.jpg,0.06058373,0,0,16.94398
/Users/ggcstaff/CarND-Term1-Starter-Kit/CarND-Behavioral-Cloning-P3/dataCW/IMG/center_2017_09_04_12_11_19_909.jpg,/Users/ggcstaff/CarND-Term1-Starter-Kit/CarND-Behavioral-Cloning-P3/dataCW/IMG/left_2017_09_04_12_11_19_909.jpg,/Users/ggcstaff/CarND-Term1-Starter-Kit/CarND-Behavioral-Cloning-P3/dataCW/IMG/right_2017_09_04_12_11_19_909.jpg,0.06058373,0,0,16.81093
/Users/ggcstaff/CarND-Term1-Starter-Kit/CarND-Behavioral-Cloning-P3/dataCW/IMG/center_2017_09_04_12_11_19_977.jpg,/Users/ggcstaff/CarND-Term1-Starter-Kit/CarND-Behavioral-Cloning-P3/dataCW/IMG/left_2017_09_04_12_11_19_977.jpg,/Users/ggcstaff/CarND-Term1-Starter-Kit/CarND-Behavioral-Cloning-P3/dataCW/IMG/right_2017_09_04_12_11_19_977.jpg,0.06058373,0,0,16.16381
/Users/ggcstaff/CarND-Term1-Starter-Kit/CarND-Behavioral-Cloning-P3/dataCW/IMG/center_2017_09_04_12_11_20_052.jpg,/Users/ggcstaff/CarND-Term1-Starter-Kit/CarND-Behavioral-Cloning-P3/dataCW/IMG/left_2017_09_04_12_11_20_052.jpg,/Users/ggcstaff/CarND-Term1-Starter-Kit/CarND-Behavioral-Cloning-P3/dataCW/IMG/right_2017_09_04_12_11_20_052.jpg,0.06058373,0,0,16.03166
/Users/ggcstaff/CarND-Term1-Starter-Kit/CarND-Behavioral-Cloning-P3/dataCW/IMG/center_2017_09_04_12_11_20_132.jpg,/Users/ggcstaff/CarND-Term1-Starter-Kit/CarND-Behavioral-Cloning-P3/dataCW/IMG/left_2017_09_04_12_11_20_132.jpg,/Users/ggcstaff/CarND-Term1-Starter-Kit/CarND-Behavioral-Cloning-P3/dataCW/IMG/right_2017_09_04_12_11_20_132.jpg,0.06058373,0,0,15.90274
/Users/ggcstaff/CarND-Term1-Starter-Kit/CarND-Behavioral-Cloning-P3/dataCW/IMG/center_2017_09_04_12_11_20_201.jpg,/Users/ggcstaff/CarND-Term1-Starter-Kit/CarND-Behavioral-Cloning-P3/dataCW/IMG/left_2017_09_04_12_11_20_201.jpg,/Users/ggcstaff/CarND-Term1-Starter-Kit/CarND-Behavioral-Cloning-P3/dataCW/IMG/right_2017_09_04_12_11_20_201.jpg,0.06058373,0,0,16.35622
/Users/ggcstaff/CarND-Term1-Starter-Kit/CarND-Behavioral-Cloning-P3/dataCW/IMG/center_2017_09_04_12_11_20_273.jpg,/Users/ggcstaff/CarND-Term1-Starter-Kit/CarND-Behavioral-Cloning-P3/dataCW/IMG/left_2017_09_04_12_11_20_273.jpg,/Users/ggcstaff/CarND-Term1-Starter-Kit/CarND-Behavioral-Cloning-P3/dataCW/IMG/right_2017_09_04_12_11_20_273.jpg,0.02446934,0,0,16.23067
/Users/ggcstaff/CarND-Term1-Starter-Kit/CarND-Behavioral-Cloning-P3/dataCW/IMG/center_2017_09_04_12_11_20_341.jpg,/Users/ggcstaff/CarND-Term1-Starter-Kit/CarND-Behavioral-Cloning-P3/dataCW/IMG/left_2017_09_04_12_11_20_341.jpg,/Users/ggcstaff/CarND-Term1-Starter-Kit/CarND-Behavioral-Cloning-P3/dataCW/IMG/right_2017_09_04_12_11_20_341.jpg,0.001252948,0,0,15.59656
/Users/ggcstaff/CarND-Term1-Starter-Kit/CarND-Behavioral-Cloning-P3/dataCW/IMG/center_2017_09_04_12_11_20_421.jpg,/Users/ggcstaff/CarND-Term1-Starter-Kit/CarND-Behavioral-Cloning-P3/dataCW/IMG/left_2017_09_04_12_11_20_421.jpg,/Users/ggcstaff/CarND-Term1-Starter-Kit/CarND-Behavioral-Cloning-P3/dataCW/IMG/right_2017_09_04_12_11_20_421.jpg,-0.008696934,0,0,15.4735
/Users/ggcstaff/CarND-Term1-Starter-Kit/CarND-Behavioral-Cloning-P3/dataCW/IMG/center_2017_09_04_12_11_20_490.jpg,/Users/ggcstaff/CarND-Term1-Starter-Kit/CarND-Behavioral-Cloning-P3/dataCW/IMG/left_2017_09_04_12_11_20_490.jpg,/Users/ggcstaff/CarND-Term1-Starter-Kit/CarND-Behavioral-Cloning-P3/dataCW/IMG/right_2017_09_04_12_11_20_490.jpg,-0.008696934,0,0,15.35636
/Users/ggcstaff/CarND-Term1-Starter-Kit/CarND-Behavioral-Cloning-P3/dataCW/IMG/center_2017_09_04_12_11_20_573.jpg,/Users/ggcstaff/CarND-Term1-Starter-Kit/CarND-Behavioral-Cloning-P3/dataCW/IMG/left_2017_09_04_12_11_20_573.jpg,/Users/ggcstaff/CarND-Term1-Starter-Kit/CarND-Behavioral-Cloning-P3/dataCW/IMG/right_2017_09_04_12_11_20_573.jpg,-0.008696934,0,0,15.24043
/Users/ggcstaff/CarND-Term1-Starter-Kit/CarND-Behavioral-Cloning-P3/dataCW/IMG/center_2017_09_04_12_11_20_641.jpg,/Users/ggcstaff/CarND-Term1-Starter-Kit/CarND-Behavioral-Cloning-P3/dataCW/IMG/left_2017_09_04_12_11_20_641.jpg,/Users/ggcstaff/CarND-Term1-Starter-Kit/CarND-Behavioral-Cloning-P3/dataCW/IMG/right_2017_09_04_12_11_20_641.jpg,-0.008696934,0,0,15.67133
/Users/ggcstaff/CarND-Term1-Starter-Kit/CarND-Behavioral-Cloning-P3/dataCW/IMG/center_2017_09_04_12_11_20_720.jpg,/Users/ggcstaff/CarND-Term1-Starter-Kit/CarND-Behavioral-Cloning-P3/dataCW/IMG/left_2017_09_04_12_11_20_720.jpg,/Users/ggcstaff/CarND-Term1-Starter-Kit/CarND-Behavioral-Cloning-P3/dataCW/IMG/right_2017_09_04_12_11_20_720.jpg,-0.008696934,0,0,15.54721
/Users/ggcstaff/CarND-Term1-Starter-Kit/CarND-Behavioral-Cloning-P3/dataCW/IMG/center_2017_09_04_12_11_20_797.jpg,/Users/ggcstaff/CarND-Term1-Starter-Kit/CarND-Behavioral-Cloning-P3/dataCW/IMG/left_2017_09_04_12_11_20_797.jpg,/Users/ggcstaff/CarND-Term1-Starter-Kit/CarND-Behavioral-Cloning-P3/dataCW/IMG/right_2017_09_04_12_11_20_797.jpg,-0.008696934,0,0,15.42502
/Users/ggcstaff/CarND-Term1-Starter-Kit/CarND-Behavioral-Cloning-P3/dataCW/IMG/center_2017_09_04_12_11_20_864.jpg,/Users/ggcstaff/CarND-Term1-Starter-Kit/CarND-Behavioral-Cloning-P3/dataCW/IMG/left_2017_09_04_12_11_20_864.jpg,/Users/ggcstaff/CarND-Term1-Starter-Kit/CarND-Behavioral-Cloning-P3/dataCW/IMG/right_2017_09_04_12_11_20_864.jpg,-0.008696934,0,0,14.81629
/Users/ggcstaff/CarND-Term1-Starter-Kit/CarND-Behavioral-Cloning-P3/dataCW/IMG/center_2017_09_04_12_11_20_935.jpg,/Users/ggcstaff/CarND-Term1-Starter-Kit/CarND-Behavioral-Cloning-P3/dataCW/IMG/left_2017_09_04_12_11_20_935.jpg,/Users/ggcstaff/CarND-Term1-Starter-Kit/CarND-Behavioral-Cloning-P3/dataCW/IMG/right_2017_09_04_12_11_20_935.jpg,-0.008696934,0,0,14.69714
/Users/ggcstaff/CarND-Term1-Starter-Kit/CarND-Behavioral-Cloning-P3/dataCW/IMG/center_2017_09_04_12_11_21_004.jpg,/Users/ggcstaff/CarND-Term1-Starter-Kit/CarND-Behavioral-Cloning-P3/dataCW/IMG/left_2017_09_04_12_11_21_004.jpg,/Users/ggcstaff/CarND-Term1-Starter-Kit/CarND-Behavioral-Cloning-P3/dataCW/IMG/right_2017_09_04_12_11_21_004.jpg,-0.008696934,0,0,15.12237
/Users/ggcstaff/CarND-Term1-Starter-Kit/CarND-Behavioral-Cloning-P3/dataCW/IMG/center_2017_09_04_12_11_21_073.jpg,/Users/ggcstaff/CarND-Term1-Starter-Kit/CarND-Behavioral-Cloning-P3/dataCW/IMG/left_2017_09_04_12_11_21_073.jpg,/Users/ggcstaff/CarND-Term1-Starter-Kit/CarND-Behavioral-Cloning-P3/dataCW/IMG/right_2017_09_04_12_11_21_073.jpg,-0.008696934,0,0,15.00285
/Users/ggcstaff/CarND-Term1-Starter-Kit/CarND-Behavioral-Cloning-P3/dataCW/IMG/center_2017_09_04_12_11_21_141.jpg,/Users/ggcstaff/CarND-Term1-Starter-Kit/CarND-Behavioral-Cloning-P3/dataCW/IMG/left_2017_09_04_12_11_21_141.jpg,/Users/ggcstaff/CarND-Term1-Starter-Kit/CarND-Behavioral-Cloning-P3/dataCW/IMG/right_2017_09_04_12_11_21_141.jpg,-0.008696934,0,0,14.40282
/Users/ggcstaff/CarND-Term1-Starter-Kit/CarND-Behavioral-Cloning-P3/dataCW/IMG/center_2017_09_04_12_11_21_218.jpg,/Users/ggcstaff/CarND-Term1-Starter-Kit/CarND-Behavioral-Cloning-P3/dataCW/IMG/left_2017_09_04_12_11_21_218.jpg,/Users/ggcstaff/CarND-Term1-Starter-Kit/CarND-Behavioral-Cloning-P3/dataCW/IMG/right_2017_09_04_12_11_21_218.jpg,-0.008696934,0,0,14.28646
/Users/ggcstaff/CarND-Term1-Starter-Kit/CarND-Behavioral-Cloning-P3/dataCW/IMG/center_2017_09_04_12_11_21_286.jpg,/Users/ggcstaff/CarND-Term1-Starter-Kit/CarND-Behavioral-Cloning-P3/dataCW/IMG/left_2017_09_04_12_11_21_286.jpg,/Users/ggcstaff/CarND-Term1-Starter-Kit/CarND-Behavioral-Cloning-P3/dataCW/IMG/right_2017_09_04_12_11_21_286.jpg,-0.008696934,0.05463892,0,14.70491
/Users/ggcstaff/CarND-Term1-Starter-Kit/CarND-Behavioral-Cloning-P3/dataCW/IMG/center_2017_09_04_12_11_21_365.jpg,/Users/ggcstaff/CarND-Term1-Starter-Kit/CarND-Behavioral-Cloning-P3/dataCW/IMG/left_2017_09_04_12_11_21_365.jpg,/Users/ggcstaff/CarND-Term1-Starter-Kit/CarND-Behavioral-Cloning-P3/dataCW/IMG/right_2017_09_04_12_11_21_365.jpg,-0.008696934,0.304275,0,14.69188
/Users/ggcstaff/CarND-Term1-Starter-Kit/CarND-Behavioral-Cloning-P3/dataCW/IMG/center_2017_09_04_12_11_21_440.jpg,/Users/ggcstaff/CarND-Term1-Starter-Kit/CarND-Behavioral-Cloning-P3/dataCW/IMG/left_2017_09_04_12_11_21_440.jpg,/Users/ggcstaff/CarND-Term1-Starter-Kit/CarND-Behavioral-Cloning-P3/dataCW/IMG/right_2017_09_04_12_11_21_440.jpg,-0.008696934,0.5301061,0,14.92954
/Users/ggcstaff/CarND-Term1-Starter-Kit/CarND-Behavioral-Cloning-P3/dataCW/IMG/center_2017_09_04_12_11_21_510.jpg,/Users/ggcstaff/CarND-Term1-Starter-Kit/CarND-Behavioral-Cloning-P3/dataCW/IMG/left_2017_09_04_12_11_21_510.jpg,/Users/ggcstaff/CarND-Term1-Starter-Kit/CarND-Behavioral-Cloning-P3/dataCW/IMG/right_2017_09_04_12_11_21_510.jpg,-0.008696934,0.738054,0,15.38127
/Users/ggcstaff/CarND-Term1-Starter-Kit/CarND-Behavioral-Cloning-P3/dataCW/IMG/center_2017_09_04_12_11_21_580.jpg,/Users/ggcstaff/CarND-Term1-Starter-Kit/CarND-Behavioral-Cloning-P3/dataCW/IMG/left_2017_09_04_12_11_21_580.jpg,/Users/ggcstaff/CarND-Term1-Starter-Kit/CarND-Behavioral-Cloning-P3/dataCW/IMG/right_2017_09_04_12_11_21_580.jpg,-0.008696934,0.9198689,0,15.58269
/Users/ggcstaff/CarND-Term1-Starter-Kit/CarND-Behavioral-Cloning-P3/dataCW/IMG/center_2017_09_04_12_11_21_649.jpg,/Users/ggcstaff/CarND-Term1-Starter-Kit/CarND-Behavioral-Cloning-P3/dataCW/IMG/left_2017_09_04_12_11_21_649.jpg,/Users/ggcstaff/CarND-Term1-Starter-Kit/CarND-Behavioral-Cloning-P3/dataCW/IMG/right_2017_09_04_12_11_21_649.jpg,-0.008696934,1,0,16.47065
/Users/ggcstaff/CarND-Term1-Starter-Kit/CarND-Behavioral-Cloning-P3/dataCW/IMG/center_2017_09_04_12_11_21_716.jpg,/Users/ggcstaff/CarND-Term1-Starter-Kit/CarND-Behavioral-Cloning-P3/dataCW/IMG/left_2017_09_04_12_11_21_716.jpg,/Users/ggcstaff/CarND-Term1-Starter-Kit/CarND-Behavioral-Cloning-P3/dataCW/IMG/right_2017_09_04_12_11_21_716.jpg,-0.008696934,1,0,17.33596
/Users/ggcstaff/CarND-Term1-Starter-Kit/CarND-Behavioral-Cloning-P3/dataCW/IMG/center_2017_09_04_12_11_21_791.jpg,/Users/ggcstaff/CarND-Term1-Starter-Kit/CarND-Behavioral-Cloning-P3/dataCW/IMG/left_2017_09_04_12_11_21_791.jpg,/Users/ggcstaff/CarND-Term1-Starter-Kit/CarND-Behavioral-Cloning-P3/dataCW/IMG/right_2017_09_04_12_11_21_791.jpg,-0.008696934,1,0,18.15416
/Users/ggcstaff/CarND-Term1-Starter-Kit/CarND-Behavioral-Cloning-P3/dataCW/IMG/center_2017_09_04_12_11_21_864.jpg,/Users/ggcstaff/CarND-Term1-Starter-Kit/CarND-Behavioral-Cloning-P3/dataCW/IMG/left_2017_09_04_12_11_21_864.jpg,/Users/ggcstaff/CarND-Term1-Starter-Kit/CarND-Behavioral-Cloning-P3/dataCW/IMG/right_2017_09_04_12_11_21_864.jpg,-0.008696934,1,0,18.60271
/Users/ggcstaff/CarND-Term1-Starter-Kit/CarND-Behavioral-Cloning-P3/dataCW/IMG/center_2017_09_04_12_11_21_953.jpg,/Users/ggcstaff/CarND-Term1-Starter-Kit/CarND-Behavioral-Cloning-P3/dataCW/IMG/left_2017_09_04_12_11_21_953.jpg,/Users/ggcstaff/CarND-Term1-Starter-Kit/CarND-Behavioral-Cloning-P3/dataCW/IMG/right_2017_09_04_12_11_21_953.jpg,-0.008696934,1,0,19.76848
/Users/ggcstaff/CarND-Term1-Starter-Kit/CarND-Behavioral-Cloning-P3/dataCW/IMG/center_2017_09_04_12_11_22_019.jpg,/Users/ggcstaff/CarND-Term1-Starter-Kit/CarND-Behavioral-Cloning-P3/dataCW/IMG/left_2017_09_04_12_11_22_019.jpg,/Users/ggcstaff/CarND-Term1-Starter-Kit/CarND-Behavioral-Cloning-P3/dataCW/IMG/right_2017_09_04_12_11_22_019.jpg,-0.008696934,1,0,20.26769
/Users/ggcstaff/CarND-Term1-Starter-Kit/CarND-Behavioral-Cloning-P3/dataCW/IMG/center_2017_09_04_12_11_22_096.jpg,/Users/ggcstaff/CarND-Term1-Starter-Kit/CarND-Behavioral-Cloning-P3/dataCW/IMG/left_2017_09_04_12_11_22_096.jpg,/Users/ggcstaff/CarND-Term1-Starter-Kit/CarND-Behavioral-Cloning-P3/dataCW/IMG/right_2017_09_04_12_11_22_096.jpg,-0.008696934,0.9619631,0,21.08812
/Users/ggcstaff/CarND-Term1-Starter-Kit/CarND-Behavioral-Cloning-P3/dataCW/IMG/center_2017_09_04_12_11_22_169.jpg,/Users/ggcstaff/CarND-Term1-Starter-Kit/CarND-Behavioral-Cloning-P3/dataCW/IMG/left_2017_09_04_12_11_22_169.jpg,/Users/ggcstaff/CarND-Term1-Starter-Kit/CarND-Behavioral-Cloning-P3/dataCW/IMG/right_2017_09_04_12_11_22_169.jpg,-0.008696934,0.7420689,0,21.75661
/Users/ggcstaff/CarND-Term1-Starter-Kit/CarND-Behavioral-Cloning-P3/dataCW/IMG/center_2017_09_04_12_11_22_249.jpg,/Users/ggcstaff/CarND-Term1-Starter-Kit/CarND-Behavioral-Cloning-P3/dataCW/IMG/left_2017_09_04_12_11_22_249.jpg,/Users/ggcstaff/CarND-Term1-Starter-Kit/CarND-Behavioral-Cloning-P3/dataCW/IMG/right_2017_09_04_12_11_22_249.jpg,-0.008696934,0.50242,0,22.17883
/Users/ggcstaff/CarND-Term1-Starter-Kit/CarND-Behavioral-Cloning-P3/dataCW/IMG/center_2017_09_04_12_11_22_318.jpg,/Users/ggcstaff/CarND-Term1-Starter-Kit/CarND-Behavioral-Cloning-P3/dataCW/IMG/left_2017_09_04_12_11_22_318.jpg,/Users/ggcstaff/CarND-Term1-Starter-Kit/CarND-Behavioral-Cloning-P3/dataCW/IMG/right_2017_09_04_12_11_22_318.jpg,-0.008696934,0.3061179,0,22.41078
/Users/ggcstaff/CarND-Term1-Starter-Kit/CarND-Behavioral-Cloning-P3/dataCW/IMG/center_2017_09_04_12_11_22_387.jpg,/Users/ggcstaff/CarND-Term1-Starter-Kit/CarND-Behavioral-Cloning-P3/dataCW/IMG/left_2017_09_04_12_11_22_387.jpg,/Users/ggcstaff/CarND-Term1-Starter-Kit/CarND-Behavioral-Cloning-P3/dataCW/IMG/right_2017_09_04_12_11_22_387.jpg,-0.008696934,0.140512,0,22.37907
/Users/ggcstaff/CarND-Term1-Starter-Kit/CarND-Behavioral-Cloning-P3/dataCW/IMG/center_2017_09_04_12_11_22_456.jpg,/Users/ggcstaff/CarND-Term1-Starter-Kit/CarND-Behavioral-Cloning-P3/dataCW/IMG/left_2017_09_04_12_11_22_456.jpg,/Users/ggcstaff/CarND-Term1-Starter-Kit/CarND-Behavioral-Cloning-P3/dataCW/IMG/right_2017_09_04_12_11_22_456.jpg,-0.008696934,0,0,22.22736
/Users/ggcstaff/CarND-Term1-Starter-Kit/CarND-Behavioral-Cloning-P3/dataCW/IMG/center_2017_09_04_12_11_22_523.jpg,/Users/ggcstaff/CarND-Term1-Starter-Kit/CarND-Behavioral-Cloning-P3/dataCW/IMG/left_2017_09_04_12_11_22_523.jpg,/Users/ggcstaff/CarND-Term1-Starter-Kit/CarND-Behavioral-Cloning-P3/dataCW/IMG/right_2017_09_04_12_11_22_523.jpg,0.01098172,0,0,22.17305
/Users/ggcstaff/CarND-Term1-Starter-Kit/CarND-Behavioral-Cloning-P3/dataCW/IMG/center_2017_09_04_12_11_22_591.jpg,/Users/ggcstaff/CarND-Term1-Starter-Kit/CarND-Behavioral-Cloning-P3/dataCW/IMG/left_2017_09_04_12_11_22_591.jpg,/Users/ggcstaff/CarND-Term1-Starter-Kit/CarND-Behavioral-Cloning-P3/dataCW/IMG/right_2017_09_04_12_11_22_591.jpg,0.03394016,0,0,22.01653
/Users/ggcstaff/CarND-Term1-Starter-Kit/CarND-Behavioral-Cloning-P3/dataCW/IMG/center_2017_09_04_12_11_22_661.jpg,/Users/ggcstaff/CarND-Term1-Starter-Kit/CarND-Behavioral-Cloning-P3/dataCW/IMG/left_2017_09_04_12_11_22_661.jpg,/Users/ggcstaff/CarND-Term1-Starter-Kit/CarND-Behavioral-Cloning-P3/dataCW/IMG/right_2017_09_04_12_11_22_661.jpg,0.05033903,0,0,21.72794
/Users/ggcstaff/CarND-Term1-Starter-Kit/CarND-Behavioral-Cloning-P3/dataCW/IMG/center_2017_09_04_12_11_22_730.jpg,/Users/ggcstaff/CarND-Term1-Starter-Kit/CarND-Behavioral-Cloning-P3/dataCW/IMG/left_2017_09_04_12_11_22_730.jpg,/Users/ggcstaff/CarND-Term1-Starter-Kit/CarND-Behavioral-Cloning-P3/dataCW/IMG/right_2017_09_04_12_11_22_730.jpg,0.07329746,0,0,21.53384
/Users/ggcstaff/CarND-Term1-Starter-Kit/CarND-Behavioral-Cloning-P3/dataCW/IMG/center_2017_09_04_12_11_22_802.jpg,/Users/ggcstaff/CarND-Term1-Starter-Kit/CarND-Behavioral-Cloning-P3/dataCW/IMG/left_2017_09_04_12_11_22_802.jpg,/Users/ggcstaff/CarND-Term1-Starter-Kit/CarND-Behavioral-Cloning-P3/dataCW/IMG/right_2017_09_04_12_11_22_802.jpg,0.1016362,0,0,21.6206
/Users/ggcstaff/CarND-Term1-Starter-Kit/CarND-Behavioral-Cloning-P3/dataCW/IMG/center_2017_09_04_12_11_22_869.jpg,/Users/ggcstaff/CarND-Term1-Starter-Kit/CarND-Behavioral-Cloning-P3/dataCW/IMG/left_2017_09_04_12_11_22_869.jpg,/Users/ggcstaff/CarND-Term1-Starter-Kit/CarND-Behavioral-Cloning-P3/dataCW/IMG/right_2017_09_04_12_11_22_869.jpg,0.134434,0,0,21.46005
/Users/ggcstaff/CarND-Term1-Starter-Kit/CarND-Behavioral-Cloning-P3/dataCW/IMG/center_2017_09_04_12_11_22_940.jpg,/Users/ggcstaff/CarND-Term1-Starter-Kit/CarND-Behavioral-Cloning-P3/dataCW/IMG/left_2017_09_04_12_11_22_940.jpg,/Users/ggcstaff/CarND-Term1-Starter-Kit/CarND-Behavioral-Cloning-P3/dataCW/IMG/right_2017_09_04_12_11_22_940.jpg,0.1541126,0,0,21.03673
/Users/ggcstaff/CarND-Term1-Starter-Kit/CarND-Behavioral-Cloning-P3/dataCW/IMG/center_2017_09_04_12_11_23_007.jpg,/Users/ggcstaff/CarND-Term1-Starter-Kit/CarND-Behavioral-Cloning-P3/dataCW/IMG/left_2017_09_04_12_11_23_007.jpg,/Users/ggcstaff/CarND-Term1-Starter-Kit/CarND-Behavioral-Cloning-P3/dataCW/IMG/right_2017_09_04_12_11_23_007.jpg,0.177071,0,0,21.19932
/Users/ggcstaff/CarND-Term1-Starter-Kit/CarND-Behavioral-Cloning-P3/dataCW/IMG/center_2017_09_04_12_11_23_075.jpg,/Users/ggcstaff/CarND-Term1-Starter-Kit/CarND-Behavioral-Cloning-P3/dataCW/IMG/left_2017_09_04_12_11_23_075.jpg,/Users/ggcstaff/CarND-Term1-Starter-Kit/CarND-Behavioral-Cloning-P3/dataCW/IMG/right_2017_09_04_12_11_23_075.jpg,0.2485259,0,0,21.01335
/Users/ggcstaff/CarND-Term1-Starter-Kit/CarND-Behavioral-Cloning-P3/dataCW/IMG/center_2017_09_04_12_11_23_143.jpg,/Users/ggcstaff/CarND-Term1-Starter-Kit/CarND-Behavioral-Cloning-P3/dataCW/IMG/left_2017_09_04_12_11_23_143.jpg,/Users/ggcstaff/CarND-Term1-Starter-Kit/CarND-Behavioral-Cloning-P3/dataCW/IMG/right_2017_09_04_12_11_23_143.jpg,0.2485259,0,0,20.57293
/Users/ggcstaff/CarND-Term1-Starter-Kit/CarND-Behavioral-Cloning-P3/dataCW/IMG/center_2017_09_04_12_11_23_210.jpg,/Users/ggcstaff/CarND-Term1-Starter-Kit/CarND-Behavioral-Cloning-P3/dataCW/IMG/left_2017_09_04_12_11_23_210.jpg,/Users/ggcstaff/CarND-Term1-Starter-Kit/CarND-Behavioral-Cloning-P3/dataCW/IMG/right_2017_09_04_12_11_23_210.jpg,0.2485259,0,0,20.39223
/Users/ggcstaff/CarND-Term1-Starter-Kit/CarND-Behavioral-Cloning-P3/dataCW/IMG/center_2017_09_04_12_11_23_292.jpg,/Users/ggcstaff/CarND-Term1-Starter-Kit/CarND-Behavioral-Cloning-P3/dataCW/IMG/left_2017_09_04_12_11_23_292.jpg,/Users/ggcstaff/CarND-Term1-Starter-Kit/CarND-Behavioral-Cloning-P3/dataCW/IMG/right_2017_09_04_12_11_23_292.jpg,0.2485259,0,0,20.21852
/Users/ggcstaff/CarND-Term1-Starter-Kit/CarND-Behavioral-Cloning-P3/dataCW/IMG/center_2017_09_04_12_11_23_381.jpg,/Users/ggcstaff/CarND-Term1-Starter-Kit/CarND-Behavioral-Cloning-P3/dataCW/IMG/left_2017_09_04_12_11_23_381.jpg,/Users/ggcstaff/CarND-Term1-Starter-Kit/CarND-Behavioral-Cloning-P3/dataCW/IMG/right_2017_09_04_12_11_23_381.jpg,0.2485259,0,0,20.04639
/Users/ggcstaff/CarND-Term1-Starter-Kit/CarND-Behavioral-Cloning-P3/dataCW/IMG/center_2017_09_04_12_11_23_451.jpg,/Users/ggcstaff/CarND-Term1-Starter-Kit/CarND-Behavioral-Cloning-P3/dataCW/IMG/left_2017_09_04_12_11_23_451.jpg,/Users/ggcstaff/CarND-Term1-Starter-Kit/CarND-Behavioral-Cloning-P3/dataCW/IMG/right_2017_09_04_12_11_23_451.jpg,0.2485259,0,0,19.87492
/Users/ggcstaff/CarND-Term1-Starter-Kit/CarND-Behavioral-Cloning-P3/dataCW/IMG/center_2017_09_04_12_11_23_521.jpg,/Users/ggcstaff/CarND-Term1-Starter-Kit/CarND-Behavioral-Cloning-P3/dataCW/IMG/left_2017_09_04_12_11_23_521.jpg,/Users/ggcstaff/CarND-Term1-Starter-Kit/CarND-Behavioral-Cloning-P3/dataCW/IMG/right_2017_09_04_12_11_23_521.jpg,0.2485259,0,0,20.10836
/Users/ggcstaff/CarND-Term1-Starter-Kit/CarND-Behavioral-Cloning-P3/dataCW/IMG/center_2017_09_04_12_11_23_598.jpg,/Users/ggcstaff/CarND-Term1-Starter-Kit/CarND-Behavioral-Cloning-P3/dataCW/IMG/left_2017_09_04_12_11_23_598.jpg,/Users/ggcstaff/CarND-Term1-Starter-Kit/CarND-Behavioral-Cloning-P3/dataCW/IMG/right_2017_09_04_12_11_23_598.jpg,0.2485259,0,0,19.9548
/Users/ggcstaff/CarND-Term1-Starter-Kit/CarND-Behavioral-Cloning-P3/dataCW/IMG/center_2017_09_04_12_11_23_666.jpg,/Users/ggcstaff/CarND-Term1-Starter-Kit/CarND-Behavioral-Cloning-P3/dataCW/IMG/left_2017_09_04_12_11_23_666.jpg,/Users/ggcstaff/CarND-Term1-Starter-Kit/CarND-Behavioral-Cloning-P3/dataCW/IMG/right_2017_09_04_12_11_23_666.jpg,0.2485259,0,0,19.44327
/Users/ggcstaff/CarND-Term1-Starter-Kit/CarND-Behavioral-Cloning-P3/dataCW/IMG/center_2017_09_04_12_11_23_733.jpg,/Users/ggcstaff/CarND-Term1-Starter-Kit/CarND-Behavioral-Cloning-P3/dataCW/IMG/left_2017_09_04_12_11_23_733.jpg,/Users/ggcstaff/CarND-Term1-Starter-Kit/CarND-Behavioral-Cloning-P3/dataCW/IMG/right_2017_09_04_12_11_23_733.jpg,0.2485259,0,0,19.27534
/Users/ggcstaff/CarND-Term1-Starter-Kit/CarND-Behavioral-Cloning-P3/dataCW/IMG/center_2017_09_04_12_11_23_803.jpg,/Users/ggcstaff/CarND-Term1-Starter-Kit/CarND-Behavioral-Cloning-P3/dataCW/IMG/left_2017_09_04_12_11_23_803.jpg,/Users/ggcstaff/CarND-Term1-Starter-Kit/CarND-Behavioral-Cloning-P3/dataCW/IMG/right_2017_09_04_12_11_23_803.jpg,0.2485259,0,0,19.56954
/Users/ggcstaff/CarND-Term1-Starter-Kit/CarND-Behavioral-Cloning-P3/dataCW/IMG/center_2017_09_04_12_11_23_874.jpg,/Users/ggcstaff/CarND-Term1-Starter-Kit/CarND-Behavioral-Cloning-P3/dataCW/IMG/left_2017_09_04_12_11_23_874.jpg,/Users/ggcstaff/CarND-Term1-Starter-Kit/CarND-Behavioral-Cloning-P3/dataCW/IMG/right_2017_09_04_12_11_23_874.jpg,0.2485259,0,0,19.4161
/Users/ggcstaff/CarND-Term1-Starter-Kit/CarND-Behavioral-Cloning-P3/dataCW/IMG/center_2017_09_04_12_11_23_945.jpg,/Users/ggcstaff/CarND-Term1-Starter-Kit/CarND-Behavioral-Cloning-P3/dataCW/IMG/left_2017_09_04_12_11_23_945.jpg,/Users/ggcstaff/CarND-Term1-Starter-Kit/CarND-Behavioral-Cloning-P3/dataCW/IMG/right_2017_09_04_12_11_23_945.jpg,0.2485259,0,0,18.86884
/Users/ggcstaff/CarND-Term1-Starter-Kit/CarND-Behavioral-Cloning-P3/dataCW/IMG/center_2017_09_04_12_11_24_015.jpg,/Users/ggcstaff/CarND-Term1-Starter-Kit/CarND-Behavioral-Cloning-P3/dataCW/IMG/left_2017_09_04_12_11_24_015.jpg,/Users/ggcstaff/CarND-Term1-Starter-Kit/CarND-Behavioral-Cloning-P3/dataCW/IMG/right_2017_09_04_12_11_24_015.jpg,0.2485259,0,0,18.70356
/Users/ggcstaff/CarND-Term1-Starter-Kit/CarND-Behavioral-Cloning-P3/dataCW/IMG/center_2017_09_04_12_11_24_083.jpg,/Users/ggcstaff/CarND-Term1-Starter-Kit/CarND-Behavioral-Cloning-P3/dataCW/IMG/left_2017_09_04_12_11_24_083.jpg,/Users/ggcstaff/CarND-Term1-Starter-Kit/CarND-Behavioral-Cloning-P3/dataCW/IMG/right_2017_09_04_12_11_24_083.jpg,0.2485259,0,0,19.04128
/Users/ggcstaff/CarND-Term1-Starter-Kit/CarND-Behavioral-Cloning-P3/dataCW/IMG/center_2017_09_04_12_11_24_152.jpg,/Users/ggcstaff/CarND-Term1-Starter-Kit/CarND-Behavioral-Cloning-P3/dataCW/IMG/left_2017_09_04_12_11_24_152.jpg,/Users/ggcstaff/CarND-Term1-Starter-Kit/CarND-Behavioral-Cloning-P3/dataCW/IMG/right_2017_09_04_12_11_24_152.jpg,0.2485259,0,0,18.89337
/Users/ggcstaff/CarND-Term1-Starter-Kit/CarND-Behavioral-Cloning-P3/dataCW/IMG/center_2017_09_04_12_11_24_226.jpg,/Users/ggcstaff/CarND-Term1-Starter-Kit/CarND-Behavioral-Cloning-P3/dataCW/IMG/left_2017_09_04_12_11_24_226.jpg,/Users/ggcstaff/CarND-Term1-Starter-Kit/CarND-Behavioral-Cloning-P3/dataCW/IMG/right_2017_09_04_12_11_24_226.jpg,0.2485259,0,0,18.30062
/Users/ggcstaff/CarND-Term1-Starter-Kit/CarND-Behavioral-Cloning-P3/dataCW/IMG/center_2017_09_04_12_11_24_297.jpg,/Users/ggcstaff/CarND-Term1-Starter-Kit/CarND-Behavioral-Cloning-P3/dataCW/IMG/left_2017_09_04_12_11_24_297.jpg,/Users/ggcstaff/CarND-Term1-Starter-Kit/CarND-Behavioral-Cloning-P3/dataCW/IMG/right_2017_09_04_12_11_24_297.jpg,0.2485259,0,0,18.14278
/Users/ggcstaff/CarND-Term1-Starter-Kit/CarND-Behavioral-Cloning-P3/dataCW/IMG/center_2017_09_04_12_11_24_366.jpg,/Users/ggcstaff/CarND-Term1-Starter-Kit/CarND-Behavioral-Cloning-P3/dataCW/IMG/left_2017_09_04_12_11_24_366.jpg,/Users/ggcstaff/CarND-Term1-Starter-Kit/CarND-Behavioral-Cloning-P3/dataCW/IMG/right_2017_09_04_12_11_24_366.jpg,0.2352594,0,0,18.52527
/Users/ggcstaff/CarND-Term1-Starter-Kit/CarND-Behavioral-Cloning-P3/dataCW/IMG/center_2017_09_04_12_11_24_435.jpg,/Users/ggcstaff/CarND-Term1-Starter-Kit/CarND-Behavioral-Cloning-P3/dataCW/IMG/left_2017_09_04_12_11_24_435.jpg,/Users/ggcstaff/CarND-Term1-Starter-Kit/CarND-Behavioral-Cloning-P3/dataCW/IMG/right_2017_09_04_12_11_24_435.jpg,0.2087264,0,0,18.37945
/Users/ggcstaff/CarND-Term1-Starter-Kit/CarND-Behavioral-Cloning-P3/dataCW/IMG/center_2017_09_04_12_11_24_503.jpg,/Users/ggcstaff/CarND-Term1-Starter-Kit/CarND-Behavioral-Cloning-P3/dataCW/IMG/left_2017_09_04_12_11_24_503.jpg,/Users/ggcstaff/CarND-Term1-Starter-Kit/CarND-Behavioral-Cloning-P3/dataCW/IMG/right_2017_09_04_12_11_24_503.jpg,0.1954599,0,0,17.76799
/Users/ggcstaff/CarND-Term1-Starter-Kit/CarND-Behavioral-Cloning-P3/dataCW/IMG/center_2017_09_04_12_11_24_573.jpg,/Users/ggcstaff/CarND-Term1-Starter-Kit/CarND-Behavioral-Cloning-P3/dataCW/IMG/left_2017_09_04_12_11_24_573.jpg,/Users/ggcstaff/CarND-Term1-Starter-Kit/CarND-Behavioral-Cloning-P3/dataCW/IMG/right_2017_09_04_12_11_24_573.jpg,0.1954599,0,0,17.61679
/Users/ggcstaff/CarND-Term1-Starter-Kit/CarND-Behavioral-Cloning-P3/dataCW/IMG/center_2017_09_04_12_11_24_640.jpg,/Users/ggcstaff/CarND-Term1-Starter-Kit/CarND-Behavioral-Cloning-P3/dataCW/IMG/left_2017_09_04_12_11_24_640.jpg,/Users/ggcstaff/CarND-Term1-Starter-Kit/CarND-Behavioral-Cloning-P3/dataCW/IMG/right_2017_09_04_12_11_24_640.jpg,0.1954599,0,0,18.02284
/Users/ggcstaff/CarND-Term1-Starter-Kit/CarND-Behavioral-Cloning-P3/dataCW/IMG/center_2017_09_04_12_11_24_708.jpg,/Users/ggcstaff/CarND-Term1-Starter-Kit/CarND-Behavioral-Cloning-P3/dataCW/IMG/left_2017_09_04_12_11_24_708.jpg,/Users/ggcstaff/CarND-Term1-Starter-Kit/CarND-Behavioral-Cloning-P3/dataCW/IMG/right_2017_09_04_12_11_24_708.jpg,0.1954599,0,0,17.39639
/Users/ggcstaff/CarND-Term1-Starter-Kit/CarND-Behavioral-Cloning-P3/dataCW/IMG/center_2017_09_04_12_11_24_780.jpg,/Users/ggcstaff/CarND-Term1-Starter-Kit/CarND-Behavioral-Cloning-P3/dataCW/IMG/left_2017_09_04_12_11_24_780.jpg,/Users/ggcstaff/CarND-Term1-Starter-Kit/CarND-Behavioral-Cloning-P3/dataCW/IMG/right_2017_09_04_12_11_24_780.jpg,0.1954599,0,0,17.24957
/Users/ggcstaff/CarND-Term1-Starter-Kit/CarND-Behavioral-Cloning-P3/dataCW/IMG/center_2017_09_04_12_11_24_851.jpg,/Users/ggcstaff/CarND-Term1-Starter-Kit/CarND-Behavioral-Cloning-P3/dataCW/IMG/left_2017_09_04_12_11_24_851.jpg,/Users/ggcstaff/CarND-Term1-Starter-Kit/CarND-Behavioral-Cloning-P3/dataCW/IMG/right_2017_09_04_12_11_24_851.jpg,0.1954599,0,0,17.10429
/Users/ggcstaff/CarND-Term1-Starter-Kit/CarND-Behavioral-Cloning-P3/dataCW/IMG/center_2017_09_04_12_11_24_920.jpg,/Users/ggcstaff/CarND-Term1-Starter-Kit/CarND-Behavioral-Cloning-P3/dataCW/IMG/left_2017_09_04_12_11_24_920.jpg,/Users/ggcstaff/CarND-Term1-Starter-Kit/CarND-Behavioral-Cloning-P3/dataCW/IMG/right_2017_09_04_12_11_24_920.jpg,0.1954599,0,0,17.52769
/Users/ggcstaff/CarND-Term1-Starter-Kit/CarND-Behavioral-Cloning-P3/dataCW/IMG/center_2017_09_04_12_11_24_998.jpg,/Users/ggcstaff/CarND-Term1-Starter-Kit/CarND-Behavioral-Cloning-P3/dataCW/IMG/left_2017_09_04_12_11_24_998.jpg,/Users/ggcstaff/CarND-Term1-Starter-Kit/CarND-Behavioral-Cloning-P3/dataCW/IMG/right_2017_09_04_12_11_24_998.jpg,0.1954599,0,0,17.38558
/Users/ggcstaff/CarND-Term1-Starter-Kit/CarND-Behavioral-Cloning-P3/dataCW/IMG/center_2017_09_04_12_11_25_068.jpg,/Users/ggcstaff/CarND-Term1-Starter-Kit/CarND-Behavioral-Cloning-P3/dataCW/IMG/left_2017_09_04_12_11_25_068.jpg,/Users/ggcstaff/CarND-Term1-Starter-Kit/CarND-Behavioral-Cloning-P3/dataCW/IMG/right_2017_09_04_12_11_25_068.jpg,0.1954599,0,0,16.74857
/Users/ggcstaff/CarND-Term1-Starter-Kit/CarND-Behavioral-Cloning-P3/dataCW/IMG/center_2017_09_04_12_11_25_139.jpg,/Users/ggcstaff/CarND-Term1-Starter-Kit/CarND-Behavioral-Cloning-P3/dataCW/IMG/left_2017_09_04_12_11_25_139.jpg,/Users/ggcstaff/CarND-Term1-Starter-Kit/CarND-Behavioral-Cloning-P3/dataCW/IMG/right_2017_09_04_12_11_25_139.jpg,0.1954599,0,0,16.61015
/Users/ggcstaff/CarND-Term1-Starter-Kit/CarND-Behavioral-Cloning-P3/dataCW/IMG/center_2017_09_04_12_11_25_207.jpg,/Users/ggcstaff/CarND-Term1-Starter-Kit/CarND-Behavioral-Cloning-P3/dataCW/IMG/left_2017_09_04_12_11_25_207.jpg,/Users/ggcstaff/CarND-Term1-Starter-Kit/CarND-Behavioral-Cloning-P3/dataCW/IMG/right_2017_09_04_12_11_25_207.jpg,0.1954599,0,0,17.04521
/Users/ggcstaff/CarND-Term1-Starter-Kit/CarND-Behavioral-Cloning-P3/dataCW/IMG/center_2017_09_04_12_11_25_277.jpg,/Users/ggcstaff/CarND-Term1-Starter-Kit/CarND-Behavioral-Cloning-P3/dataCW/IMG/left_2017_09_04_12_11_25_277.jpg,/Users/ggcstaff/CarND-Term1-Starter-Kit/CarND-Behavioral-Cloning-P3/dataCW/IMG/right_2017_09_04_12_11_25_277.jpg,0.1954599,0,0,16.9115
/Users/ggcstaff/CarND-Term1-Starter-Kit/CarND-Behavioral-Cloning-P3/dataCW/IMG/center_2017_09_04_12_11_25_357.jpg,/Users/ggcstaff/CarND-Term1-Starter-Kit/CarND-Behavioral-Cloning-P3/dataCW/IMG/left_2017_09_04_12_11_25_357.jpg,/Users/ggcstaff/CarND-Term1-Starter-Kit/CarND-Behavioral-Cloning-P3/dataCW/IMG/right_2017_09_04_12_11_25_357.jpg,0.1954599,0,0,16.77898
/Users/ggcstaff/CarND-Term1-Starter-Kit/CarND-Behavioral-Cloning-P3/dataCW/IMG/center_2017_09_04_12_11_25_430.jpg,/Users/ggcstaff/CarND-Term1-Starter-Kit/CarND-Behavioral-Cloning-P3/dataCW/IMG/left_2017_09_04_12_11_25_430.jpg,/Users/ggcstaff/CarND-Term1-Starter-Kit/CarND-Behavioral-Cloning-P3/dataCW/IMG/right_2017_09_04_12_11_25_430.jpg,0.1954599,0,0,16.64807
/Users/ggcstaff/CarND-Term1-Starter-Kit/CarND-Behavioral-Cloning-P3/dataCW/IMG/center_2017_09_04_12_11_25_502.jpg,/Users/ggcstaff/CarND-Term1-Starter-Kit/CarND-Behavioral-Cloning-P3/dataCW/IMG/left_2017_09_04_12_11_25_502.jpg,/Users/ggcstaff/CarND-Term1-Starter-Kit/CarND-Behavioral-Cloning-P3/dataCW/IMG/right_2017_09_04_12_11_25_502.jpg,0.1954599,0,0,16.00963
/Users/ggcstaff/CarND-Term1-Starter-Kit/CarND-Behavioral-Cloning-P3/dataCW/IMG/center_2017_09_04_12_11_25_570.jpg,/Users/ggcstaff/CarND-Term1-Starter-Kit/CarND-Behavioral-Cloning-P3/dataCW/IMG/left_2017_09_04_12_11_25_570.jpg,/Users/ggcstaff/CarND-Term1-Starter-Kit/CarND-Behavioral-Cloning-P3/dataCW/IMG/right_2017_09_04_12_11_25_570.jpg,0.1954599,0,0,15.88511
/Users/ggcstaff/CarND-Term1-Starter-Kit/CarND-Behavioral-Cloning-P3/dataCW/IMG/center_2017_09_04_12_11_25_640.jpg,/Users/ggcstaff/CarND-Term1-Starter-Kit/CarND-Behavioral-Cloning-P3/dataCW/IMG/left_2017_09_04_12_11_25_640.jpg,/Users/ggcstaff/CarND-Term1-Starter-Kit/CarND-Behavioral-Cloning-P3/dataCW/IMG/right_2017_09_04_12_11_25_640.jpg,0.1954599,0,0,16.32448
/Users/ggcstaff/CarND-Term1-Starter-Kit/CarND-Behavioral-Cloning-P3/dataCW/IMG/center_2017_09_04_12_11_25_710.jpg,/Users/ggcstaff/CarND-Term1-Starter-Kit/CarND-Behavioral-Cloning-P3/dataCW/IMG/left_2017_09_04_12_11_25_710.jpg,/Users/ggcstaff/CarND-Term1-Starter-Kit/CarND-Behavioral-Cloning-P3/dataCW/IMG/right_2017_09_04_12_11_25_710.jpg,0.1954599,0,0,16.19478
/Users/ggcstaff/CarND-Term1-Starter-Kit/CarND-Behavioral-Cloning-P3/dataCW/IMG/center_2017_09_04_12_11_25_777.jpg,/Users/ggcstaff/CarND-Term1-Starter-Kit/CarND-Behavioral-Cloning-P3/dataCW/IMG/left_2017_09_04_12_11_25_777.jpg,/Users/ggcstaff/CarND-Term1-Starter-Kit/CarND-Behavioral-Cloning-P3/dataCW/IMG/right_2017_09_04_12_11_25_777.jpg,0.1954599,0,0,15.56351
/Users/ggcstaff/CarND-Term1-Starter-Kit/CarND-Behavioral-Cloning-P3/dataCW/IMG/center_2017_09_04_12_11_25_845.jpg,/Users/ggcstaff/CarND-Term1-Starter-Kit/CarND-Behavioral-Cloning-P3/dataCW/IMG/left_2017_09_04_12_11_25_845.jpg,/Users/ggcstaff/CarND-Term1-Starter-Kit/CarND-Behavioral-Cloning-P3/dataCW/IMG/right_2017_09_04_12_11_25_845.jpg,0.1954599,0,0,16.00608
/Users/ggcstaff/CarND-Term1-Starter-Kit/CarND-Behavioral-Cloning-P3/dataCW/IMG/center_2017_09_04_12_11_25_923.jpg,/Users/ggcstaff/CarND-Term1-Starter-Kit/CarND-Behavioral-Cloning-P3/dataCW/IMG/left_2017_09_04_12_11_25_923.jpg,/Users/ggcstaff/CarND-Term1-Starter-Kit/CarND-Behavioral-Cloning-P3/dataCW/IMG/right_2017_09_04_12_11_25_923.jpg,0.1954599,0,0,15.88119
/Users/ggcstaff/CarND-Term1-Starter-Kit/CarND-Behavioral-Cloning-P3/dataCW/IMG/center_2017_09_04_12_11_25_990.jpg,/Users/ggcstaff/CarND-Term1-Starter-Kit/CarND-Behavioral-Cloning-P3/dataCW/IMG/left_2017_09_04_12_11_25_990.jpg,/Users/ggcstaff/CarND-Term1-Starter-Kit/CarND-Behavioral-Cloning-P3/dataCW/IMG/right_2017_09_04_12_11_25_990.jpg,0.1954599,0,0,15.75803
/Users/ggcstaff/CarND-Term1-Starter-Kit/CarND-Behavioral-Cloning-P3/dataCW/IMG/center_2017_09_04_12_11_26_059.jpg,/Users/ggcstaff/CarND-Term1-Starter-Kit/CarND-Behavioral-Cloning-P3/dataCW/IMG/left_2017_09_04_12_11_26_059.jpg,/Users/ggcstaff/CarND-Term1-Starter-Kit/CarND-Behavioral-Cloning-P3/dataCW/IMG/right_2017_09_04_12_11_26_059.jpg,0.1954599,0,0,15.13731
/Users/ggcstaff/CarND-Term1-Starter-Kit/CarND-Behavioral-Cloning-P3/dataCW/IMG/center_2017_09_04_12_11_26_133.jpg,/Users/ggcstaff/CarND-Term1-Starter-Kit/CarND-Behavioral-Cloning-P3/dataCW/IMG/left_2017_09_04_12_11_26_133.jpg,/Users/ggcstaff/CarND-Term1-Starter-Kit/CarND-Behavioral-Cloning-P3/dataCW/IMG/right_2017_09_04_12_11_26_133.jpg,0.1954599,0,0,15.02546
/Users/ggcstaff/CarND-Term1-Starter-Kit/CarND-Behavioral-Cloning-P3/dataCW/IMG/center_2017_09_04_12_11_26_199.jpg,/Users/ggcstaff/CarND-Term1-Starter-Kit/CarND-Behavioral-Cloning-P3/dataCW/IMG/left_2017_09_04_12_11_26_199.jpg,/Users/ggcstaff/CarND-Term1-Starter-Kit/CarND-Behavioral-Cloning-P3/dataCW/IMG/right_2017_09_04_12_11_26_199.jpg,0.1954599,0,0,15.45609
/Users/ggcstaff/CarND-Term1-Starter-Kit/CarND-Behavioral-Cloning-P3/dataCW/IMG/center_2017_09_04_12_11_26_272.jpg,/Users/ggcstaff/CarND-Term1-Starter-Kit/CarND-Behavioral-Cloning-P3/dataCW/IMG/left_2017_09_04_12_11_26_272.jpg,/Users/ggcstaff/CarND-Term1-Starter-Kit/CarND-Behavioral-Cloning-P3/dataCW/IMG/right_2017_09_04_12_11_26_272.jpg,0.1954599,0,0,15.33568
/Users/ggcstaff/CarND-Term1-Starter-Kit/CarND-Behavioral-Cloning-P3/dataCW/IMG/center_2017_09_04_12_11_26_347.jpg,/Users/ggcstaff/CarND-Term1-Starter-Kit/CarND-Behavioral-Cloning-P3/dataCW/IMG/left_2017_09_04_12_11_26_347.jpg,/Users/ggcstaff/CarND-Term1-Starter-Kit/CarND-Behavioral-Cloning-P3/dataCW/IMG/right_2017_09_04_12_11_26_347.jpg,0.1954599,0,0,14.72445
/Users/ggcstaff/CarND-Term1-Starter-Kit/CarND-Behavioral-Cloning-P3/dataCW/IMG/center_2017_09_04_12_11_26_416.jpg,/Users/ggcstaff/CarND-Term1-Starter-Kit/CarND-Behavioral-Cloning-P3/dataCW/IMG/left_2017_09_04_12_11_26_416.jpg,/Users/ggcstaff/CarND-Term1-Starter-Kit/CarND-Behavioral-Cloning-P3/dataCW/IMG/right_2017_09_04_12_11_26_416.jpg,0.1954599,0,0,14.60454
/Users/ggcstaff/CarND-Term1-Starter-Kit/CarND-Behavioral-Cloning-P3/dataCW/IMG/center_2017_09_04_12_11_26_483.jpg,/Users/ggcstaff/CarND-Term1-Starter-Kit/CarND-Behavioral-Cloning-P3/dataCW/IMG/left_2017_09_04_12_11_26_483.jpg,/Users/ggcstaff/CarND-Term1-Starter-Kit/CarND-Behavioral-Cloning-P3/dataCW/IMG/right_2017_09_04_12_11_26_483.jpg,0.1954599,0,0,15.03163
/Users/ggcstaff/CarND-Term1-Starter-Kit/CarND-Behavioral-Cloning-P3/dataCW/IMG/center_2017_09_04_12_11_26_555.jpg,/Users/ggcstaff/CarND-Term1-Starter-Kit/CarND-Behavioral-Cloning-P3/dataCW/IMG/left_2017_09_04_12_11_26_555.jpg,/Users/ggcstaff/CarND-Term1-Starter-Kit/CarND-Behavioral-Cloning-P3/dataCW/IMG/right_2017_09_04_12_11_26_555.jpg,0.1954599,0,0,14.90912
/Users/ggcstaff/CarND-Term1-Starter-Kit/CarND-Behavioral-Cloning-P3/dataCW/IMG/center_2017_09_04_12_11_26_624.jpg,/Users/ggcstaff/CarND-Term1-Starter-Kit/CarND-Behavioral-Cloning-P3/dataCW/IMG/left_2017_09_04_12_11_26_624.jpg,/Users/ggcstaff/CarND-Term1-Starter-Kit/CarND-Behavioral-Cloning-P3/dataCW/IMG/right_2017_09_04_12_11_26_624.jpg,0.1954599,0,0,14.32261
/Users/ggcstaff/CarND-Term1-Starter-Kit/CarND-Behavioral-Cloning-P3/dataCW/IMG/center_2017_09_04_12_11_26_695.jpg,/Users/ggcstaff/CarND-Term1-Starter-Kit/CarND-Behavioral-Cloning-P3/dataCW/IMG/left_2017_09_04_12_11_26_695.jpg,/Users/ggcstaff/CarND-Term1-Starter-Kit/CarND-Behavioral-Cloning-P3/dataCW/IMG/right_2017_09_04_12_11_26_695.jpg,0.1954599,0,0,14.21286
/Users/ggcstaff/CarND-Term1-Starter-Kit/CarND-Behavioral-Cloning-P3/dataCW/IMG/center_2017_09_04_12_11_26_762.jpg,/Users/ggcstaff/CarND-Term1-Starter-Kit/CarND-Behavioral-Cloning-P3/dataCW/IMG/left_2017_09_04_12_11_26_762.jpg,/Users/ggcstaff/CarND-Term1-Starter-Kit/CarND-Behavioral-Cloning-P3/dataCW/IMG/right_2017_09_04_12_11_26_762.jpg,0.1954599,0.06366009,0,14.6281
/Users/ggcstaff/CarND-Term1-Starter-Kit/CarND-Behavioral-Cloning-P3/dataCW/IMG/center_2017_09_04_12_11_26_829.jpg,/Users/ggcstaff/CarND-Term1-Starter-Kit/CarND-Behavioral-Cloning-P3/dataCW/IMG/left_2017_09_04_12_11_26_829.jpg,/Users/ggcstaff/CarND-Term1-Starter-Kit/CarND-Behavioral-Cloning-P3/dataCW/IMG/right_2017_09_04_12_11_26_829.jpg,0.1954599,0.300894,0,14.63323
/Users/ggcstaff/CarND-Term1-Starter-Kit/CarND-Behavioral-Cloning-P3/dataCW/IMG/center_2017_09_04_12_11_26_898.jpg,/Users/ggcstaff/CarND-Term1-Starter-Kit/CarND-Behavioral-Cloning-P3/dataCW/IMG/left_2017_09_04_12_11_26_898.jpg,/Users/ggcstaff/CarND-Term1-Starter-Kit/CarND-Behavioral-Cloning-P3/dataCW/IMG/right_2017_09_04_12_11_26_898.jpg,0.1954599,0.4859821,0,14.46931
/Users/ggcstaff/CarND-Term1-Starter-Kit/CarND-Behavioral-Cloning-P3/dataCW/IMG/center_2017_09_04_12_11_26_973.jpg,/Users/ggcstaff/CarND-Term1-Starter-Kit/CarND-Behavioral-Cloning-P3/dataCW/IMG/left_2017_09_04_12_11_26_973.jpg,/Users/ggcstaff/CarND-Term1-Starter-Kit/CarND-Behavioral-Cloning-P3/dataCW/IMG/right_2017_09_04_12_11_26_973.jpg,0.1954599,0.7310071,0,14.9313
/Users/ggcstaff/CarND-Term1-Starter-Kit/CarND-Behavioral-Cloning-P3/dataCW/IMG/center_2017_09_04_12_11_27_047.jpg,/Users/ggcstaff/CarND-Term1-Starter-Kit/CarND-Behavioral-Cloning-P3/dataCW/IMG/left_2017_09_04_12_11_27_047.jpg,/Users/ggcstaff/CarND-Term1-Starter-Kit/CarND-Behavioral-Cloning-P3/dataCW/IMG/right_2017_09_04_12_11_27_047.jpg,0.1954599,0.9191401,0,15.69865
/Users/ggcstaff/CarND-Term1-Starter-Kit/CarND-Behavioral-Cloning-P3/dataCW/IMG/center_2017_09_04_12_11_27_117.jpg,/Users/ggcstaff/CarND-Term1-Starter-Kit/CarND-Behavioral-Cloning-P3/dataCW/IMG/left_2017_09_04_12_11_27_117.jpg,/Users/ggcstaff/CarND-Term1-Starter-Kit/CarND-Behavioral-Cloning-P3/dataCW/IMG/right_2017_09_04_12_11_27_117.jpg,0.1954599,1,0,16.49478
/Users/ggcstaff/CarND-Term1-Starter-Kit/CarND-Behavioral-Cloning-P3/dataCW/IMG/center_2017_09_04_12_11_27_184.jpg,/Users/ggcstaff/CarND-Term1-Starter-Kit/CarND-Behavioral-Cloning-P3/dataCW/IMG/left_2017_09_04_12_11_27_184.jpg,/Users/ggcstaff/CarND-Term1-Starter-Kit/CarND-Behavioral-Cloning-P3/dataCW/IMG/right_2017_09_04_12_11_27_184.jpg,0.1954599,1,0,17.07101
/Users/ggcstaff/CarND-Term1-Starter-Kit/CarND-Behavioral-Cloning-P3/dataCW/IMG/center_2017_09_04_12_11_27_254.jpg,/Users/ggcstaff/CarND-Term1-Starter-Kit/CarND-Behavioral-Cloning-P3/dataCW/IMG/left_2017_09_04_12_11_27_254.jpg,/Users/ggcstaff/CarND-Term1-Starter-Kit/CarND-Behavioral-Cloning-P3/dataCW/IMG/right_2017_09_04_12_11_27_254.jpg,0.2247568,1,0,17.91363
/Users/ggcstaff/CarND-Term1-Starter-Kit/CarND-Behavioral-Cloning-P3/dataCW/IMG/center_2017_09_04_12_11_27_322.jpg,/Users/ggcstaff/CarND-Term1-Starter-Kit/CarND-Behavioral-Cloning-P3/dataCW/IMG/left_2017_09_04_12_11_27_322.jpg,/Users/ggcstaff/CarND-Term1-Starter-Kit/CarND-Behavioral-Cloning-P3/dataCW/IMG/right_2017_09_04_12_11_27_322.jpg,0.2313163,1,0,18.5421
/Users/ggcstaff/CarND-Term1-Starter-Kit/CarND-Behavioral-Cloning-P3/dataCW/IMG/center_2017_09_04_12_11_27_395.jpg,/Users/ggcstaff/CarND-Term1-Starter-Kit/CarND-Behavioral-Cloning-P3/dataCW/IMG/left_2017_09_04_12_11_27_395.jpg,/Users/ggcstaff/CarND-Term1-Starter-Kit/CarND-Behavioral-Cloning-P3/dataCW/IMG/right_2017_09_04_12_11_27_395.jpg,0.2313163,1,0,19.35201
/Users/ggcstaff/CarND-Term1-Starter-Kit/CarND-Behavioral-Cloning-P3/dataCW/IMG/center_2017_09_04_12_11_27_468.jpg,/Users/ggcstaff/CarND-Term1-Starter-Kit/CarND-Behavioral-Cloning-P3/dataCW/IMG/left_2017_09_04_12_11_27_468.jpg,/Users/ggcstaff/CarND-Term1-Starter-Kit/CarND-Behavioral-Cloning-P3/dataCW/IMG/right_2017_09_04_12_11_27_468.jpg,0.2313163,1,0,20.15925
/Users/ggcstaff/CarND-Term1-Starter-Kit/CarND-Behavioral-Cloning-P3/dataCW/IMG/center_2017_09_04_12_11_27_536.jpg,/Users/ggcstaff/CarND-Term1-Starter-Kit/CarND-Behavioral-Cloning-P3/dataCW/IMG/left_2017_09_04_12_11_27_536.jpg,/Users/ggcstaff/CarND-Term1-Starter-Kit/CarND-Behavioral-Cloning-P3/dataCW/IMG/right_2017_09_04_12_11_27_536.jpg,0.2313163,1,0,20.78015
/Users/ggcstaff/CarND-Term1-Starter-Kit/CarND-Behavioral-Cloning-P3/dataCW/IMG/center_2017_09_04_12_11_27_603.jpg,/Users/ggcstaff/CarND-Term1-Starter-Kit/CarND-Behavioral-Cloning-P3/dataCW/IMG/left_2017_09_04_12_11_27_603.jpg,/Users/ggcstaff/CarND-Term1-Starter-Kit/CarND-Behavioral-Cloning-P3/dataCW/IMG/right_2017_09_04_12_11_27_603.jpg,0.2313163,1,0,21.36278
/Users/ggcstaff/CarND-Term1-Starter-Kit/CarND-Behavioral-Cloning-P3/dataCW/IMG/center_2017_09_04_12_11_27_671.jpg,/Users/ggcstaff/CarND-Term1-Starter-Kit/CarND-Behavioral-Cloning-P3/dataCW/IMG/left_2017_09_04_12_11_27_671.jpg,/Users/ggcstaff/CarND-Term1-Starter-Kit/CarND-Behavioral-Cloning-P3/dataCW/IMG/right_2017_09_04_12_11_27_671.jpg,0.2313163,1,0,22.15794
/Users/ggcstaff/CarND-Term1-Starter-Kit/CarND-Behavioral-Cloning-P3/dataCW/IMG/center_2017_09_04_12_11_27_739.jpg,/Users/ggcstaff/CarND-Term1-Starter-Kit/CarND-Behavioral-Cloning-P3/dataCW/IMG/left_2017_09_04_12_11_27_739.jpg,/Users/ggcstaff/CarND-Term1-Starter-Kit/CarND-Behavioral-Cloning-P3/dataCW/IMG/right_2017_09_04_12_11_27_739.jpg,0.2313163,1,0,22.76189
/Users/ggcstaff/CarND-Term1-Starter-Kit/CarND-Behavioral-Cloning-P3/dataCW/IMG/center_2017_09_04_12_11_27_809.jpg,/Users/ggcstaff/CarND-Term1-Starter-Kit/CarND-Behavioral-Cloning-P3/dataCW/IMG/left_2017_09_04_12_11_27_809.jpg,/Users/ggcstaff/CarND-Term1-Starter-Kit/CarND-Behavioral-Cloning-P3/dataCW/IMG/right_2017_09_04_12_11_27_809.jpg,0.2313163,1,0,23.54125
/Users/ggcstaff/CarND-Term1-Starter-Kit/CarND-Behavioral-Cloning-P3/dataCW/IMG/center_2017_09_04_12_11_27_875.jpg,/Users/ggcstaff/CarND-Term1-Starter-Kit/CarND-Behavioral-Cloning-P3/dataCW/IMG/left_2017_09_04_12_11_27_875.jpg,/Users/ggcstaff/CarND-Term1-Starter-Kit/CarND-Behavioral-Cloning-P3/dataCW/IMG/right_2017_09_04_12_11_27_875.jpg,0.2313163,1,0,24.11874
/Users/ggcstaff/CarND-Term1-Starter-Kit/CarND-Behavioral-Cloning-P3/dataCW/IMG/center_2017_09_04_12_11_27_945.jpg,/Users/ggcstaff/CarND-Term1-Starter-Kit/CarND-Behavioral-Cloning-P3/dataCW/IMG/left_2017_09_04_12_11_27_945.jpg,/Users/ggcstaff/CarND-Term1-Starter-Kit/CarND-Behavioral-Cloning-P3/dataCW/IMG/right_2017_09_04_12_11_27_945.jpg,0.2313163,1,0,24.69953
/Users/ggcstaff/CarND-Term1-Starter-Kit/CarND-Behavioral-Cloning-P3/dataCW/IMG/center_2017_09_04_12_11_28_019.jpg,/Users/ggcstaff/CarND-Term1-Starter-Kit/CarND-Behavioral-Cloning-P3/dataCW/IMG/left_2017_09_04_12_11_28_019.jpg,/Users/ggcstaff/CarND-Term1-Starter-Kit/CarND-Behavioral-Cloning-P3/dataCW/IMG/right_2017_09_04_12_11_28_019.jpg,0.2313163,1,0,25.46471
/Users/ggcstaff/CarND-Term1-Starter-Kit/CarND-Behavioral-Cloning-P3/dataCW/IMG/center_2017_09_04_12_11_28_089.jpg,/Users/ggcstaff/CarND-Term1-Starter-Kit/CarND-Behavioral-Cloning-P3/dataCW/IMG/left_2017_09_04_12_11_28_089.jpg,/Users/ggcstaff/CarND-Term1-Starter-Kit/CarND-Behavioral-Cloning-P3/dataCW/IMG/right_2017_09_04_12_11_28_089.jpg,0.2313163,1,0,26.22381
/Users/ggcstaff/CarND-Term1-Starter-Kit/CarND-Behavioral-Cloning-P3/dataCW/IMG/center_2017_09_04_12_11_28_157.jpg,/Users/ggcstaff/CarND-Term1-Starter-Kit/CarND-Behavioral-Cloning-P3/dataCW/IMG/left_2017_09_04_12_11_28_157.jpg,/Users/ggcstaff/CarND-Term1-Starter-Kit/CarND-Behavioral-Cloning-P3/dataCW/IMG/right_2017_09_04_12_11_28_157.jpg,0.2313163,1,0,26.78907
/Users/ggcstaff/CarND-Term1-Starter-Kit/CarND-Behavioral-Cloning-P3/dataCW/IMG/center_2017_09_04_12_11_28_227.jpg,/Users/ggcstaff/CarND-Term1-Starter-Kit/CarND-Behavioral-Cloning-P3/dataCW/IMG/left_2017_09_04_12_11_28_227.jpg,/Users/ggcstaff/CarND-Term1-Starter-Kit/CarND-Behavioral-Cloning-P3/dataCW/IMG/right_2017_09_04_12_11_28_227.jpg,0.2313163,1,0,27.35105
/Users/ggcstaff/CarND-Term1-Starter-Kit/CarND-Behavioral-Cloning-P3/dataCW/IMG/center_2017_09_04_12_11_28_294.jpg,/Users/ggcstaff/CarND-Term1-Starter-Kit/CarND-Behavioral-Cloning-P3/dataCW/IMG/left_2017_09_04_12_11_28_294.jpg,/Users/ggcstaff/CarND-Term1-Starter-Kit/CarND-Behavioral-Cloning-P3/dataCW/IMG/right_2017_09_04_12_11_28_294.jpg,0.2313163,0.7616528,0,27.99106
/Users/ggcstaff/CarND-Term1-Starter-Kit/CarND-Behavioral-Cloning-P3/dataCW/IMG/center_2017_09_04_12_11_28_361.jpg,/Users/ggcstaff/CarND-Term1-Starter-Kit/CarND-Behavioral-Cloning-P3/dataCW/IMG/left_2017_09_04_12_11_28_361.jpg,/Users/ggcstaff/CarND-Term1-Starter-Kit/CarND-Behavioral-Cloning-P3/dataCW/IMG/right_2017_09_04_12_11_28_361.jpg,0.2313163,0.582418,0,28.31852
/Users/ggcstaff/CarND-Term1-Starter-Kit/CarND-Behavioral-Cloning-P3/dataCW/IMG/center_2017_09_04_12_11_28_431.jpg,/Users/ggcstaff/CarND-Term1-Starter-Kit/CarND-Behavioral-Cloning-P3/dataCW/IMG/left_2017_09_04_12_11_28_431.jpg,/Users/ggcstaff/CarND-Term1-Starter-Kit/CarND-Behavioral-Cloning-P3/dataCW/IMG/right_2017_09_04_12_11_28_431.jpg,0.2313163,0.340261,0,28.54667
/Users/ggcstaff/CarND-Term1-Starter-Kit/CarND-Behavioral-Cloning-P3/dataCW/IMG/center_2017_09_04_12_11_28_499.jpg,/Users/ggcstaff/CarND-Term1-Starter-Kit/CarND-Behavioral-Cloning-P3/dataCW/IMG/left_2017_09_04_12_11_28_499.jpg,/Users/ggcstaff/CarND-Term1-Starter-Kit/CarND-Behavioral-Cloning-P3/dataCW/IMG/right_2017_09_04_12_11_28_499.jpg,0.2313163,0.163036,0,28.55997
/Users/ggcstaff/CarND-Term1-Starter-Kit/CarND-Behavioral-Cloning-P3/dataCW/IMG/center_2017_09_04_12_11_28_567.jpg,/Users/ggcstaff/CarND-Term1-Starter-Kit/CarND-Behavioral-Cloning-P3/dataCW/IMG/left_2017_09_04_12_11_28_567.jpg,/Users/ggcstaff/CarND-Term1-Starter-Kit/CarND-Behavioral-Cloning-P3/dataCW/IMG/right_2017_09_04_12_11_28_567.jpg,0.2313163,0,0,28.44374
/Users/ggcstaff/CarND-Term1-Starter-Kit/CarND-Behavioral-Cloning-P3/dataCW/IMG/center_2017_09_04_12_11_28_637.jpg,/Users/ggcstaff/CarND-Term1-Starter-Kit/CarND-Behavioral-Cloning-P3/dataCW/IMG/left_2017_09_04_12_11_28_637.jpg,/Users/ggcstaff/CarND-Term1-Starter-Kit/CarND-Behavioral-Cloning-P3/dataCW/IMG/right_2017_09_04_12_11_28_637.jpg,0.2313163,0,0,28.20882
/Users/ggcstaff/CarND-Term1-Starter-Kit/CarND-Behavioral-Cloning-P3/dataCW/IMG/center_2017_09_04_12_11_28_713.jpg,/Users/ggcstaff/CarND-Term1-Starter-Kit/CarND-Behavioral-Cloning-P3/dataCW/IMG/left_2017_09_04_12_11_28_713.jpg,/Users/ggcstaff/CarND-Term1-Starter-Kit/CarND-Behavioral-Cloning-P3/dataCW/IMG/right_2017_09_04_12_11_28_713.jpg,0.2313163,0,0,27.9782
/Users/ggcstaff/CarND-Term1-Starter-Kit/CarND-Behavioral-Cloning-P3/dataCW/IMG/center_2017_09_04_12_11_28_781.jpg,/Users/ggcstaff/CarND-Term1-Starter-Kit/CarND-Behavioral-Cloning-P3/dataCW/IMG/left_2017_09_04_12_11_28_781.jpg,/Users/ggcstaff/CarND-Term1-Starter-Kit/CarND-Behavioral-Cloning-P3/dataCW/IMG/right_2017_09_04_12_11_28_781.jpg,0.2313163,0,0,27.80657
/Users/ggcstaff/CarND-Term1-Starter-Kit/CarND-Behavioral-Cloning-P3/dataCW/IMG/center_2017_09_04_12_11_28_850.jpg,/Users/ggcstaff/CarND-Term1-Starter-Kit/CarND-Behavioral-Cloning-P3/dataCW/IMG/left_2017_09_04_12_11_28_850.jpg,/Users/ggcstaff/CarND-Term1-Starter-Kit/CarND-Behavioral-Cloning-P3/dataCW/IMG/right_2017_09_04_12_11_28_850.jpg,0.1977078,0,0,27.58087
/Users/ggcstaff/CarND-Term1-Starter-Kit/CarND-Behavioral-Cloning-P3/dataCW/IMG/center_2017_09_04_12_11_28_922.jpg,/Users/ggcstaff/CarND-Term1-Starter-Kit/CarND-Behavioral-Cloning-P3/dataCW/IMG/left_2017_09_04_12_11_28_922.jpg,/Users/ggcstaff/CarND-Term1-Starter-Kit/CarND-Behavioral-Cloning-P3/dataCW/IMG/right_2017_09_04_12_11_28_922.jpg,0.1399985,0,0,27.41881
/Users/ggcstaff/CarND-Term1-Starter-Kit/CarND-Behavioral-Cloning-P3/dataCW/IMG/center_2017_09_04_12_11_28_990.jpg,/Users/ggcstaff/CarND-Term1-Starter-Kit/CarND-Behavioral-Cloning-P3/dataCW/IMG/left_2017_09_04_12_11_28_990.jpg,/Users/ggcstaff/CarND-Term1-Starter-Kit/CarND-Behavioral-Cloning-P3/dataCW/IMG/right_2017_09_04_12_11_28_990.jpg,0.1101489,0,0,27.20313
/Users/ggcstaff/CarND-Term1-Starter-Kit/CarND-Behavioral-Cloning-P3/dataCW/IMG/center_2017_09_04_12_11_29_062.jpg,/Users/ggcstaff/CarND-Term1-Starter-Kit/CarND-Behavioral-Cloning-P3/dataCW/IMG/left_2017_09_04_12_11_29_062.jpg,/Users/ggcstaff/CarND-Term1-Starter-Kit/CarND-Behavioral-Cloning-P3/dataCW/IMG/right_2017_09_04_12_11_29_062.jpg,0.09150206,0,0,27.04171
/Users/ggcstaff/CarND-Term1-Starter-Kit/CarND-Behavioral-Cloning-P3/dataCW/IMG/center_2017_09_04_12_11_29_132.jpg,/Users/ggcstaff/CarND-Term1-Starter-Kit/CarND-Behavioral-Cloning-P3/dataCW/IMG/left_2017_09_04_12_11_29_132.jpg,/Users/ggcstaff/CarND-Term1-Starter-Kit/CarND-Behavioral-Cloning-P3/dataCW/IMG/right_2017_09_04_12_11_29_132.jpg,0.09150206,0,0,26.82572
/Users/ggcstaff/CarND-Term1-Starter-Kit/CarND-Behavioral-Cloning-P3/dataCW/IMG/center_2017_09_04_12_11_29_199.jpg,/Users/ggcstaff/CarND-Term1-Starter-Kit/CarND-Behavioral-Cloning-P3/dataCW/IMG/left_2017_09_04_12_11_29_199.jpg,/Users/ggcstaff/CarND-Term1-Starter-Kit/CarND-Behavioral-Cloning-P3/dataCW/IMG/right_2017_09_04_12_11_29_199.jpg,0.09150206,0,0,26.6638
/Users/ggcstaff/CarND-Term1-Starter-Kit/CarND-Behavioral-Cloning-P3/dataCW/IMG/center_2017_09_04_12_11_29_271.jpg,/Users/ggcstaff/CarND-Term1-Starter-Kit/CarND-Behavioral-Cloning-P3/dataCW/IMG/left_2017_09_04_12_11_29_271.jpg,/Users/ggcstaff/CarND-Term1-Starter-Kit/CarND-Behavioral-Cloning-P3/dataCW/IMG/right_2017_09_04_12_11_29_271.jpg,-0.006412146,0,0,26.44832
/Users/ggcstaff/CarND-Term1-Starter-Kit/CarND-Behavioral-Cloning-P3/dataCW/IMG/center_2017_09_04_12_11_29_338.jpg,/Users/ggcstaff/CarND-Term1-Starter-Kit/CarND-Behavioral-Cloning-P3/dataCW/IMG/left_2017_09_04_12_11_29_338.jpg,/Users/ggcstaff/CarND-Term1-Starter-Kit/CarND-Behavioral-Cloning-P3/dataCW/IMG/right_2017_09_04_12_11_29_338.jpg,-0.08099941,0,0,26.27549
/Users/ggcstaff/CarND-Term1-Starter-Kit/CarND-Behavioral-Cloning-P3/dataCW/IMG/center_2017_09_04_12_11_29_406.jpg,/Users/ggcstaff/CarND-Term1-Starter-Kit/CarND-Behavioral-Cloning-P3/dataCW/IMG/left_2017_09_04_12_11_29_406.jpg,/Users/ggcstaff/CarND-Term1-Starter-Kit/CarND-Behavioral-Cloning-P3/dataCW/IMG/right_2017_09_04_12_11_29_406.jpg,-0.08099941,0,0,26.10882
/Users/ggcstaff/CarND-Term1-Starter-Kit/CarND-Behavioral-Cloning-P3/dataCW/IMG/center_2017_09_04_12_11_29_474.jpg,/Users/ggcstaff/CarND-Term1-Starter-Kit/CarND-Behavioral-Cloning-P3/dataCW/IMG/left_2017_09_04_12_11_29_474.jpg,/Users/ggcstaff/CarND-Term1-Starter-Kit/CarND-Behavioral-Cloning-P3/dataCW/IMG/right_2017_09_04_12_11_29_474.jpg,-0.08099941,0,0,25.89254
/Users/ggcstaff/CarND-Term1-Starter-Kit/CarND-Behavioral-Cloning-P3/dataCW/IMG/center_2017_09_04_12_11_29_542.jpg,/Users/ggcstaff/CarND-Term1-Starter-Kit/CarND-Behavioral-Cloning-P3/dataCW/IMG/left_2017_09_04_12_11_29_542.jpg,/Users/ggcstaff/CarND-Term1-Starter-Kit/CarND-Behavioral-Cloning-P3/dataCW/IMG/right_2017_09_04_12_11_29_542.jpg,-0.08099941,0,0,25.73311
/Users/ggcstaff/CarND-Term1-Starter-Kit/CarND-Behavioral-Cloning-P3/dataCW/IMG/center_2017_09_04_12_11_29_610.jpg,/Users/ggcstaff/CarND-Term1-Starter-Kit/CarND-Behavioral-Cloning-P3/dataCW/IMG/left_2017_09_04_12_11_29_610.jpg,/Users/ggcstaff/CarND-Term1-Starter-Kit/CarND-Behavioral-Cloning-P3/dataCW/IMG/right_2017_09_04_12_11_29_610.jpg,-0.08099941,0,0,25.52337
/Users/ggcstaff/CarND-Term1-Starter-Kit/CarND-Behavioral-Cloning-P3/dataCW/IMG/center_2017_09_04_12_11_29_678.jpg,/Users/ggcstaff/CarND-Term1-Starter-Kit/CarND-Behavioral-Cloning-P3/dataCW/IMG/left_2017_09_04_12_11_29_678.jpg,/Users/ggcstaff/CarND-Term1-Starter-Kit/CarND-Behavioral-Cloning-P3/dataCW/IMG/right_2017_09_04_12_11_29_678.jpg,-0.08099941,0,0,25.36766
/Users/ggcstaff/CarND-Term1-Starter-Kit/CarND-Behavioral-Cloning-P3/dataCW/IMG/center_2017_09_04_12_11_29_746.jpg,/Users/ggcstaff/CarND-Term1-Starter-Kit/CarND-Behavioral-Cloning-P3/dataCW/IMG/left_2017_09_04_12_11_29_746.jpg,/Users/ggcstaff/CarND-Term1-Starter-Kit/CarND-Behavioral-Cloning-P3/dataCW/IMG/right_2017_09_04_12_11_29_746.jpg,-0.07443986,0,0,25.21323
/Users/ggcstaff/CarND-Term1-Starter-Kit/CarND-Behavioral-Cloning-P3/dataCW/IMG/center_2017_09_04_12_11_29_814.jpg,/Users/ggcstaff/CarND-Term1-Starter-Kit/CarND-Behavioral-Cloning-P3/dataCW/IMG/left_2017_09_04_12_11_29_814.jpg,/Users/ggcstaff/CarND-Term1-Starter-Kit/CarND-Behavioral-Cloning-P3/dataCW/IMG/right_2017_09_04_12_11_29_814.jpg,-0.0416421,0,0,25.01005
/Users/ggcstaff/CarND-Term1-Starter-Kit/CarND-Behavioral-Cloning-P3/dataCW/IMG/center_2017_09_04_12_11_29_882.jpg,/Users/ggcstaff/CarND-Term1-Starter-Kit/CarND-Behavioral-Cloning-P3/dataCW/IMG/left_2017_09_04_12_11_29_882.jpg,/Users/ggcstaff/CarND-Term1-Starter-Kit/CarND-Behavioral-Cloning-P3/dataCW/IMG/right_2017_09_04_12_11_29_882.jpg,-0.03180277,0,0,24.85888
/Users/ggcstaff/CarND-Term1-Starter-Kit/CarND-Behavioral-Cloning-P3/dataCW/IMG/center_2017_09_04_12_11_29_949.jpg,/Users/ggcstaff/CarND-Term1-Starter-Kit/CarND-Behavioral-Cloning-P3/dataCW/IMG/left_2017_09_04_12_11_29_949.jpg,/Users/ggcstaff/CarND-Term1-Starter-Kit/CarND-Behavioral-Cloning-P3/dataCW/IMG/right_2017_09_04_12_11_29_949.jpg,-0.01540389,0,0,24.6585
/Users/ggcstaff/CarND-Term1-Starter-Kit/CarND-Behavioral-Cloning-P3/dataCW/IMG/center_2017_09_04_12_11_30_018.jpg,/Users/ggcstaff/CarND-Term1-Starter-Kit/CarND-Behavioral-Cloning-P3/dataCW/IMG/left_2017_09_04_12_11_30_018.jpg,/Users/ggcstaff/CarND-Term1-Starter-Kit/CarND-Behavioral-Cloning-P3/dataCW/IMG/right_2017_09_04_12_11_30_018.jpg,0.0009949883,0,0,24.50915
/Users/ggcstaff/CarND-Term1-Starter-Kit/CarND-Behavioral-Cloning-P3/dataCW/IMG/center_2017_09_04_12_11_30_087.jpg,/Users/ggcstaff/CarND-Term1-Starter-Kit/CarND-Behavioral-Cloning-P3/dataCW/IMG/left_2017_09_04_12_11_30_087.jpg,/Users/ggcstaff/CarND-Term1-Starter-Kit/CarND-Behavioral-Cloning-P3/dataCW/IMG/right_2017_09_04_12_11_30_087.jpg,0.01411409,0,0,24.36047
/Users/ggcstaff/CarND-Term1-Starter-Kit/CarND-Behavioral-Cloning-P3/dataCW/IMG/center_2017_09_04_12_11_30_156.jpg,/Users/ggcstaff/CarND-Term1-Starter-Kit/CarND-Behavioral-Cloning-P3/dataCW/IMG/left_2017_09_04_12_11_30_156.jpg,/Users/ggcstaff/CarND-Term1-Starter-Kit/CarND-Behavioral-Cloning-P3/dataCW/IMG/right_2017_09_04_12_11_30_156.jpg,0.02067364,0,0,24.16331
/Users/ggcstaff/CarND-Term1-Starter-Kit/CarND-Behavioral-Cloning-P3/dataCW/IMG/center_2017_09_04_12_11_30_224.jpg,/Users/ggcstaff/CarND-Term1-Starter-Kit/CarND-Behavioral-Cloning-P3/dataCW/IMG/left_2017_09_04_12_11_30_224.jpg,/Users/ggcstaff/CarND-Term1-Starter-Kit/CarND-Behavioral-Cloning-P3/dataCW/IMG/right_2017_09_04_12_11_30_224.jpg,0.02067364,0,0,24.01692
/Users/ggcstaff/CarND-Term1-Starter-Kit/CarND-Behavioral-Cloning-P3/dataCW/IMG/center_2017_09_04_12_11_30_291.jpg,/Users/ggcstaff/CarND-Term1-Starter-Kit/CarND-Behavioral-Cloning-P3/dataCW/IMG/left_2017_09_04_12_11_30_291.jpg,/Users/ggcstaff/CarND-Term1-Starter-Kit/CarND-Behavioral-Cloning-P3/dataCW/IMG/right_2017_09_04_12_11_30_291.jpg,0.02067364,0,0,23.82341
/Users/ggcstaff/CarND-Term1-Starter-Kit/CarND-Behavioral-Cloning-P3/dataCW/IMG/center_2017_09_04_12_11_30_359.jpg,/Users/ggcstaff/CarND-Term1-Starter-Kit/CarND-Behavioral-Cloning-P3/dataCW/IMG/left_2017_09_04_12_11_30_359.jpg,/Users/ggcstaff/CarND-Term1-Starter-Kit/CarND-Behavioral-Cloning-P3/dataCW/IMG/right_2017_09_04_12_11_30_359.jpg,0.02067364,0,0,23.67933
/Users/ggcstaff/CarND-Term1-Starter-Kit/CarND-Behavioral-Cloning-P3/dataCW/IMG/center_2017_09_04_12_11_30_427.jpg,/Users/ggcstaff/CarND-Term1-Starter-Kit/CarND-Behavioral-Cloning-P3/dataCW/IMG/left_2017_09_04_12_11_30_427.jpg,/Users/ggcstaff/CarND-Term1-Starter-Kit/CarND-Behavioral-Cloning-P3/dataCW/IMG/right_2017_09_04_12_11_30_427.jpg,0.02067364,0,0,23.53613
/Users/ggcstaff/CarND-Term1-Starter-Kit/CarND-Behavioral-Cloning-P3/dataCW/IMG/center_2017_09_04_12_11_30_497.jpg,/Users/ggcstaff/CarND-Term1-Starter-Kit/CarND-Behavioral-Cloning-P3/dataCW/IMG/left_2017_09_04_12_11_30_497.jpg,/Users/ggcstaff/CarND-Term1-Starter-Kit/CarND-Behavioral-Cloning-P3/dataCW/IMG/right_2017_09_04_12_11_30_497.jpg,0.004090507,0,0,23.34676
/Users/ggcstaff/CarND-Term1-Starter-Kit/CarND-Behavioral-Cloning-P3/dataCW/IMG/center_2017_09_04_12_11_30_564.jpg,/Users/ggcstaff/CarND-Term1-Starter-Kit/CarND-Behavioral-Cloning-P3/dataCW/IMG/left_2017_09_04_12_11_30_564.jpg,/Users/ggcstaff/CarND-Term1-Starter-Kit/CarND-Behavioral-Cloning-P3/dataCW/IMG/right_2017_09_04_12_11_30_564.jpg,-0.009176003,0,0,23.2058
/Users/ggcstaff/CarND-Term1-Starter-Kit/CarND-Behavioral-Cloning-P3/dataCW/IMG/center_2017_09_04_12_11_30_644.jpg,/Users/ggcstaff/CarND-Term1-Starter-Kit/CarND-Behavioral-Cloning-P3/dataCW/IMG/left_2017_09_04_12_11_30_644.jpg,/Users/ggcstaff/CarND-Term1-Starter-Kit/CarND-Behavioral-Cloning-P3/dataCW/IMG/right_2017_09_04_12_11_30_644.jpg,-0.01249263,0,0,23.01914
/Users/ggcstaff/CarND-Term1-Starter-Kit/CarND-Behavioral-Cloning-P3/dataCW/IMG/center_2017_09_04_12_11_30_719.jpg,/Users/ggcstaff/CarND-Term1-Starter-Kit/CarND-Behavioral-Cloning-P3/dataCW/IMG/left_2017_09_04_12_11_30_719.jpg,/Users/ggcstaff/CarND-Term1-Starter-Kit/CarND-Behavioral-Cloning-P3/dataCW/IMG/right_2017_09_04_12_11_30_719.jpg,-0.01249263,0,0,22.83408
/Users/ggcstaff/CarND-Term1-Starter-Kit/CarND-Behavioral-Cloning-P3/dataCW/IMG/center_2017_09_04_12_11_30_790.jpg,/Users/ggcstaff/CarND-Term1-Starter-Kit/CarND-Behavioral-Cloning-P3/dataCW/IMG/left_2017_09_04_12_11_30_790.jpg,/Users/ggcstaff/CarND-Term1-Starter-Kit/CarND-Behavioral-Cloning-P3/dataCW/IMG/right_2017_09_04_12_11_30_790.jpg,-0.03445607,0,0,22.65013
/Users/ggcstaff/CarND-Term1-Starter-Kit/CarND-Behavioral-Cloning-P3/dataCW/IMG/center_2017_09_04_12_11_30_869.jpg,/Users/ggcstaff/CarND-Term1-Starter-Kit/CarND-Behavioral-Cloning-P3/dataCW/IMG/left_2017_09_04_12_11_30_869.jpg,/Users/ggcstaff/CarND-Term1-Starter-Kit/CarND-Behavioral-Cloning-P3/dataCW/IMG/right_2017_09_04_12_11_30_869.jpg,-0.05767246,0,0,22.46694
/Users/ggcstaff/CarND-Term1-Starter-Kit/CarND-Behavioral-Cloning-P3/dataCW/IMG/center_2017_09_04_12_11_30_940.jpg,/Users/ggcstaff/CarND-Term1-Starter-Kit/CarND-Behavioral-Cloning-P3/dataCW/IMG/left_2017_09_04_12_11_30_940.jpg,/Users/ggcstaff/CarND-Term1-Starter-Kit/CarND-Behavioral-Cloning-P3/dataCW/IMG/right_2017_09_04_12_11_30_940.jpg,-0.05767246,0,0,22.33082
/Users/ggcstaff/CarND-Term1-Starter-Kit/CarND-Behavioral-Cloning-P3/dataCW/IMG/center_2017_09_04_12_11_31_017.jpg,/Users/ggcstaff/CarND-Term1-Starter-Kit/CarND-Behavioral-Cloning-P3/dataCW/IMG/left_2017_09_04_12_11_31_017.jpg,/Users/ggcstaff/CarND-Term1-Starter-Kit/CarND-Behavioral-Cloning-P3/dataCW/IMG/right_2017_09_04_12_11_31_017.jpg,-0.05767246,0,0,22.15125
/Users/ggcstaff/CarND-Term1-Starter-Kit/CarND-Behavioral-Cloning-P3/dataCW/IMG/center_2017_09_04_12_11_31_086.jpg,/Users/ggcstaff/CarND-Term1-Starter-Kit/CarND-Behavioral-Cloning-P3/dataCW/IMG/left_2017_09_04_12_11_31_086.jpg,/Users/ggcstaff/CarND-Term1-Starter-Kit/CarND-Behavioral-Cloning-P3/dataCW/IMG/right_2017_09_04_12_11_31_086.jpg,-0.05767246,0,0,22.01786
/Users/ggcstaff/CarND-Term1-Starter-Kit/CarND-Behavioral-Cloning-P3/dataCW/IMG/center_2017_09_04_12_11_31_153.jpg,/Users/ggcstaff/CarND-Term1-Starter-Kit/CarND-Behavioral-Cloning-P3/dataCW/IMG/left_2017_09_04_12_11_31_153.jpg,/Users/ggcstaff/CarND-Term1-Starter-Kit/CarND-Behavioral-Cloning-P3/dataCW/IMG/right_2017_09_04_12_11_31_153.jpg,-0.05767246,0,0,21.84144
/Users/ggcstaff/CarND-Term1-Starter-Kit/CarND-Behavioral-Cloning-P3/dataCW/IMG/center_2017_09_04_12_11_31_221.jpg,/Users/ggcstaff/CarND-Term1-Starter-Kit/CarND-Behavioral-Cloning-P3/dataCW/IMG/left_2017_09_04_12_11_31_221.jpg,/Users/ggcstaff/CarND-Term1-Starter-Kit/CarND-Behavioral-Cloning-P3/dataCW/IMG/right_2017_09_04_12_11_31_221.jpg,-0.04245283,0,0,21.71029
/Users/ggcstaff/CarND-Term1-Starter-Kit/CarND-Behavioral-Cloning-P3/dataCW/IMG/center_2017_09_04_12_11_31_289.jpg,/Users/ggcstaff/CarND-Term1-Starter-Kit/CarND-Behavioral-Cloning-P3/dataCW/IMG/left_2017_09_04_12_11_31_289.jpg,/Users/ggcstaff/CarND-Term1-Starter-Kit/CarND-Behavioral-Cloning-P3/dataCW/IMG/right_2017_09_04_12_11_31_289.jpg,-0.02277417,0,0,21.53695
/Users/ggcstaff/CarND-Term1-Starter-Kit/CarND-Behavioral-Cloning-P3/dataCW/IMG/center_2017_09_04_12_11_31_360.jpg,/Users/ggcstaff/CarND-Term1-Starter-Kit/CarND-Behavioral-Cloning-P3/dataCW/IMG/left_2017_09_04_12_11_31_360.jpg,/Users/ggcstaff/CarND-Term1-Starter-Kit/CarND-Behavioral-Cloning-P3/dataCW/IMG/right_2017_09_04_12_11_31_360.jpg,0.0001842571,0,0,21.4076
/Users/ggcstaff/CarND-Term1-Starter-Kit/CarND-Behavioral-Cloning-P3/dataCW/IMG/center_2017_09_04_12_11_31_431.jpg,/Users/ggcstaff/CarND-Term1-Starter-Kit/CarND-Behavioral-Cloning-P3/dataCW/IMG/left_2017_09_04_12_11_31_431.jpg,/Users/ggcstaff/CarND-Term1-Starter-Kit/CarND-Behavioral-Cloning-P3/dataCW/IMG/right_2017_09_04_12_11_31_431.jpg,0.03836232,0,0,21.23492
/Users/ggcstaff/CarND-Term1-Starter-Kit/CarND-Behavioral-Cloning-P3/dataCW/IMG/center_2017_09_04_12_11_31_501.jpg,/Users/ggcstaff/CarND-Term1-Starter-Kit/CarND-Behavioral-Cloning-P3/dataCW/IMG/left_2017_09_04_12_11_31_501.jpg,/Users/ggcstaff/CarND-Term1-Starter-Kit/CarND-Behavioral-Cloning-P3/dataCW/IMG/right_2017_09_04_12_11_31_501.jpg,0.0547612,0,0,21.10563
/Users/ggcstaff/CarND-Term1-Starter-Kit/CarND-Behavioral-Cloning-P3/dataCW/IMG/center_2017_09_04_12_11_31_571.jpg,/Users/ggcstaff/CarND-Term1-Starter-Kit/CarND-Behavioral-Cloning-P3/dataCW/IMG/left_2017_09_04_12_11_31_571.jpg,/Users/ggcstaff/CarND-Term1-Starter-Kit/CarND-Behavioral-Cloning-P3/dataCW/IMG/right_2017_09_04_12_11_31_571.jpg,0.06460053,0,0,20.93466
/Users/ggcstaff/CarND-Term1-Starter-Kit/CarND-Behavioral-Cloning-P3/dataCW/IMG/center_2017_09_04_12_11_31_644.jpg,/Users/ggcstaff/CarND-Term1-Starter-Kit/CarND-Behavioral-Cloning-P3/dataCW/IMG/left_2017_09_04_12_11_31_644.jpg,/Users/ggcstaff/CarND-Term1-Starter-Kit/CarND-Behavioral-Cloning-P3/dataCW/IMG/right_2017_09_04_12_11_31_644.jpg,0.06788031,0,0,20.80761
/Users/ggcstaff/CarND-Term1-Starter-Kit/CarND-Behavioral-Cloning-P3/dataCW/IMG/center_2017_09_04_12_11_31_712.jpg,/Users/ggcstaff/CarND-Term1-Starter-Kit/CarND-Behavioral-Cloning-P3/dataCW/IMG/left_2017_09_04_12_11_31_712.jpg,/Users/ggcstaff/CarND-Term1-Starter-Kit/CarND-Behavioral-Cloning-P3/dataCW/IMG/right_2017_09_04_12_11_31_712.jpg,0.06788031,0,0,20.64011
/Users/ggcstaff/CarND-Term1-Starter-Kit/CarND-Behavioral-Cloning-P3/dataCW/IMG/center_2017_09_04_12_11_31_792.jpg,/Users/ggcstaff/CarND-Term1-Starter-Kit/CarND-Behavioral-Cloning-P3/dataCW/IMG/left_2017_09_04_12_11_31_792.jpg,/Users/ggcstaff/CarND-Term1-Starter-Kit/CarND-Behavioral-Cloning-P3/dataCW/IMG/right_2017_09_04_12_11_31_792.jpg,0.06788031,0,0,20.47424
/Users/ggcstaff/CarND-Term1-Starter-Kit/CarND-Behavioral-Cloning-P3/dataCW/IMG/center_2017_09_04_12_11_31_864.jpg,/Users/ggcstaff/CarND-Term1-Starter-Kit/CarND-Behavioral-Cloning-P3/dataCW/IMG/left_2017_09_04_12_11_31_864.jpg,/Users/ggcstaff/CarND-Term1-Starter-Kit/CarND-Behavioral-Cloning-P3/dataCW/IMG/right_2017_09_04_12_11_31_864.jpg,0.06788031,0,0,20.35085
/Users/ggcstaff/CarND-Term1-Starter-Kit/CarND-Behavioral-Cloning-P3/dataCW/IMG/center_2017_09_04_12_11_31_937.jpg,/Users/ggcstaff/CarND-Term1-Starter-Kit/CarND-Behavioral-Cloning-P3/dataCW/IMG/left_2017_09_04_12_11_31_937.jpg,/Users/ggcstaff/CarND-Term1-Starter-Kit/CarND-Behavioral-Cloning-P3/dataCW/IMG/right_2017_09_04_12_11_31_937.jpg,0.06788031,0,0,20.18747
/Users/ggcstaff/CarND-Term1-Starter-Kit/CarND-Behavioral-Cloning-P3/dataCW/IMG/center_2017_09_04_12_11_32_013.jpg,/Users/ggcstaff/CarND-Term1-Starter-Kit/CarND-Behavioral-Cloning-P3/dataCW/IMG/left_2017_09_04_12_11_32_013.jpg,/Users/ggcstaff/CarND-Term1-Starter-Kit/CarND-Behavioral-Cloning-P3/dataCW/IMG/right_2017_09_04_12_11_32_013.jpg,0.06124705,0,0,20.02559
/Users/ggcstaff/CarND-Term1-Starter-Kit/CarND-Behavioral-Cloning-P3/dataCW/IMG/center_2017_09_04_12_11_32_081.jpg,/Users/ggcstaff/CarND-Term1-Starter-Kit/CarND-Behavioral-Cloning-P3/dataCW/IMG/left_2017_09_04_12_11_32_081.jpg,/Users/ggcstaff/CarND-Term1-Starter-Kit/CarND-Behavioral-Cloning-P3/dataCW/IMG/right_2017_09_04_12_11_32_081.jpg,0.05793042,0,0,19.90507
/Users/ggcstaff/CarND-Term1-Starter-Kit/CarND-Behavioral-Cloning-P3/dataCW/IMG/center_2017_09_04_12_11_32_148.jpg,/Users/ggcstaff/CarND-Term1-Starter-Kit/CarND-Behavioral-Cloning-P3/dataCW/IMG/left_2017_09_04_12_11_32_148.jpg,/Users/ggcstaff/CarND-Term1-Starter-Kit/CarND-Behavioral-Cloning-P3/dataCW/IMG/right_2017_09_04_12_11_32_148.jpg,0.0546138,0,0,19.74559
/Users/ggcstaff/CarND-Term1-Starter-Kit/CarND-Behavioral-Cloning-P3/dataCW/IMG/center_2017_09_04_12_11_32_217.jpg,/Users/ggcstaff/CarND-Term1-Starter-Kit/CarND-Behavioral-Cloning-P3/dataCW/IMG/left_2017_09_04_12_11_32_217.jpg,/Users/ggcstaff/CarND-Term1-Starter-Kit/CarND-Behavioral-Cloning-P3/dataCW/IMG/right_2017_09_04_12_11_32_217.jpg,0.05129717,0,0,19.62687
/Users/ggcstaff/CarND-Term1-Starter-Kit/CarND-Behavioral-Cloning-P3/dataCW/IMG/center_2017_09_04_12_11_32_291.jpg,/Users/ggcstaff/CarND-Term1-Starter-Kit/CarND-Behavioral-Cloning-P3/dataCW/IMG/left_2017_09_04_12_11_32_291.jpg,/Users/ggcstaff/CarND-Term1-Starter-Kit/CarND-Behavioral-Cloning-P3/dataCW/IMG/right_2017_09_04_12_11_32_291.jpg,0.05129717,0,0,19.46957
/Users/ggcstaff/CarND-Term1-Starter-Kit/CarND-Behavioral-Cloning-P3/dataCW/IMG/center_2017_09_04_12_11_32_359.jpg,/Users/ggcstaff/CarND-Term1-Starter-Kit/CarND-Behavioral-Cloning-P3/dataCW/IMG/left_2017_09_04_12_11_32_359.jpg,/Users/ggcstaff/CarND-Term1-Starter-Kit/CarND-Behavioral-Cloning-P3/dataCW/IMG/right_2017_09_04_12_11_32_359.jpg,0.05129717,0,0,19.35203
/Users/ggcstaff/CarND-Term1-Starter-Kit/CarND-Behavioral-Cloning-P3/dataCW/IMG/center_2017_09_04_12_11_32_429.jpg,/Users/ggcstaff/CarND-Term1-Starter-Kit/CarND-Behavioral-Cloning-P3/dataCW/IMG/left_2017_09_04_12_11_32_429.jpg,/Users/ggcstaff/CarND-Term1-Starter-Kit/CarND-Behavioral-Cloning-P3/dataCW/IMG/right_2017_09_04_12_11_32_429.jpg,0.05129717,0,0,19.19657
/Users/ggcstaff/CarND-Term1-Starter-Kit/CarND-Behavioral-Cloning-P3/dataCW/IMG/center_2017_09_04_12_11_32_495.jpg,/Users/ggcstaff/CarND-Term1-Starter-Kit/CarND-Behavioral-Cloning-P3/dataCW/IMG/left_2017_09_04_12_11_32_495.jpg,/Users/ggcstaff/CarND-Term1-Starter-Kit/CarND-Behavioral-Cloning-P3/dataCW/IMG/right_2017_09_04_12_11_32_495.jpg,0.05129717,0,0,19.08153
/Users/ggcstaff/CarND-Term1-Starter-Kit/CarND-Behavioral-Cloning-P3/dataCW/IMG/center_2017_09_04_12_11_32_564.jpg,/Users/ggcstaff/CarND-Term1-Starter-Kit/CarND-Behavioral-Cloning-P3/dataCW/IMG/left_2017_09_04_12_11_32_564.jpg,/Users/ggcstaff/CarND-Term1-Starter-Kit/CarND-Behavioral-Cloning-P3/dataCW/IMG/right_2017_09_04_12_11_32_564.jpg,0.05129717,0,0,18.96529
/Users/ggcstaff/CarND-Term1-Starter-Kit/CarND-Behavioral-Cloning-P3/dataCW/IMG/center_2017_09_04_12_11_32_634.jpg,/Users/ggcstaff/CarND-Term1-Starter-Kit/CarND-Behavioral-Cloning-P3/dataCW/IMG/left_2017_09_04_12_11_32_634.jpg,/Users/ggcstaff/CarND-Term1-Starter-Kit/CarND-Behavioral-Cloning-P3/dataCW/IMG/right_2017_09_04_12_11_32_634.jpg,0.01400354,0,0,18.81245
/Users/ggcstaff/CarND-Term1-Starter-Kit/CarND-Behavioral-Cloning-P3/dataCW/IMG/center_2017_09_04_12_11_32_707.jpg,/Users/ggcstaff/CarND-Term1-Starter-Kit/CarND-Behavioral-Cloning-P3/dataCW/IMG/left_2017_09_04_12_11_32_707.jpg,/Users/ggcstaff/CarND-Term1-Starter-Kit/CarND-Behavioral-Cloning-P3/dataCW/IMG/right_2017_09_04_12_11_32_707.jpg,0.0007370284,0,0,18.70259
/Users/ggcstaff/CarND-Term1-Starter-Kit/CarND-Behavioral-Cloning-P3/dataCW/IMG/center_2017_09_04_12_11_32_779.jpg,/Users/ggcstaff/CarND-Term1-Starter-Kit/CarND-Behavioral-Cloning-P3/dataCW/IMG/left_2017_09_04_12_11_32_779.jpg,/Users/ggcstaff/CarND-Term1-Starter-Kit/CarND-Behavioral-Cloning-P3/dataCW/IMG/right_2017_09_04_12_11_32_779.jpg,0.0007370284,0,0,18.55555
/Users/ggcstaff/CarND-Term1-Starter-Kit/CarND-Behavioral-Cloning-P3/dataCW/IMG/center_2017_09_04_12_11_32_847.jpg,/Users/ggcstaff/CarND-Term1-Starter-Kit/CarND-Behavioral-Cloning-P3/dataCW/IMG/left_2017_09_04_12_11_32_847.jpg,/Users/ggcstaff/CarND-Term1-Starter-Kit/CarND-Behavioral-Cloning-P3/dataCW/IMG/right_2017_09_04_12_11_32_847.jpg,0.0007370284,0,0,18.42584
/Users/ggcstaff/CarND-Term1-Starter-Kit/CarND-Behavioral-Cloning-P3/dataCW/IMG/center_2017_09_04_12_11_32_916.jpg,/Users/ggcstaff/CarND-Term1-Starter-Kit/CarND-Behavioral-Cloning-P3/dataCW/IMG/left_2017_09_04_12_11_32_916.jpg,/Users/ggcstaff/CarND-Term1-Starter-Kit/CarND-Behavioral-Cloning-P3/dataCW/IMG/right_2017_09_04_12_11_32_916.jpg,0.0007370284,0,0,18.30787
/Users/ggcstaff/CarND-Term1-Starter-Kit/CarND-Behavioral-Cloning-P3/dataCW/IMG/center_2017_09_04_12_11_32_991.jpg,/Users/ggcstaff/CarND-Term1-Starter-Kit/CarND-Behavioral-Cloning-P3/dataCW/IMG/left_2017_09_04_12_11_32_991.jpg,/Users/ggcstaff/CarND-Term1-Starter-Kit/CarND-Behavioral-Cloning-P3/dataCW/IMG/right_2017_09_04_12_11_32_991.jpg,0.0007370284,0,0,18.0875
/Users/ggcstaff/CarND-Term1-Starter-Kit/CarND-Behavioral-Cloning-P3/dataCW/IMG/center_2017_09_04_12_11_33_058.jpg,/Users/ggcstaff/CarND-Term1-Starter-Kit/CarND-Behavioral-Cloning-P3/dataCW/IMG/left_2017_09_04_12_11_33_058.jpg,/Users/ggcstaff/CarND-Term1-Starter-Kit/CarND-Behavioral-Cloning-P3/dataCW/IMG/right_2017_09_04_12_11_33_058.jpg,0.0007370284,0,0,17.98094
/Users/ggcstaff/CarND-Term1-Starter-Kit/CarND-Behavioral-Cloning-P3/dataCW/IMG/center_2017_09_04_12_11_33_126.jpg,/Users/ggcstaff/CarND-Term1-Starter-Kit/CarND-Behavioral-Cloning-P3/dataCW/IMG/left_2017_09_04_12_11_33_126.jpg,/Users/ggcstaff/CarND-Term1-Starter-Kit/CarND-Behavioral-Cloning-P3/dataCW/IMG/right_2017_09_04_12_11_33_126.jpg,0.0007370284,0.02293199,0,17.88595
/Users/ggcstaff/CarND-Term1-Starter-Kit/CarND-Behavioral-Cloning-P3/dataCW/IMG/center_2017_09_04_12_11_33_194.jpg,/Users/ggcstaff/CarND-Term1-Starter-Kit/CarND-Behavioral-Cloning-P3/dataCW/IMG/left_2017_09_04_12_11_33_194.jpg,/Users/ggcstaff/CarND-Term1-Starter-Kit/CarND-Behavioral-Cloning-P3/dataCW/IMG/right_2017_09_04_12_11_33_194.jpg,0.0007370284,0.262866,0,17.87132
/Users/ggcstaff/CarND-Term1-Starter-Kit/CarND-Behavioral-Cloning-P3/dataCW/IMG/center_2017_09_04_12_11_33_262.jpg,/Users/ggcstaff/CarND-Term1-Starter-Kit/CarND-Behavioral-Cloning-P3/dataCW/IMG/left_2017_09_04_12_11_33_262.jpg,/Users/ggcstaff/CarND-Term1-Starter-Kit/CarND-Behavioral-Cloning-P3/dataCW/IMG/right_2017_09_04_12_11_33_262.jpg,0.0007370284,0.438279,0,17.93491
/Users/ggcstaff/CarND-Term1-Starter-Kit/CarND-Behavioral-Cloning-P3/dataCW/IMG/center_2017_09_04_12_11_33_329.jpg,/Users/ggcstaff/CarND-Term1-Starter-Kit/CarND-Behavioral-Cloning-P3/dataCW/IMG/left_2017_09_04_12_11_33_329.jpg,/Users/ggcstaff/CarND-Term1-Starter-Kit/CarND-Behavioral-Cloning-P3/dataCW/IMG/right_2017_09_04_12_11_33_329.jpg,0.0007370284,0.6816031,0,18.40467
/Users/ggcstaff/CarND-Term1-Starter-Kit/CarND-Behavioral-Cloning-P3/dataCW/IMG/center_2017_09_04_12_11_33_396.jpg,/Users/ggcstaff/CarND-Term1-Starter-Kit/CarND-Behavioral-Cloning-P3/dataCW/IMG/left_2017_09_04_12_11_33_396.jpg,/Users/ggcstaff/CarND-Term1-Starter-Kit/CarND-Behavioral-Cloning-P3/dataCW/IMG/right_2017_09_04_12_11_33_396.jpg,0.0007370284,0.8624761,0,18.89223
/Users/ggcstaff/CarND-Term1-Starter-Kit/CarND-Behavioral-Cloning-P3/dataCW/IMG/center_2017_09_04_12_11_33_464.jpg,/Users/ggcstaff/CarND-Term1-Starter-Kit/CarND-Behavioral-Cloning-P3/dataCW/IMG/left_2017_09_04_12_11_33_464.jpg,/Users/ggcstaff/CarND-Term1-Starter-Kit/CarND-Behavioral-Cloning-P3/dataCW/IMG/right_2017_09_04_12_11_33_464.jpg,0.0007370284,1,0,19.50128
/Users/ggcstaff/CarND-Term1-Starter-Kit/CarND-Behavioral-Cloning-P3/dataCW/IMG/center_2017_09_04_12_11_33_536.jpg,/Users/ggcstaff/CarND-Term1-Starter-Kit/CarND-Behavioral-Cloning-P3/dataCW/IMG/left_2017_09_04_12_11_33_536.jpg,/Users/ggcstaff/CarND-Term1-Starter-Kit/CarND-Behavioral-Cloning-P3/dataCW/IMG/right_2017_09_04_12_11_33_536.jpg,0.0007370284,1,0,20.30999
/Users/ggcstaff/CarND-Term1-Starter-Kit/CarND-Behavioral-Cloning-P3/dataCW/IMG/center_2017_09_04_12_11_33_606.jpg,/Users/ggcstaff/CarND-Term1-Starter-Kit/CarND-Behavioral-Cloning-P3/dataCW/IMG/left_2017_09_04_12_11_33_606.jpg,/Users/ggcstaff/CarND-Term1-Starter-Kit/CarND-Behavioral-Cloning-P3/dataCW/IMG/right_2017_09_04_12_11_33_606.jpg,0.0007370284,1,0,20.9146
/Users/ggcstaff/CarND-Term1-Starter-Kit/CarND-Behavioral-Cloning-P3/dataCW/IMG/center_2017_09_04_12_11_33_682.jpg,/Users/ggcstaff/CarND-Term1-Starter-Kit/CarND-Behavioral-Cloning-P3/dataCW/IMG/left_2017_09_04_12_11_33_682.jpg,/Users/ggcstaff/CarND-Term1-Starter-Kit/CarND-Behavioral-Cloning-P3/dataCW/IMG/right_2017_09_04_12_11_33_682.jpg,0.0007370284,1,0,21.71653
/Users/ggcstaff/CarND-Term1-Starter-Kit/CarND-Behavioral-Cloning-P3/dataCW/IMG/center_2017_09_04_12_11_33_751.jpg,/Users/ggcstaff/CarND-Term1-Starter-Kit/CarND-Behavioral-Cloning-P3/dataCW/IMG/left_2017_09_04_12_11_33_751.jpg,/Users/ggcstaff/CarND-Term1-Starter-Kit/CarND-Behavioral-Cloning-P3/dataCW/IMG/right_2017_09_04_12_11_33_751.jpg,0.0007370284,1,0,22.51098
/Users/ggcstaff/CarND-Term1-Starter-Kit/CarND-Behavioral-Cloning-P3/dataCW/IMG/center_2017_09_04_12_11_33_819.jpg,/Users/ggcstaff/CarND-Term1-Starter-Kit/CarND-Behavioral-Cloning-P3/dataCW/IMG/left_2017_09_04_12_11_33_819.jpg,/Users/ggcstaff/CarND-Term1-Starter-Kit/CarND-Behavioral-Cloning-P3/dataCW/IMG/right_2017_09_04_12_11_33_819.jpg,0.0007370284,1,0,23.10223
/Users/ggcstaff/CarND-Term1-Starter-Kit/CarND-Behavioral-Cloning-P3/dataCW/IMG/center_2017_09_04_12_11_33_888.jpg,/Users/ggcstaff/CarND-Term1-Starter-Kit/CarND-Behavioral-Cloning-P3/dataCW/IMG/left_2017_09_04_12_11_33_888.jpg,/Users/ggcstaff/CarND-Term1-Starter-Kit/CarND-Behavioral-Cloning-P3/dataCW/IMG/right_2017_09_04_12_11_33_888.jpg,0.004016804,1,0,23.88479
/Users/ggcstaff/CarND-Term1-Starter-Kit/CarND-Behavioral-Cloning-P3/dataCW/IMG/center_2017_09_04_12_11_33_955.jpg,/Users/ggcstaff/CarND-Term1-Starter-Kit/CarND-Behavioral-Cloning-P3/dataCW/IMG/left_2017_09_04_12_11_33_955.jpg,/Users/ggcstaff/CarND-Term1-Starter-Kit/CarND-Behavioral-Cloning-P3/dataCW/IMG/right_2017_09_04_12_11_33_955.jpg,0.00729658,1,0,24.46749
/Users/ggcstaff/CarND-Term1-Starter-Kit/CarND-Behavioral-Cloning-P3/dataCW/IMG/center_2017_09_04_12_11_34_023.jpg,/Users/ggcstaff/CarND-Term1-Starter-Kit/CarND-Behavioral-Cloning-P3/dataCW/IMG/left_2017_09_04_12_11_34_023.jpg,/Users/ggcstaff/CarND-Term1-Starter-Kit/CarND-Behavioral-Cloning-P3/dataCW/IMG/right_2017_09_04_12_11_34_023.jpg,0.01385613,1,0,25.04662
/Users/ggcstaff/CarND-Term1-Starter-Kit/CarND-Behavioral-Cloning-P3/dataCW/IMG/center_2017_09_04_12_11_34_092.jpg,/Users/ggcstaff/CarND-Term1-Starter-Kit/CarND-Behavioral-Cloning-P3/dataCW/IMG/left_2017_09_04_12_11_34_092.jpg,/Users/ggcstaff/CarND-Term1-Starter-Kit/CarND-Behavioral-Cloning-P3/dataCW/IMG/right_2017_09_04_12_11_34_092.jpg,0.03025501,1,0,25.81304
/Users/ggcstaff/CarND-Term1-Starter-Kit/CarND-Behavioral-Cloning-P3/dataCW/IMG/center_2017_09_04_12_11_34_161.jpg,/Users/ggcstaff/CarND-Term1-Starter-Kit/CarND-Behavioral-Cloning-P3/dataCW/IMG/left_2017_09_04_12_11_34_161.jpg,/Users/ggcstaff/CarND-Term1-Starter-Kit/CarND-Behavioral-Cloning-P3/dataCW/IMG/right_2017_09_04_12_11_34_161.jpg,0.03353479,1,0,26.38375
/Users/ggcstaff/CarND-Term1-Starter-Kit/CarND-Behavioral-Cloning-P3/dataCW/IMG/center_2017_09_04_12_11_34_228.jpg,/Users/ggcstaff/CarND-Term1-Starter-Kit/CarND-Behavioral-Cloning-P3/dataCW/IMG/left_2017_09_04_12_11_34_228.jpg,/Users/ggcstaff/CarND-Term1-Starter-Kit/CarND-Behavioral-Cloning-P3/dataCW/IMG/right_2017_09_04_12_11_34_228.jpg,0.03353479,1,0,27.13952
/Users/ggcstaff/CarND-Term1-Starter-Kit/CarND-Behavioral-Cloning-P3/dataCW/IMG/center_2017_09_04_12_11_34_297.jpg,/Users/ggcstaff/CarND-Term1-Starter-Kit/CarND-Behavioral-Cloning-P3/dataCW/IMG/left_2017_09_04_12_11_34_297.jpg,/Users/ggcstaff/CarND-Term1-Starter-Kit/CarND-Behavioral-Cloning-P3/dataCW/IMG/right_2017_09_04_12_11_34_297.jpg,0.03353479,1,0,27.70248
/Users/ggcstaff/CarND-Term1-Starter-Kit/CarND-Behavioral-Cloning-P3/dataCW/IMG/center_2017_09_04_12_11_34_363.jpg,/Users/ggcstaff/CarND-Term1-Starter-Kit/CarND-Behavioral-Cloning-P3/dataCW/IMG/left_2017_09_04_12_11_34_363.jpg,/Users/ggcstaff/CarND-Term1-Starter-Kit/CarND-Behavioral-Cloning-P3/dataCW/IMG/right_2017_09_04_12_11_34_363.jpg,0.03353479,1,0,28.26206
/Users/ggcstaff/CarND-Term1-Starter-Kit/CarND-Behavioral-Cloning-P3/dataCW/IMG/center_2017_09_04_12_11_34_433.jpg,/Users/ggcstaff/CarND-Term1-Starter-Kit/CarND-Behavioral-Cloning-P3/dataCW/IMG/left_2017_09_04_12_11_34_433.jpg,/Users/ggcstaff/CarND-Term1-Starter-Kit/CarND-Behavioral-Cloning-P3/dataCW/IMG/right_2017_09_04_12_11_34_433.jpg,0.03353479,1,0,29.00297
/Users/ggcstaff/CarND-Term1-Starter-Kit/CarND-Behavioral-Cloning-P3/dataCW/IMG/center_2017_09_04_12_11_34_501.jpg,/Users/ggcstaff/CarND-Term1-Starter-Kit/CarND-Behavioral-Cloning-P3/dataCW/IMG/left_2017_09_04_12_11_34_501.jpg,/Users/ggcstaff/CarND-Term1-Starter-Kit/CarND-Behavioral-Cloning-P3/dataCW/IMG/right_2017_09_04_12_11_34_501.jpg,0.03353479,1,0,29.55474
/Users/ggcstaff/CarND-Term1-Starter-Kit/CarND-Behavioral-Cloning-P3/dataCW/IMG/center_2017_09_04_12_11_34_569.jpg,/Users/ggcstaff/CarND-Term1-Starter-Kit/CarND-Behavioral-Cloning-P3/dataCW/IMG/left_2017_09_04_12_11_34_569.jpg,/Users/ggcstaff/CarND-Term1-Starter-Kit/CarND-Behavioral-Cloning-P3/dataCW/IMG/right_2017_09_04_12_11_34_569.jpg,0.03353479,1,0,30.1882
/Users/ggcstaff/CarND-Term1-Starter-Kit/CarND-Behavioral-Cloning-P3/dataCW/IMG/center_2017_09_04_12_11_34_637.jpg,/Users/ggcstaff/CarND-Term1-Starter-Kit/CarND-Behavioral-Cloning-P3/dataCW/IMG/left_2017_09_04_12_11_34_637.jpg,/Users/ggcstaff/CarND-Term1-Starter-Kit/CarND-Behavioral-Cloning-P3/dataCW/IMG/right_2017_09_04_12_11_34_637.jpg,0.02358491,1,0,30.1907
/Users/ggcstaff/CarND-Term1-Starter-Kit/CarND-Behavioral-Cloning-P3/dataCW/IMG/center_2017_09_04_12_11_34_706.jpg,/Users/ggcstaff/CarND-Term1-Starter-Kit/CarND-Behavioral-Cloning-P3/dataCW/IMG/left_2017_09_04_12_11_34_706.jpg,/Users/ggcstaff/CarND-Term1-Starter-Kit/CarND-Behavioral-Cloning-P3/dataCW/IMG/right_2017_09_04_12_11_34_706.jpg,0.0103184,1,0,30.19062
/Users/ggcstaff/CarND-Term1-Starter-Kit/CarND-Behavioral-Cloning-P3/dataCW/IMG/center_2017_09_04_12_11_34_774.jpg,/Users/ggcstaff/CarND-Term1-Starter-Kit/CarND-Behavioral-Cloning-P3/dataCW/IMG/left_2017_09_04_12_11_34_774.jpg,/Users/ggcstaff/CarND-Term1-Starter-Kit/CarND-Behavioral-Cloning-P3/dataCW/IMG/right_2017_09_04_12_11_34_774.jpg,0.0103184,1,0,30.19062
/Users/ggcstaff/CarND-Term1-Starter-Kit/CarND-Behavioral-Cloning-P3/dataCW/IMG/center_2017_09_04_12_11_34_843.jpg,/Users/ggcstaff/CarND-Term1-Starter-Kit/CarND-Behavioral-Cloning-P3/dataCW/IMG/left_2017_09_04_12_11_34_843.jpg,/Users/ggcstaff/CarND-Term1-Starter-Kit/CarND-Behavioral-Cloning-P3/dataCW/IMG/right_2017_09_04_12_11_34_843.jpg,0.0103184,1,0,30.19062
/Users/ggcstaff/CarND-Term1-Starter-Kit/CarND-Behavioral-Cloning-P3/dataCW/IMG/center_2017_09_04_12_11_34_912.jpg,/Users/ggcstaff/CarND-Term1-Starter-Kit/CarND-Behavioral-Cloning-P3/dataCW/IMG/left_2017_09_04_12_11_34_912.jpg,/Users/ggcstaff/CarND-Term1-Starter-Kit/CarND-Behavioral-Cloning-P3/dataCW/IMG/right_2017_09_04_12_11_34_912.jpg,0.0103184,1,0,30.19063
/Users/ggcstaff/CarND-Term1-Starter-Kit/CarND-Behavioral-Cloning-P3/dataCW/IMG/center_2017_09_04_12_11_34_981.jpg,/Users/ggcstaff/CarND-Term1-Starter-Kit/CarND-Behavioral-Cloning-P3/dataCW/IMG/left_2017_09_04_12_11_34_981.jpg,/Users/ggcstaff/CarND-Term1-Starter-Kit/CarND-Behavioral-Cloning-P3/dataCW/IMG/right_2017_09_04_12_11_34_981.jpg,0.0103184,1,0,30.19061
/Users/ggcstaff/CarND-Term1-Starter-Kit/CarND-Behavioral-Cloning-P3/dataCW/IMG/center_2017_09_04_12_11_35_048.jpg,/Users/ggcstaff/CarND-Term1-Starter-Kit/CarND-Behavioral-Cloning-P3/dataCW/IMG/left_2017_09_04_12_11_35_048.jpg,/Users/ggcstaff/CarND-Term1-Starter-Kit/CarND-Behavioral-Cloning-P3/dataCW/IMG/right_2017_09_04_12_11_35_048.jpg,0.0103184,1,0,30.19061
/Users/ggcstaff/CarND-Term1-Starter-Kit/CarND-Behavioral-Cloning-P3/dataCW/IMG/center_2017_09_04_12_11_35_116.jpg,/Users/ggcstaff/CarND-Term1-Starter-Kit/CarND-Behavioral-Cloning-P3/dataCW/IMG/left_2017_09_04_12_11_35_116.jpg,/Users/ggcstaff/CarND-Term1-Starter-Kit/CarND-Behavioral-Cloning-P3/dataCW/IMG/right_2017_09_04_12_11_35_116.jpg,0.0103184,1,0,30.19062
/Users/ggcstaff/CarND-Term1-Starter-Kit/CarND-Behavioral-Cloning-P3/dataCW/IMG/center_2017_09_04_12_11_35_186.jpg,/Users/ggcstaff/CarND-Term1-Starter-Kit/CarND-Behavioral-Cloning-P3/dataCW/IMG/left_2017_09_04_12_11_35_186.jpg,/Users/ggcstaff/CarND-Term1-Starter-Kit/CarND-Behavioral-Cloning-P3/dataCW/IMG/right_2017_09_04_12_11_35_186.jpg,0.0103184,1,0,30.19064
/Users/ggcstaff/CarND-Term1-Starter-Kit/CarND-Behavioral-Cloning-P3/dataCW/IMG/center_2017_09_04_12_11_35_254.jpg,/Users/ggcstaff/CarND-Term1-Starter-Kit/CarND-Behavioral-Cloning-P3/dataCW/IMG/left_2017_09_04_12_11_35_254.jpg,/Users/ggcstaff/CarND-Term1-Starter-Kit/CarND-Behavioral-Cloning-P3/dataCW/IMG/right_2017_09_04_12_11_35_254.jpg,0.0103184,1,0,30.19061
/Users/ggcstaff/CarND-Term1-Starter-Kit/CarND-Behavioral-Cloning-P3/dataCW/IMG/center_2017_09_04_12_11_35_332.jpg,/Users/ggcstaff/CarND-Term1-Starter-Kit/CarND-Behavioral-Cloning-P3/dataCW/IMG/left_2017_09_04_12_11_35_332.jpg,/Users/ggcstaff/CarND-Term1-Starter-Kit/CarND-Behavioral-Cloning-P3/dataCW/IMG/right_2017_09_04_12_11_35_332.jpg,0.0103184,1,0,30.19063
/Users/ggcstaff/CarND-Term1-Starter-Kit/CarND-Behavioral-Cloning-P3/dataCW/IMG/center_2017_09_04_12_11_35_399.jpg,/Users/ggcstaff/CarND-Term1-Starter-Kit/CarND-Behavioral-Cloning-P3/dataCW/IMG/left_2017_09_04_12_11_35_399.jpg,/Users/ggcstaff/CarND-Term1-Starter-Kit/CarND-Behavioral-Cloning-P3/dataCW/IMG/right_2017_09_04_12_11_35_399.jpg,0.0103184,1,0,30.19065
/Users/ggcstaff/CarND-Term1-Starter-Kit/CarND-Behavioral-Cloning-P3/dataCW/IMG/center_2017_09_04_12_11_35_466.jpg,/Users/ggcstaff/CarND-Term1-Starter-Kit/CarND-Behavioral-Cloning-P3/dataCW/IMG/left_2017_09_04_12_11_35_466.jpg,/Users/ggcstaff/CarND-Term1-Starter-Kit/CarND-Behavioral-Cloning-P3/dataCW/IMG/right_2017_09_04_12_11_35_466.jpg,0.0103184,1,0,30.19061
/Users/ggcstaff/CarND-Term1-Starter-Kit/CarND-Behavioral-Cloning-P3/dataCW/IMG/center_2017_09_04_12_11_35_536.jpg,/Users/ggcstaff/CarND-Term1-Starter-Kit/CarND-Behavioral-Cloning-P3/dataCW/IMG/left_2017_09_04_12_11_35_536.jpg,/Users/ggcstaff/CarND-Term1-Starter-Kit/CarND-Behavioral-Cloning-P3/dataCW/IMG/right_2017_09_04_12_11_35_536.jpg,0.0103184,1,0,30.19065
/Users/ggcstaff/CarND-Term1-Starter-Kit/CarND-Behavioral-Cloning-P3/dataCW/IMG/center_2017_09_04_12_11_35_606.jpg,/Users/ggcstaff/CarND-Term1-Starter-Kit/CarND-Behavioral-Cloning-P3/dataCW/IMG/left_2017_09_04_12_11_35_606.jpg,/Users/ggcstaff/CarND-Term1-Starter-Kit/CarND-Behavioral-Cloning-P3/dataCW/IMG/right_2017_09_04_12_11_35_606.jpg,0.0103184,1,0,30.19064
/Users/ggcstaff/CarND-Term1-Starter-Kit/CarND-Behavioral-Cloning-P3/dataCW/IMG/center_2017_09_04_12_11_35_678.jpg,/Users/ggcstaff/CarND-Term1-Starter-Kit/CarND-Behavioral-Cloning-P3/dataCW/IMG/left_2017_09_04_12_11_35_678.jpg,/Users/ggcstaff/CarND-Term1-Starter-Kit/CarND-Behavioral-Cloning-P3/dataCW/IMG/right_2017_09_04_12_11_35_678.jpg,0.0103184,1,0,30.19063
/Users/ggcstaff/CarND-Term1-Starter-Kit/CarND-Behavioral-Cloning-P3/dataCW/IMG/center_2017_09_04_12_11_35_748.jpg,/Users/ggcstaff/CarND-Term1-Starter-Kit/CarND-Behavioral-Cloning-P3/dataCW/IMG/left_2017_09_04_12_11_35_748.jpg,/Users/ggcstaff/CarND-Term1-Starter-Kit/CarND-Behavioral-Cloning-P3/dataCW/IMG/right_2017_09_04_12_11_35_748.jpg,0.0103184,1,0,30.19066
/Users/ggcstaff/CarND-Term1-Starter-Kit/CarND-Behavioral-Cloning-P3/dataCW/IMG/center_2017_09_04_12_11_35_815.jpg,/Users/ggcstaff/CarND-Term1-Starter-Kit/CarND-Behavioral-Cloning-P3/dataCW/IMG/left_2017_09_04_12_11_35_815.jpg,/Users/ggcstaff/CarND-Term1-Starter-Kit/CarND-Behavioral-Cloning-P3/dataCW/IMG/right_2017_09_04_12_11_35_815.jpg,0.0103184,1,0,30.19065
/Users/ggcstaff/CarND-Term1-Starter-Kit/CarND-Behavioral-Cloning-P3/dataCW/IMG/center_2017_09_04_12_11_35_883.jpg,/Users/ggcstaff/CarND-Term1-Starter-Kit/CarND-Behavioral-Cloning-P3/dataCW/IMG/left_2017_09_04_12_11_35_883.jpg,/Users/ggcstaff/CarND-Term1-Starter-Kit/CarND-Behavioral-Cloning-P3/dataCW/IMG/right_2017_09_04_12_11_35_883.jpg,0.0103184,1,0,30.19064
/Users/ggcstaff/CarND-Term1-Starter-Kit/CarND-Behavioral-Cloning-P3/dataCW/IMG/center_2017_09_04_12_11_35_953.jpg,/Users/ggcstaff/CarND-Term1-Starter-Kit/CarND-Behavioral-Cloning-P3/dataCW/IMG/left_2017_09_04_12_11_35_953.jpg,/Users/ggcstaff/CarND-Term1-Starter-Kit/CarND-Behavioral-Cloning-P3/dataCW/IMG/right_2017_09_04_12_11_35_953.jpg,0.0103184,1,0,30.19064
/Users/ggcstaff/CarND-Term1-Starter-Kit/CarND-Behavioral-Cloning-P3/dataCW/IMG/center_2017_09_04_12_11_36_024.jpg,/Users/ggcstaff/CarND-Term1-Starter-Kit/CarND-Behavioral-Cloning-P3/dataCW/IMG/left_2017_09_04_12_11_36_024.jpg,/Users/ggcstaff/CarND-Term1-Starter-Kit/CarND-Behavioral-Cloning-P3/dataCW/IMG/right_2017_09_04_12_11_36_024.jpg,0.0103184,1,0,30.19067
/Users/ggcstaff/CarND-Term1-Starter-Kit/CarND-Behavioral-Cloning-P3/dataCW/IMG/center_2017_09_04_12_11_36_098.jpg,/Users/ggcstaff/CarND-Term1-Starter-Kit/CarND-Behavioral-Cloning-P3/dataCW/IMG/left_2017_09_04_12_11_36_098.jpg,/Users/ggcstaff/CarND-Term1-Starter-Kit/CarND-Behavioral-Cloning-P3/dataCW/IMG/right_2017_09_04_12_11_36_098.jpg,0.0103184,1,0,30.19065
/Users/ggcstaff/CarND-Term1-Starter-Kit/CarND-Behavioral-Cloning-P3/dataCW/IMG/center_2017_09_04_12_11_36_167.jpg,/Users/ggcstaff/CarND-Term1-Starter-Kit/CarND-Behavioral-Cloning-P3/dataCW/IMG/left_2017_09_04_12_11_36_167.jpg,/Users/ggcstaff/CarND-Term1-Starter-Kit/CarND-Behavioral-Cloning-P3/dataCW/IMG/right_2017_09_04_12_11_36_167.jpg,0.0103184,1,0,30.19065
/Users/ggcstaff/CarND-Term1-Starter-Kit/CarND-Behavioral-Cloning-P3/dataCW/IMG/center_2017_09_04_12_11_36_234.jpg,/Users/ggcstaff/CarND-Term1-Starter-Kit/CarND-Behavioral-Cloning-P3/dataCW/IMG/left_2017_09_04_12_11_36_234.jpg,/Users/ggcstaff/CarND-Term1-Starter-Kit/CarND-Behavioral-Cloning-P3/dataCW/IMG/right_2017_09_04_12_11_36_234.jpg,0.0103184,1,0,30.19065
/Users/ggcstaff/CarND-Term1-Starter-Kit/CarND-Behavioral-Cloning-P3/dataCW/IMG/center_2017_09_04_12_11_36_308.jpg,/Users/ggcstaff/CarND-Term1-Starter-Kit/CarND-Behavioral-Cloning-P3/dataCW/IMG/left_2017_09_04_12_11_36_308.jpg,/Users/ggcstaff/CarND-Term1-Starter-Kit/CarND-Behavioral-Cloning-P3/dataCW/IMG/right_2017_09_04_12_11_36_308.jpg,0.0103184,1,0,30.19065
/Users/ggcstaff/CarND-Term1-Starter-Kit/CarND-Behavioral-Cloning-P3/dataCW/IMG/center_2017_09_04_12_11_36_377.jpg,/Users/ggcstaff/CarND-Term1-Starter-Kit/CarND-Behavioral-Cloning-P3/dataCW/IMG/left_2017_09_04_12_11_36_377.jpg,/Users/ggcstaff/CarND-Term1-Starter-Kit/CarND-Behavioral-Cloning-P3/dataCW/IMG/right_2017_09_04_12_11_36_377.jpg,0.0103184,1,0,30.19068
/Users/ggcstaff/CarND-Term1-Starter-Kit/CarND-Behavioral-Cloning-P3/dataCW/IMG/center_2017_09_04_12_11_36_446.jpg,/Users/ggcstaff/CarND-Term1-Starter-Kit/CarND-Behavioral-Cloning-P3/dataCW/IMG/left_2017_09_04_12_11_36_446.jpg,/Users/ggcstaff/CarND-Term1-Starter-Kit/CarND-Behavioral-Cloning-P3/dataCW/IMG/right_2017_09_04_12_11_36_446.jpg,0.0103184,0.7683129,0,30.15865
/Users/ggcstaff/CarND-Term1-Starter-Kit/CarND-Behavioral-Cloning-P3/dataCW/IMG/center_2017_09_04_12_11_36_521.jpg,/Users/ggcstaff/CarND-Term1-Starter-Kit/CarND-Behavioral-Cloning-P3/dataCW/IMG/left_2017_09_04_12_11_36_521.jpg,/Users/ggcstaff/CarND-Term1-Starter-Kit/CarND-Behavioral-Cloning-P3/dataCW/IMG/right_2017_09_04_12_11_36_521.jpg,0.0103184,0.54364,0,30.09732
/Users/ggcstaff/CarND-Term1-Starter-Kit/CarND-Behavioral-Cloning-P3/dataCW/IMG/center_2017_09_04_12_11_36_590.jpg,/Users/ggcstaff/CarND-Term1-Starter-Kit/CarND-Behavioral-Cloning-P3/dataCW/IMG/left_2017_09_04_12_11_36_590.jpg,/Users/ggcstaff/CarND-Term1-Starter-Kit/CarND-Behavioral-Cloning-P3/dataCW/IMG/right_2017_09_04_12_11_36_590.jpg,0.0103184,0.336613,0,30.03003
/Users/ggcstaff/CarND-Term1-Starter-Kit/CarND-Behavioral-Cloning-P3/dataCW/IMG/center_2017_09_04_12_11_36_657.jpg,/Users/ggcstaff/CarND-Term1-Starter-Kit/CarND-Behavioral-Cloning-P3/dataCW/IMG/left_2017_09_04_12_11_36_657.jpg,/Users/ggcstaff/CarND-Term1-Starter-Kit/CarND-Behavioral-Cloning-P3/dataCW/IMG/right_2017_09_04_12_11_36_657.jpg,0.0103184,0.15337,0,29.98965
/Users/ggcstaff/CarND-Term1-Starter-Kit/CarND-Behavioral-Cloning-P3/dataCW/IMG/center_2017_09_04_12_11_36_725.jpg,/Users/ggcstaff/CarND-Term1-Starter-Kit/CarND-Behavioral-Cloning-P3/dataCW/IMG/left_2017_09_04_12_11_36_725.jpg,/Users/ggcstaff/CarND-Term1-Starter-Kit/CarND-Behavioral-Cloning-P3/dataCW/IMG/right_2017_09_04_12_11_36_725.jpg,0.0003685142,0,0,29.86277
/Users/ggcstaff/CarND-Term1-Starter-Kit/CarND-Behavioral-Cloning-P3/dataCW/IMG/center_2017_09_04_12_11_36_793.jpg,/Users/ggcstaff/CarND-Term1-Starter-Kit/CarND-Behavioral-Cloning-P3/dataCW/IMG/left_2017_09_04_12_11_36_793.jpg,/Users/ggcstaff/CarND-Term1-Starter-Kit/CarND-Behavioral-Cloning-P3/dataCW/IMG/right_2017_09_04_12_11_36_793.jpg,-0.009581367,0,0,29.62404
/Users/ggcstaff/CarND-Term1-Starter-Kit/CarND-Behavioral-Cloning-P3/dataCW/IMG/center_2017_09_04_12_11_36_862.jpg,/Users/ggcstaff/CarND-Term1-Starter-Kit/CarND-Behavioral-Cloning-P3/dataCW/IMG/left_2017_09_04_12_11_36_862.jpg,/Users/ggcstaff/CarND-Term1-Starter-Kit/CarND-Behavioral-Cloning-P3/dataCW/IMG/right_2017_09_04_12_11_36_862.jpg,-0.012898,0,0,29.44618
/Users/ggcstaff/CarND-Term1-Starter-Kit/CarND-Behavioral-Cloning-P3/dataCW/IMG/center_2017_09_04_12_11_36_929.jpg,/Users/ggcstaff/CarND-Term1-Starter-Kit/CarND-Behavioral-Cloning-P3/dataCW/IMG/left_2017_09_04_12_11_36_929.jpg,/Users/ggcstaff/CarND-Term1-Starter-Kit/CarND-Behavioral-Cloning-P3/dataCW/IMG/right_2017_09_04_12_11_36_929.jpg,-0.02616451,0,0,29.21038
/Users/ggcstaff/CarND-Term1-Starter-Kit/CarND-Behavioral-Cloning-P3/dataCW/IMG/center_2017_09_04_12_11_36_996.jpg,/Users/ggcstaff/CarND-Term1-Starter-Kit/CarND-Behavioral-Cloning-P3/dataCW/IMG/left_2017_09_04_12_11_36_996.jpg,/Users/ggcstaff/CarND-Term1-Starter-Kit/CarND-Behavioral-Cloning-P3/dataCW/IMG/right_2017_09_04_12_11_36_996.jpg,-0.03611439,0,0,29.03454
/Users/ggcstaff/CarND-Term1-Starter-Kit/CarND-Behavioral-Cloning-P3/dataCW/IMG/center_2017_09_04_12_11_37_062.jpg,/Users/ggcstaff/CarND-Term1-Starter-Kit/CarND-Behavioral-Cloning-P3/dataCW/IMG/left_2017_09_04_12_11_37_062.jpg,/Users/ggcstaff/CarND-Term1-Starter-Kit/CarND-Behavioral-Cloning-P3/dataCW/IMG/right_2017_09_04_12_11_37_062.jpg,-0.03611439,0,0,28.85979
/Users/ggcstaff/CarND-Term1-Starter-Kit/CarND-Behavioral-Cloning-P3/dataCW/IMG/center_2017_09_04_12_11_37_132.jpg,/Users/ggcstaff/CarND-Term1-Starter-Kit/CarND-Behavioral-Cloning-P3/dataCW/IMG/left_2017_09_04_12_11_37_132.jpg,/Users/ggcstaff/CarND-Term1-Starter-Kit/CarND-Behavioral-Cloning-P3/dataCW/IMG/right_2017_09_04_12_11_37_132.jpg,-0.03611439,0,0,28.62863
/Users/ggcstaff/CarND-Term1-Starter-Kit/CarND-Behavioral-Cloning-P3/dataCW/IMG/center_2017_09_04_12_11_37_200.jpg,/Users/ggcstaff/CarND-Term1-Starter-Kit/CarND-Behavioral-Cloning-P3/dataCW/IMG/left_2017_09_04_12_11_37_200.jpg,/Users/ggcstaff/CarND-Term1-Starter-Kit/CarND-Behavioral-Cloning-P3/dataCW/IMG/right_2017_09_04_12_11_37_200.jpg,-0.03611439,0,0,28.45657
/Users/ggcstaff/CarND-Term1-Starter-Kit/CarND-Behavioral-Cloning-P3/dataCW/IMG/center_2017_09_04_12_11_37_267.jpg,/Users/ggcstaff/CarND-Term1-Starter-Kit/CarND-Behavioral-Cloning-P3/dataCW/IMG/left_2017_09_04_12_11_37_267.jpg,/Users/ggcstaff/CarND-Term1-Starter-Kit/CarND-Behavioral-Cloning-P3/dataCW/IMG/right_2017_09_04_12_11_37_267.jpg,-0.03611439,0,0,28.28558
/Users/ggcstaff/CarND-Term1-Starter-Kit/CarND-Behavioral-Cloning-P3/dataCW/IMG/center_2017_09_04_12_11_37_336.jpg,/Users/ggcstaff/CarND-Term1-Starter-Kit/CarND-Behavioral-Cloning-P3/dataCW/IMG/left_2017_09_04_12_11_37_336.jpg,/Users/ggcstaff/CarND-Term1-Starter-Kit/CarND-Behavioral-Cloning-P3/dataCW/IMG/right_2017_09_04_12_11_37_336.jpg,-0.03611439,0,0,28.05924
/Users/ggcstaff/CarND-Term1-Starter-Kit/CarND-Behavioral-Cloning-P3/dataCW/IMG/center_2017_09_04_12_11_37_404.jpg,/Users/ggcstaff/CarND-Term1-Starter-Kit/CarND-Behavioral-Cloning-P3/dataCW/IMG/left_2017_09_04_12_11_37_404.jpg,/Users/ggcstaff/CarND-Term1-Starter-Kit/CarND-Behavioral-Cloning-P3/dataCW/IMG/right_2017_09_04_12_11_37_404.jpg,-0.03283461,0,0,27.89071
/Users/ggcstaff/CarND-Term1-Starter-Kit/CarND-Behavioral-Cloning-P3/dataCW/IMG/center_2017_09_04_12_11_37_473.jpg,/Users/ggcstaff/CarND-Term1-Starter-Kit/CarND-Behavioral-Cloning-P3/dataCW/IMG/left_2017_09_04_12_11_37_473.jpg,/Users/ggcstaff/CarND-Term1-Starter-Kit/CarND-Behavioral-Cloning-P3/dataCW/IMG/right_2017_09_04_12_11_37_473.jpg,-0.006596403,0,0,27.66781
/Users/ggcstaff/CarND-Term1-Starter-Kit/CarND-Behavioral-Cloning-P3/dataCW/IMG/center_2017_09_04_12_11_37_541.jpg,/Users/ggcstaff/CarND-Term1-Starter-Kit/CarND-Behavioral-Cloning-P3/dataCW/IMG/left_2017_09_04_12_11_37_541.jpg,/Users/ggcstaff/CarND-Term1-Starter-Kit/CarND-Behavioral-Cloning-P3/dataCW/IMG/right_2017_09_04_12_11_37_541.jpg,0.009802477,0,0,27.50156
/Users/ggcstaff/CarND-Term1-Starter-Kit/CarND-Behavioral-Cloning-P3/dataCW/IMG/center_2017_09_04_12_11_37_610.jpg,/Users/ggcstaff/CarND-Term1-Starter-Kit/CarND-Behavioral-Cloning-P3/dataCW/IMG/left_2017_09_04_12_11_37_610.jpg,/Users/ggcstaff/CarND-Term1-Starter-Kit/CarND-Behavioral-Cloning-P3/dataCW/IMG/right_2017_09_04_12_11_37_610.jpg,0.02620136,0,0,27.28102
/Users/ggcstaff/CarND-Term1-Starter-Kit/CarND-Behavioral-Cloning-P3/dataCW/IMG/center_2017_09_04_12_11_37_677.jpg,/Users/ggcstaff/CarND-Term1-Starter-Kit/CarND-Behavioral-Cloning-P3/dataCW/IMG/left_2017_09_04_12_11_37_677.jpg,/Users/ggcstaff/CarND-Term1-Starter-Kit/CarND-Behavioral-Cloning-P3/dataCW/IMG/right_2017_09_04_12_11_37_677.jpg,0.03932046,0,0,27.11654
/Users/ggcstaff/CarND-Term1-Starter-Kit/CarND-Behavioral-Cloning-P3/dataCW/IMG/center_2017_09_04_12_11_37_746.jpg,/Users/ggcstaff/CarND-Term1-Starter-Kit/CarND-Behavioral-Cloning-P3/dataCW/IMG/left_2017_09_04_12_11_37_746.jpg,/Users/ggcstaff/CarND-Term1-Starter-Kit/CarND-Behavioral-Cloning-P3/dataCW/IMG/right_2017_09_04_12_11_37_746.jpg,0.03932046,0,0,26.9531
/Users/ggcstaff/CarND-Term1-Starter-Kit/CarND-Behavioral-Cloning-P3/dataCW/IMG/center_2017_09_04_12_11_37_817.jpg,/Users/ggcstaff/CarND-Term1-Starter-Kit/CarND-Behavioral-Cloning-P3/dataCW/IMG/left_2017_09_04_12_11_37_817.jpg,/Users/ggcstaff/CarND-Term1-Starter-Kit/CarND-Behavioral-Cloning-P3/dataCW/IMG/right_2017_09_04_12_11_37_817.jpg,0.03932046,0,0,26.73713
/Users/ggcstaff/CarND-Term1-Starter-Kit/CarND-Behavioral-Cloning-P3/dataCW/IMG/center_2017_09_04_12_11_37_888.jpg,/Users/ggcstaff/CarND-Term1-Starter-Kit/CarND-Behavioral-Cloning-P3/dataCW/IMG/left_2017_09_04_12_11_37_888.jpg,/Users/ggcstaff/CarND-Term1-Starter-Kit/CarND-Behavioral-Cloning-P3/dataCW/IMG/right_2017_09_04_12_11_37_888.jpg,0.03932046,0,0,26.52314
/Users/ggcstaff/CarND-Term1-Starter-Kit/CarND-Behavioral-Cloning-P3/dataCW/IMG/center_2017_09_04_12_11_37_956.jpg,/Users/ggcstaff/CarND-Term1-Starter-Kit/CarND-Behavioral-Cloning-P3/dataCW/IMG/left_2017_09_04_12_11_37_956.jpg,/Users/ggcstaff/CarND-Term1-Starter-Kit/CarND-Behavioral-Cloning-P3/dataCW/IMG/right_2017_09_04_12_11_37_956.jpg,0.02273732,0,0,26.36405
/Users/ggcstaff/CarND-Term1-Starter-Kit/CarND-Behavioral-Cloning-P3/dataCW/IMG/center_2017_09_04_12_11_38_033.jpg,/Users/ggcstaff/CarND-Term1-Starter-Kit/CarND-Behavioral-Cloning-P3/dataCW/IMG/left_2017_09_04_12_11_38_033.jpg,/Users/ggcstaff/CarND-Term1-Starter-Kit/CarND-Behavioral-Cloning-P3/dataCW/IMG/right_2017_09_04_12_11_38_033.jpg,0.0194207,0,0,26.15352
/Users/ggcstaff/CarND-Term1-Starter-Kit/CarND-Behavioral-Cloning-P3/dataCW/IMG/center_2017_09_04_12_11_38_102.jpg,/Users/ggcstaff/CarND-Term1-Starter-Kit/CarND-Behavioral-Cloning-P3/dataCW/IMG/left_2017_09_04_12_11_38_102.jpg,/Users/ggcstaff/CarND-Term1-Starter-Kit/CarND-Behavioral-Cloning-P3/dataCW/IMG/right_2017_09_04_12_11_38_102.jpg,0.01610407,0,0,25.99673
/Users/ggcstaff/CarND-Term1-Starter-Kit/CarND-Behavioral-Cloning-P3/dataCW/IMG/center_2017_09_04_12_11_38_172.jpg,/Users/ggcstaff/CarND-Term1-Starter-Kit/CarND-Behavioral-Cloning-P3/dataCW/IMG/left_2017_09_04_12_11_38_172.jpg,/Users/ggcstaff/CarND-Term1-Starter-Kit/CarND-Behavioral-Cloning-P3/dataCW/IMG/right_2017_09_04_12_11_38_172.jpg,0.01610407,0,0,25.78916
/Users/ggcstaff/CarND-Term1-Starter-Kit/CarND-Behavioral-Cloning-P3/dataCW/IMG/center_2017_09_04_12_11_38_239.jpg,/Users/ggcstaff/CarND-Term1-Starter-Kit/CarND-Behavioral-Cloning-P3/dataCW/IMG/left_2017_09_04_12_11_38_239.jpg,/Users/ggcstaff/CarND-Term1-Starter-Kit/CarND-Behavioral-Cloning-P3/dataCW/IMG/right_2017_09_04_12_11_38_239.jpg,0.01610407,0,0,25.63457
/Users/ggcstaff/CarND-Term1-Starter-Kit/CarND-Behavioral-Cloning-P3/dataCW/IMG/center_2017_09_04_12_11_38_309.jpg,/Users/ggcstaff/CarND-Term1-Starter-Kit/CarND-Behavioral-Cloning-P3/dataCW/IMG/left_2017_09_04_12_11_38_309.jpg,/Users/ggcstaff/CarND-Term1-Starter-Kit/CarND-Behavioral-Cloning-P3/dataCW/IMG/right_2017_09_04_12_11_38_309.jpg,0.01610407,0,0,25.4299
/Users/ggcstaff/CarND-Term1-Starter-Kit/CarND-Behavioral-Cloning-P3/dataCW/IMG/center_2017_09_04_12_11_38_378.jpg,/Users/ggcstaff/CarND-Term1-Starter-Kit/CarND-Behavioral-Cloning-P3/dataCW/IMG/left_2017_09_04_12_11_38_378.jpg,/Users/ggcstaff/CarND-Term1-Starter-Kit/CarND-Behavioral-Cloning-P3/dataCW/IMG/right_2017_09_04_12_11_38_378.jpg,0.01610407,0,0,25.27749
/Users/ggcstaff/CarND-Term1-Starter-Kit/CarND-Behavioral-Cloning-P3/dataCW/IMG/center_2017_09_04_12_11_38_447.jpg,/Users/ggcstaff/CarND-Term1-Starter-Kit/CarND-Behavioral-Cloning-P3/dataCW/IMG/left_2017_09_04_12_11_38_447.jpg,/Users/ggcstaff/CarND-Term1-Starter-Kit/CarND-Behavioral-Cloning-P3/dataCW/IMG/right_2017_09_04_12_11_38_447.jpg,0.01610407,0,0,25.126
/Users/ggcstaff/CarND-Term1-Starter-Kit/CarND-Behavioral-Cloning-P3/dataCW/IMG/center_2017_09_04_12_11_38_515.jpg,/Users/ggcstaff/CarND-Term1-Starter-Kit/CarND-Behavioral-Cloning-P3/dataCW/IMG/left_2017_09_04_12_11_38_515.jpg,/Users/ggcstaff/CarND-Term1-Starter-Kit/CarND-Behavioral-Cloning-P3/dataCW/IMG/right_2017_09_04_12_11_38_515.jpg,0.01610407,0,0,24.92545
/Users/ggcstaff/CarND-Term1-Starter-Kit/CarND-Behavioral-Cloning-P3/dataCW/IMG/center_2017_09_04_12_11_38_584.jpg,/Users/ggcstaff/CarND-Term1-Starter-Kit/CarND-Behavioral-Cloning-P3/dataCW/IMG/left_2017_09_04_12_11_38_584.jpg,/Users/ggcstaff/CarND-Term1-Starter-Kit/CarND-Behavioral-Cloning-P3/dataCW/IMG/right_2017_09_04_12_11_38_584.jpg,0.009470814,0,0,24.77612
/Users/ggcstaff/CarND-Term1-Starter-Kit/CarND-Behavioral-Cloning-P3/dataCW/IMG/center_2017_09_04_12_11_38_652.jpg,/Users/ggcstaff/CarND-Term1-Starter-Kit/CarND-Behavioral-Cloning-P3/dataCW/IMG/left_2017_09_04_12_11_38_652.jpg,/Users/ggcstaff/CarND-Term1-Starter-Kit/CarND-Behavioral-Cloning-P3/dataCW/IMG/right_2017_09_04_12_11_38_652.jpg,0.002837559,0,0,24.57839
/Users/ggcstaff/CarND-Term1-Starter-Kit/CarND-Behavioral-Cloning-P3/dataCW/IMG/center_2017_09_04_12_11_38_721.jpg,/Users/ggcstaff/CarND-Term1-Starter-Kit/CarND-Behavioral-Cloning-P3/dataCW/IMG/left_2017_09_04_12_11_38_721.jpg,/Users/ggcstaff/CarND-Term1-Starter-Kit/CarND-Behavioral-Cloning-P3/dataCW/IMG/right_2017_09_04_12_11_38_721.jpg,0.002837559,0,0,24.43113
/Users/ggcstaff/CarND-Term1-Starter-Kit/CarND-Behavioral-Cloning-P3/dataCW/IMG/center_2017_09_04_12_11_38_790.jpg,/Users/ggcstaff/CarND-Term1-Starter-Kit/CarND-Behavioral-Cloning-P3/dataCW/IMG/left_2017_09_04_12_11_38_790.jpg,/Users/ggcstaff/CarND-Term1-Starter-Kit/CarND-Behavioral-Cloning-P3/dataCW/IMG/right_2017_09_04_12_11_38_790.jpg,0.002837559,0,0,24.23619
/Users/ggcstaff/CarND-Term1-Starter-Kit/CarND-Behavioral-Cloning-P3/dataCW/IMG/center_2017_09_04_12_11_38_857.jpg,/Users/ggcstaff/CarND-Term1-Starter-Kit/CarND-Behavioral-Cloning-P3/dataCW/IMG/left_2017_09_04_12_11_38_857.jpg,/Users/ggcstaff/CarND-Term1-Starter-Kit/CarND-Behavioral-Cloning-P3/dataCW/IMG/right_2017_09_04_12_11_38_857.jpg,0.002837559,0,0,24.09101
/Users/ggcstaff/CarND-Term1-Starter-Kit/CarND-Behavioral-Cloning-P3/dataCW/IMG/center_2017_09_04_12_11_38_927.jpg,/Users/ggcstaff/CarND-Term1-Starter-Kit/CarND-Behavioral-Cloning-P3/dataCW/IMG/left_2017_09_04_12_11_38_927.jpg,/Users/ggcstaff/CarND-Term1-Starter-Kit/CarND-Behavioral-Cloning-P3/dataCW/IMG/right_2017_09_04_12_11_38_927.jpg,0.002837559,0,0,23.94671
/Users/ggcstaff/CarND-Term1-Starter-Kit/CarND-Behavioral-Cloning-P3/dataCW/IMG/center_2017_09_04_12_11_38_997.jpg,/Users/ggcstaff/CarND-Term1-Starter-Kit/CarND-Behavioral-Cloning-P3/dataCW/IMG/left_2017_09_04_12_11_38_997.jpg,/Users/ggcstaff/CarND-Term1-Starter-Kit/CarND-Behavioral-Cloning-P3/dataCW/IMG/right_2017_09_04_12_11_38_997.jpg,0.002837559,0,0,23.75567
/Users/ggcstaff/CarND-Term1-Starter-Kit/CarND-Behavioral-Cloning-P3/dataCW/IMG/center_2017_09_04_12_11_39_064.jpg,/Users/ggcstaff/CarND-Term1-Starter-Kit/CarND-Behavioral-Cloning-P3/dataCW/IMG/left_2017_09_04_12_11_39_064.jpg,/Users/ggcstaff/CarND-Term1-Starter-Kit/CarND-Behavioral-Cloning-P3/dataCW/IMG/right_2017_09_04_12_11_39_064.jpg,0.002837559,0,0,23.6134
/Users/ggcstaff/CarND-Term1-Starter-Kit/CarND-Behavioral-Cloning-P3/dataCW/IMG/center_2017_09_04_12_11_39_132.jpg,/Users/ggcstaff/CarND-Term1-Starter-Kit/CarND-Behavioral-Cloning-P3/dataCW/IMG/left_2017_09_04_12_11_39_132.jpg,/Users/ggcstaff/CarND-Term1-Starter-Kit/CarND-Behavioral-Cloning-P3/dataCW/IMG/right_2017_09_04_12_11_39_132.jpg,0.002837559,0,0,23.42504
/Users/ggcstaff/CarND-Term1-Starter-Kit/CarND-Behavioral-Cloning-P3/dataCW/IMG/center_2017_09_04_12_11_39_201.jpg,/Users/ggcstaff/CarND-Term1-Starter-Kit/CarND-Behavioral-Cloning-P3/dataCW/IMG/left_2017_09_04_12_11_39_201.jpg,/Users/ggcstaff/CarND-Term1-Starter-Kit/CarND-Behavioral-Cloning-P3/dataCW/IMG/right_2017_09_04_12_11_39_201.jpg,0.002837559,0,0,23.28477
/Users/ggcstaff/CarND-Term1-Starter-Kit/CarND-Behavioral-Cloning-P3/dataCW/IMG/center_2017_09_04_12_11_39_268.jpg,/Users/ggcstaff/CarND-Term1-Starter-Kit/CarND-Behavioral-Cloning-P3/dataCW/IMG/left_2017_09_04_12_11_39_268.jpg,/Users/ggcstaff/CarND-Term1-Starter-Kit/CarND-Behavioral-Cloning-P3/dataCW/IMG/right_2017_09_04_12_11_39_268.jpg,0.002837559,0,0,23.09905
/Users/ggcstaff/CarND-Term1-Starter-Kit/CarND-Behavioral-Cloning-P3/dataCW/IMG/center_2017_09_04_12_11_39_342.jpg,/Users/ggcstaff/CarND-Term1-Starter-Kit/CarND-Behavioral-Cloning-P3/dataCW/IMG/left_2017_09_04_12_11_39_342.jpg,/Users/ggcstaff/CarND-Term1-Starter-Kit/CarND-Behavioral-Cloning-P3/dataCW/IMG/right_2017_09_04_12_11_39_342.jpg,0.002837559,0,0,22.96076
/Users/ggcstaff/CarND-Term1-Starter-Kit/CarND-Behavioral-Cloning-P3/dataCW/IMG/center_2017_09_04_12_11_39_410.jpg,/Users/ggcstaff/CarND-Term1-Starter-Kit/CarND-Behavioral-Cloning-P3/dataCW/IMG/left_2017_09_04_12_11_39_410.jpg,/Users/ggcstaff/CarND-Term1-Starter-Kit/CarND-Behavioral-Cloning-P3/dataCW/IMG/right_2017_09_04_12_11_39_410.jpg,0.002837559,0,0,22.77766
/Users/ggcstaff/CarND-Term1-Starter-Kit/CarND-Behavioral-Cloning-P3/dataCW/IMG/center_2017_09_04_12_11_39_478.jpg,/Users/ggcstaff/CarND-Term1-Starter-Kit/CarND-Behavioral-Cloning-P3/dataCW/IMG/left_2017_09_04_12_11_39_478.jpg,/Users/ggcstaff/CarND-Term1-Starter-Kit/CarND-Behavioral-Cloning-P3/dataCW/IMG/right_2017_09_04_12_11_39_478.jpg,0.002837559,0,0,22.64131
/Users/ggcstaff/CarND-Term1-Starter-Kit/CarND-Behavioral-Cloning-P3/dataCW/IMG/center_2017_09_04_12_11_39_546.jpg,/Users/ggcstaff/CarND-Term1-Starter-Kit/CarND-Behavioral-Cloning-P3/dataCW/IMG/left_2017_09_04_12_11_39_546.jpg,/Users/ggcstaff/CarND-Term1-Starter-Kit/CarND-Behavioral-Cloning-P3/dataCW/IMG/right_2017_09_04_12_11_39_546.jpg,0.002837559,0,0,22.50578
/Users/ggcstaff/CarND-Term1-Starter-Kit/CarND-Behavioral-Cloning-P3/dataCW/IMG/center_2017_09_04_12_11_39_614.jpg,/Users/ggcstaff/CarND-Term1-Starter-Kit/CarND-Behavioral-Cloning-P3/dataCW/IMG/left_2017_09_04_12_11_39_614.jpg,/Users/ggcstaff/CarND-Term1-Starter-Kit/CarND-Behavioral-Cloning-P3/dataCW/IMG/right_2017_09_04_12_11_39_614.jpg,0.002837559,0,0,22.32634
/Users/ggcstaff/CarND-Term1-Starter-Kit/CarND-Behavioral-Cloning-P3/dataCW/IMG/center_2017_09_04_12_11_39_682.jpg,/Users/ggcstaff/CarND-Term1-Starter-Kit/CarND-Behavioral-Cloning-P3/dataCW/IMG/left_2017_09_04_12_11_39_682.jpg,/Users/ggcstaff/CarND-Term1-Starter-Kit/CarND-Behavioral-Cloning-P3/dataCW/IMG/right_2017_09_04_12_11_39_682.jpg,0.002837559,0,0,22.19272
/Users/ggcstaff/CarND-Term1-Starter-Kit/CarND-Behavioral-Cloning-P3/dataCW/IMG/center_2017_09_04_12_11_39_750.jpg,/Users/ggcstaff/CarND-Term1-Starter-Kit/CarND-Behavioral-Cloning-P3/dataCW/IMG/left_2017_09_04_12_11_39_750.jpg,/Users/ggcstaff/CarND-Term1-Starter-Kit/CarND-Behavioral-Cloning-P3/dataCW/IMG/right_2017_09_04_12_11_39_750.jpg,0.002837559,0,0,22.0158
/Users/ggcstaff/CarND-Term1-Starter-Kit/CarND-Behavioral-Cloning-P3/dataCW/IMG/center_2017_09_04_12_11_39_817.jpg,/Users/ggcstaff/CarND-Term1-Starter-Kit/CarND-Behavioral-Cloning-P3/dataCW/IMG/left_2017_09_04_12_11_39_817.jpg,/Users/ggcstaff/CarND-Term1-Starter-Kit/CarND-Behavioral-Cloning-P3/dataCW/IMG/right_2017_09_04_12_11_39_817.jpg,0.002837559,0,0,21.88405
/Users/ggcstaff/CarND-Term1-Starter-Kit/CarND-Behavioral-Cloning-P3/dataCW/IMG/center_2017_09_04_12_11_39_884.jpg,/Users/ggcstaff/CarND-Term1-Starter-Kit/CarND-Behavioral-Cloning-P3/dataCW/IMG/left_2017_09_04_12_11_39_884.jpg,/Users/ggcstaff/CarND-Term1-Starter-Kit/CarND-Behavioral-Cloning-P3/dataCW/IMG/right_2017_09_04_12_11_39_884.jpg,0.002837559,0,0,21.7531
/Users/ggcstaff/CarND-Term1-Starter-Kit/CarND-Behavioral-Cloning-P3/dataCW/IMG/center_2017_09_04_12_11_39_953.jpg,/Users/ggcstaff/CarND-Term1-Starter-Kit/CarND-Behavioral-Cloning-P3/dataCW/IMG/left_2017_09_04_12_11_39_953.jpg,/Users/ggcstaff/CarND-Term1-Starter-Kit/CarND-Behavioral-Cloning-P3/dataCW/IMG/right_2017_09_04_12_11_39_953.jpg,0.002837559,0,0,21.57973
/Users/ggcstaff/CarND-Term1-Starter-Kit/CarND-Behavioral-Cloning-P3/dataCW/IMG/center_2017_09_04_12_11_40_021.jpg,/Users/ggcstaff/CarND-Term1-Starter-Kit/CarND-Behavioral-Cloning-P3/dataCW/IMG/left_2017_09_04_12_11_40_021.jpg,/Users/ggcstaff/CarND-Term1-Starter-Kit/CarND-Behavioral-Cloning-P3/dataCW/IMG/right_2017_09_04_12_11_40_021.jpg,0.002837559,0,0,21.45062
/Users/ggcstaff/CarND-Term1-Starter-Kit/CarND-Behavioral-Cloning-P3/dataCW/IMG/center_2017_09_04_12_11_40_089.jpg,/Users/ggcstaff/CarND-Term1-Starter-Kit/CarND-Behavioral-Cloning-P3/dataCW/IMG/left_2017_09_04_12_11_40_089.jpg,/Users/ggcstaff/CarND-Term1-Starter-Kit/CarND-Behavioral-Cloning-P3/dataCW/IMG/right_2017_09_04_12_11_40_089.jpg,0.002837559,0,0,21.27969
/Users/ggcstaff/CarND-Term1-Starter-Kit/CarND-Behavioral-Cloning-P3/dataCW/IMG/center_2017_09_04_12_11_40_159.jpg,/Users/ggcstaff/CarND-Term1-Starter-Kit/CarND-Behavioral-Cloning-P3/dataCW/IMG/left_2017_09_04_12_11_40_159.jpg,/Users/ggcstaff/CarND-Term1-Starter-Kit/CarND-Behavioral-Cloning-P3/dataCW/IMG/right_2017_09_04_12_11_40_159.jpg,0.002837559,0,0,21.1524
/Users/ggcstaff/CarND-Term1-Starter-Kit/CarND-Behavioral-Cloning-P3/dataCW/IMG/center_2017_09_04_12_11_40_226.jpg,/Users/ggcstaff/CarND-Term1-Starter-Kit/CarND-Behavioral-Cloning-P3/dataCW/IMG/left_2017_09_04_12_11_40_226.jpg,/Users/ggcstaff/CarND-Term1-Starter-Kit/CarND-Behavioral-Cloning-P3/dataCW/IMG/right_2017_09_04_12_11_40_226.jpg,0.002837559,0,0,21.02587
/Users/ggcstaff/CarND-Term1-Starter-Kit/CarND-Behavioral-Cloning-P3/dataCW/IMG/center_2017_09_04_12_11_40_301.jpg,/Users/ggcstaff/CarND-Term1-Starter-Kit/CarND-Behavioral-Cloning-P3/dataCW/IMG/left_2017_09_04_12_11_40_301.jpg,/Users/ggcstaff/CarND-Term1-Starter-Kit/CarND-Behavioral-Cloning-P3/dataCW/IMG/right_2017_09_04_12_11_40_301.jpg,0.002837559,0,0,20.85835
/Users/ggcstaff/CarND-Term1-Starter-Kit/CarND-Behavioral-Cloning-P3/dataCW/IMG/center_2017_09_04_12_11_40_371.jpg,/Users/ggcstaff/CarND-Term1-Starter-Kit/CarND-Behavioral-Cloning-P3/dataCW/IMG/left_2017_09_04_12_11_40_371.jpg,/Users/ggcstaff/CarND-Term1-Starter-Kit/CarND-Behavioral-Cloning-P3/dataCW/IMG/right_2017_09_04_12_11_40_371.jpg,0.002837559,0,0,20.69219
/Users/ggcstaff/CarND-Term1-Starter-Kit/CarND-Behavioral-Cloning-P3/dataCW/IMG/center_2017_09_04_12_11_40_440.jpg,/Users/ggcstaff/CarND-Term1-Starter-Kit/CarND-Behavioral-Cloning-P3/dataCW/IMG/left_2017_09_04_12_11_40_440.jpg,/Users/ggcstaff/CarND-Term1-Starter-Kit/CarND-Behavioral-Cloning-P3/dataCW/IMG/right_2017_09_04_12_11_40_440.jpg,0.002837559,0,0,20.56844
/Users/ggcstaff/CarND-Term1-Starter-Kit/CarND-Behavioral-Cloning-P3/dataCW/IMG/center_2017_09_04_12_11_40_519.jpg,/Users/ggcstaff/CarND-Term1-Starter-Kit/CarND-Behavioral-Cloning-P3/dataCW/IMG/left_2017_09_04_12_11_40_519.jpg,/Users/ggcstaff/CarND-Term1-Starter-Kit/CarND-Behavioral-Cloning-P3/dataCW/IMG/right_2017_09_04_12_11_40_519.jpg,0.002837559,0,0,20.40462
/Users/ggcstaff/CarND-Term1-Starter-Kit/CarND-Behavioral-Cloning-P3/dataCW/IMG/center_2017_09_04_12_11_40_586.jpg,/Users/ggcstaff/CarND-Term1-Starter-Kit/CarND-Behavioral-Cloning-P3/dataCW/IMG/left_2017_09_04_12_11_40_586.jpg,/Users/ggcstaff/CarND-Term1-Starter-Kit/CarND-Behavioral-Cloning-P3/dataCW/IMG/right_2017_09_04_12_11_40_586.jpg,0.002837559,0,0,20.28261
/Users/ggcstaff/CarND-Term1-Starter-Kit/CarND-Behavioral-Cloning-P3/dataCW/IMG/center_2017_09_04_12_11_40_657.jpg,/Users/ggcstaff/CarND-Term1-Starter-Kit/CarND-Behavioral-Cloning-P3/dataCW/IMG/left_2017_09_04_12_11_40_657.jpg,/Users/ggcstaff/CarND-Term1-Starter-Kit/CarND-Behavioral-Cloning-P3/dataCW/IMG/right_2017_09_04_12_11_40_657.jpg,0.002837559,0,0,20.12108
/Users/ggcstaff/CarND-Term1-Starter-Kit/CarND-Behavioral-Cloning-P3/dataCW/IMG/center_2017_09_04_12_11_40_724.jpg,/Users/ggcstaff/CarND-Term1-Starter-Kit/CarND-Behavioral-Cloning-P3/dataCW/IMG/left_2017_09_04_12_11_40_724.jpg,/Users/ggcstaff/CarND-Term1-Starter-Kit/CarND-Behavioral-Cloning-P3/dataCW/IMG/right_2017_09_04_12_11_40_724.jpg,-0.008144163,0,0,20.00076
/Users/ggcstaff/CarND-Term1-Starter-Kit/CarND-Behavioral-Cloning-P3/dataCW/IMG/center_2017_09_04_12_11_40_793.jpg,/Users/ggcstaff/CarND-Term1-Starter-Kit/CarND-Behavioral-Cloning-P3/dataCW/IMG/left_2017_09_04_12_11_40_793.jpg,/Users/ggcstaff/CarND-Term1-Starter-Kit/CarND-Behavioral-Cloning-P3/dataCW/IMG/right_2017_09_04_12_11_40_793.jpg,-0.0247273,0,0,19.84115
/Users/ggcstaff/CarND-Term1-Starter-Kit/CarND-Behavioral-Cloning-P3/dataCW/IMG/center_2017_09_04_12_11_40_862.jpg,/Users/ggcstaff/CarND-Term1-Starter-Kit/CarND-Behavioral-Cloning-P3/dataCW/IMG/left_2017_09_04_12_11_40_862.jpg,/Users/ggcstaff/CarND-Term1-Starter-Kit/CarND-Behavioral-Cloning-P3/dataCW/IMG/right_2017_09_04_12_11_40_862.jpg,-0.03467718,0,0,19.72197
/Users/ggcstaff/CarND-Term1-Starter-Kit/CarND-Behavioral-Cloning-P3/dataCW/IMG/center_2017_09_04_12_11_40_930.jpg,/Users/ggcstaff/CarND-Term1-Starter-Kit/CarND-Behavioral-Cloning-P3/dataCW/IMG/left_2017_09_04_12_11_40_930.jpg,/Users/ggcstaff/CarND-Term1-Starter-Kit/CarND-Behavioral-Cloning-P3/dataCW/IMG/right_2017_09_04_12_11_40_930.jpg,-0.03799381,0,0,19.56439
/Users/ggcstaff/CarND-Term1-Starter-Kit/CarND-Behavioral-Cloning-P3/dataCW/IMG/center_2017_09_04_12_11_40_998.jpg,/Users/ggcstaff/CarND-Term1-Starter-Kit/CarND-Behavioral-Cloning-P3/dataCW/IMG/left_2017_09_04_12_11_40_998.jpg,/Users/ggcstaff/CarND-Term1-Starter-Kit/CarND-Behavioral-Cloning-P3/dataCW/IMG/right_2017_09_04_12_11_40_998.jpg,-0.03799381,0,0,19.44719
/Users/ggcstaff/CarND-Term1-Starter-Kit/CarND-Behavioral-Cloning-P3/dataCW/IMG/center_2017_09_04_12_11_41_067.jpg,/Users/ggcstaff/CarND-Term1-Starter-Kit/CarND-Behavioral-Cloning-P3/dataCW/IMG/left_2017_09_04_12_11_41_067.jpg,/Users/ggcstaff/CarND-Term1-Starter-Kit/CarND-Behavioral-Cloning-P3/dataCW/IMG/right_2017_09_04_12_11_41_067.jpg,-0.03799381,0,0,19.33073
/Users/ggcstaff/CarND-Term1-Starter-Kit/CarND-Behavioral-Cloning-P3/dataCW/IMG/center_2017_09_04_12_11_41_144.jpg,/Users/ggcstaff/CarND-Term1-Starter-Kit/CarND-Behavioral-Cloning-P3/dataCW/IMG/left_2017_09_04_12_11_41_144.jpg,/Users/ggcstaff/CarND-Term1-Starter-Kit/CarND-Behavioral-Cloning-P3/dataCW/IMG/right_2017_09_04_12_11_41_144.jpg,-0.03799381,0,0,19.17662
/Users/ggcstaff/CarND-Term1-Starter-Kit/CarND-Behavioral-Cloning-P3/dataCW/IMG/center_2017_09_04_12_11_41_221.jpg,/Users/ggcstaff/CarND-Term1-Starter-Kit/CarND-Behavioral-Cloning-P3/dataCW/IMG/left_2017_09_04_12_11_41_221.jpg,/Users/ggcstaff/CarND-Term1-Starter-Kit/CarND-Behavioral-Cloning-P3/dataCW/IMG/right_2017_09_04_12_11_41_221.jpg,-0.03799381,0,0,19.02377
/Users/ggcstaff/CarND-Term1-Starter-Kit/CarND-Behavioral-Cloning-P3/dataCW/IMG/center_2017_09_04_12_11_41_290.jpg,/Users/ggcstaff/CarND-Term1-Starter-Kit/CarND-Behavioral-Cloning-P3/dataCW/IMG/left_2017_09_04_12_11_41_290.jpg,/Users/ggcstaff/CarND-Term1-Starter-Kit/CarND-Behavioral-Cloning-P3/dataCW/IMG/right_2017_09_04_12_11_41_290.jpg,-0.03799381,0,0,18.87212
/Users/ggcstaff/CarND-Term1-Starter-Kit/CarND-Behavioral-Cloning-P3/dataCW/IMG/center_2017_09_04_12_11_41_358.jpg,/Users/ggcstaff/CarND-Term1-Starter-Kit/CarND-Behavioral-Cloning-P3/dataCW/IMG/left_2017_09_04_12_11_41_358.jpg,/Users/ggcstaff/CarND-Term1-Starter-Kit/CarND-Behavioral-Cloning-P3/dataCW/IMG/right_2017_09_04_12_11_41_358.jpg,-0.03799381,0.09803689,0,18.77738
/Users/ggcstaff/CarND-Term1-Starter-Kit/CarND-Behavioral-Cloning-P3/dataCW/IMG/center_2017_09_04_12_11_41_426.jpg,/Users/ggcstaff/CarND-Term1-Starter-Kit/CarND-Behavioral-Cloning-P3/dataCW/IMG/left_2017_09_04_12_11_41_426.jpg,/Users/ggcstaff/CarND-Term1-Starter-Kit/CarND-Behavioral-Cloning-P3/dataCW/IMG/right_2017_09_04_12_11_41_426.jpg,-0.03799381,0.276333,0,18.80326
/Users/ggcstaff/CarND-Term1-Starter-Kit/CarND-Behavioral-Cloning-P3/dataCW/IMG/center_2017_09_04_12_11_41_497.jpg,/Users/ggcstaff/CarND-Term1-Starter-Kit/CarND-Behavioral-Cloning-P3/dataCW/IMG/left_2017_09_04_12_11_41_497.jpg,/Users/ggcstaff/CarND-Term1-Starter-Kit/CarND-Behavioral-Cloning-P3/dataCW/IMG/right_2017_09_04_12_11_41_497.jpg,-0.03799381,0.5171519,0,19.03842
/Users/ggcstaff/CarND-Term1-Starter-Kit/CarND-Behavioral-Cloning-P3/dataCW/IMG/center_2017_09_04_12_11_41_574.jpg,/Users/ggcstaff/CarND-Term1-Starter-Kit/CarND-Behavioral-Cloning-P3/dataCW/IMG/left_2017_09_04_12_11_41_574.jpg,/Users/ggcstaff/CarND-Term1-Starter-Kit/CarND-Behavioral-Cloning-P3/dataCW/IMG/right_2017_09_04_12_11_41_574.jpg,-0.03799381,0.7684919,0,19.51683
/Users/ggcstaff/CarND-Term1-Starter-Kit/CarND-Behavioral-Cloning-P3/dataCW/IMG/center_2017_09_04_12_11_41_642.jpg,/Users/ggcstaff/CarND-Term1-Starter-Kit/CarND-Behavioral-Cloning-P3/dataCW/IMG/left_2017_09_04_12_11_41_642.jpg,/Users/ggcstaff/CarND-Term1-Starter-Kit/CarND-Behavioral-Cloning-P3/dataCW/IMG/right_2017_09_04_12_11_41_642.jpg,-0.03799381,0.962277,0,20.00975
/Users/ggcstaff/CarND-Term1-Starter-Kit/CarND-Behavioral-Cloning-P3/dataCW/IMG/center_2017_09_04_12_11_41_709.jpg,/Users/ggcstaff/CarND-Term1-Starter-Kit/CarND-Behavioral-Cloning-P3/dataCW/IMG/left_2017_09_04_12_11_41_709.jpg,/Users/ggcstaff/CarND-Term1-Starter-Kit/CarND-Behavioral-Cloning-P3/dataCW/IMG/right_2017_09_04_12_11_41_709.jpg,-0.03799381,1,0,20.81415
/Users/ggcstaff/CarND-Term1-Starter-Kit/CarND-Behavioral-Cloning-P3/dataCW/IMG/center_2017_09_04_12_11_41_776.jpg,/Users/ggcstaff/CarND-Term1-Starter-Kit/CarND-Behavioral-Cloning-P3/dataCW/IMG/left_2017_09_04_12_11_41_776.jpg,/Users/ggcstaff/CarND-Term1-Starter-Kit/CarND-Behavioral-Cloning-P3/dataCW/IMG/right_2017_09_04_12_11_41_776.jpg,-0.03799381,1,0,21.42698
/Users/ggcstaff/CarND-Term1-Starter-Kit/CarND-Behavioral-Cloning-P3/dataCW/IMG/center_2017_09_04_12_11_41_844.jpg,/Users/ggcstaff/CarND-Term1-Starter-Kit/CarND-Behavioral-Cloning-P3/dataCW/IMG/left_2017_09_04_12_11_41_844.jpg,/Users/ggcstaff/CarND-Term1-Starter-Kit/CarND-Behavioral-Cloning-P3/dataCW/IMG/right_2017_09_04_12_11_41_844.jpg,-0.03799381,1,0,22.01557
/Users/ggcstaff/CarND-Term1-Starter-Kit/CarND-Behavioral-Cloning-P3/dataCW/IMG/center_2017_09_04_12_11_41_913.jpg,/Users/ggcstaff/CarND-Term1-Starter-Kit/CarND-Behavioral-Cloning-P3/dataCW/IMG/left_2017_09_04_12_11_41_913.jpg,/Users/ggcstaff/CarND-Term1-Starter-Kit/CarND-Behavioral-Cloning-P3/dataCW/IMG/right_2017_09_04_12_11_41_913.jpg,-0.03799381,1,0,22.80879
/Users/ggcstaff/CarND-Term1-Starter-Kit/CarND-Behavioral-Cloning-P3/dataCW/IMG/center_2017_09_04_12_11_41_982.jpg,/Users/ggcstaff/CarND-Term1-Starter-Kit/CarND-Behavioral-Cloning-P3/dataCW/IMG/left_2017_09_04_12_11_41_982.jpg,/Users/ggcstaff/CarND-Term1-Starter-Kit/CarND-Behavioral-Cloning-P3/dataCW/IMG/right_2017_09_04_12_11_41_982.jpg,-0.02815448,1,0,23.40152
/Users/ggcstaff/CarND-Term1-Starter-Kit/CarND-Behavioral-Cloning-P3/dataCW/IMG/center_2017_09_04_12_11_42_054.jpg,/Users/ggcstaff/CarND-Term1-Starter-Kit/CarND-Behavioral-Cloning-P3/dataCW/IMG/left_2017_09_04_12_11_42_054.jpg,/Users/ggcstaff/CarND-Term1-Starter-Kit/CarND-Behavioral-Cloning-P3/dataCW/IMG/right_2017_09_04_12_11_42_054.jpg,-0.0117556,1,0,24.18119
/Users/ggcstaff/CarND-Term1-Starter-Kit/CarND-Behavioral-Cloning-P3/dataCW/IMG/center_2017_09_04_12_11_42_122.jpg,/Users/ggcstaff/CarND-Term1-Starter-Kit/CarND-Behavioral-Cloning-P3/dataCW/IMG/left_2017_09_04_12_11_42_122.jpg,/Users/ggcstaff/CarND-Term1-Starter-Kit/CarND-Behavioral-Cloning-P3/dataCW/IMG/right_2017_09_04_12_11_42_122.jpg,0.004643278,1,0,24.76164
/Users/ggcstaff/CarND-Term1-Starter-Kit/CarND-Behavioral-Cloning-P3/dataCW/IMG/center_2017_09_04_12_11_42_191.jpg,/Users/ggcstaff/CarND-Term1-Starter-Kit/CarND-Behavioral-Cloning-P3/dataCW/IMG/left_2017_09_04_12_11_42_191.jpg,/Users/ggcstaff/CarND-Term1-Starter-Kit/CarND-Behavioral-Cloning-P3/dataCW/IMG/right_2017_09_04_12_11_42_191.jpg,0.03416126,1,0,25.53014
/Users/ggcstaff/CarND-Term1-Starter-Kit/CarND-Behavioral-Cloning-P3/dataCW/IMG/center_2017_09_04_12_11_42_259.jpg,/Users/ggcstaff/CarND-Term1-Starter-Kit/CarND-Behavioral-Cloning-P3/dataCW/IMG/left_2017_09_04_12_11_42_259.jpg,/Users/ggcstaff/CarND-Term1-Starter-Kit/CarND-Behavioral-Cloning-P3/dataCW/IMG/right_2017_09_04_12_11_42_259.jpg,0.05056014,1,0,26.10185
/Users/ggcstaff/CarND-Term1-Starter-Kit/CarND-Behavioral-Cloning-P3/dataCW/IMG/center_2017_09_04_12_11_42_326.jpg,/Users/ggcstaff/CarND-Term1-Starter-Kit/CarND-Behavioral-Cloning-P3/dataCW/IMG/left_2017_09_04_12_11_42_326.jpg,/Users/ggcstaff/CarND-Term1-Starter-Kit/CarND-Behavioral-Cloning-P3/dataCW/IMG/right_2017_09_04_12_11_42_326.jpg,0.05383992,1,0,26.67004
/Users/ggcstaff/CarND-Term1-Starter-Kit/CarND-Behavioral-Cloning-P3/dataCW/IMG/center_2017_09_04_12_11_42_397.jpg,/Users/ggcstaff/CarND-Term1-Starter-Kit/CarND-Behavioral-Cloning-P3/dataCW/IMG/left_2017_09_04_12_11_42_397.jpg,/Users/ggcstaff/CarND-Term1-Starter-Kit/CarND-Behavioral-Cloning-P3/dataCW/IMG/right_2017_09_04_12_11_42_397.jpg,0.05383992,1,0,27.42307
/Users/ggcstaff/CarND-Term1-Starter-Kit/CarND-Behavioral-Cloning-P3/dataCW/IMG/center_2017_09_04_12_11_42_464.jpg,/Users/ggcstaff/CarND-Term1-Starter-Kit/CarND-Behavioral-Cloning-P3/dataCW/IMG/left_2017_09_04_12_11_42_464.jpg,/Users/ggcstaff/CarND-Term1-Starter-Kit/CarND-Behavioral-Cloning-P3/dataCW/IMG/right_2017_09_04_12_11_42_464.jpg,0.05383992,1,0,27.98411
/Users/ggcstaff/CarND-Term1-Starter-Kit/CarND-Behavioral-Cloning-P3/dataCW/IMG/center_2017_09_04_12_11_42_532.jpg,/Users/ggcstaff/CarND-Term1-Starter-Kit/CarND-Behavioral-Cloning-P3/dataCW/IMG/left_2017_09_04_12_11_42_532.jpg,/Users/ggcstaff/CarND-Term1-Starter-Kit/CarND-Behavioral-Cloning-P3/dataCW/IMG/right_2017_09_04_12_11_42_532.jpg,0.05383992,1,0,28.72715
/Users/ggcstaff/CarND-Term1-Starter-Kit/CarND-Behavioral-Cloning-P3/dataCW/IMG/center_2017_09_04_12_11_42_599.jpg,/Users/ggcstaff/CarND-Term1-Starter-Kit/CarND-Behavioral-Cloning-P3/dataCW/IMG/left_2017_09_04_12_11_42_599.jpg,/Users/ggcstaff/CarND-Term1-Starter-Kit/CarND-Behavioral-Cloning-P3/dataCW/IMG/right_2017_09_04_12_11_42_599.jpg,0.05383992,1,0,29.33552
/Users/ggcstaff/CarND-Term1-Starter-Kit/CarND-Behavioral-Cloning-P3/dataCW/IMG/center_2017_09_04_12_11_42_668.jpg,/Users/ggcstaff/CarND-Term1-Starter-Kit/CarND-Behavioral-Cloning-P3/dataCW/IMG/left_2017_09_04_12_11_42_668.jpg,/Users/ggcstaff/CarND-Term1-Starter-Kit/CarND-Behavioral-Cloning-P3/dataCW/IMG/right_2017_09_04_12_11_42_668.jpg,0.05383992,1,0,29.87666
/Users/ggcstaff/CarND-Term1-Starter-Kit/CarND-Behavioral-Cloning-P3/dataCW/IMG/center_2017_09_04_12_11_42_737.jpg,/Users/ggcstaff/CarND-Term1-Starter-Kit/CarND-Behavioral-Cloning-P3/dataCW/IMG/left_2017_09_04_12_11_42_737.jpg,/Users/ggcstaff/CarND-Term1-Starter-Kit/CarND-Behavioral-Cloning-P3/dataCW/IMG/right_2017_09_04_12_11_42_737.jpg,0.05383992,1,0,30.14356
/Users/ggcstaff/CarND-Term1-Starter-Kit/CarND-Behavioral-Cloning-P3/dataCW/IMG/center_2017_09_04_12_11_42_807.jpg,/Users/ggcstaff/CarND-Term1-Starter-Kit/CarND-Behavioral-Cloning-P3/dataCW/IMG/left_2017_09_04_12_11_42_807.jpg,/Users/ggcstaff/CarND-Term1-Starter-Kit/CarND-Behavioral-Cloning-P3/dataCW/IMG/right_2017_09_04_12_11_42_807.jpg,0.05383992,1,0,30.30036
/Users/ggcstaff/CarND-Term1-Starter-Kit/CarND-Behavioral-Cloning-P3/dataCW/IMG/center_2017_09_04_12_11_42_877.jpg,/Users/ggcstaff/CarND-Term1-Starter-Kit/CarND-Behavioral-Cloning-P3/dataCW/IMG/left_2017_09_04_12_11_42_877.jpg,/Users/ggcstaff/CarND-Term1-Starter-Kit/CarND-Behavioral-Cloning-P3/dataCW/IMG/right_2017_09_04_12_11_42_877.jpg,0.05383992,1,0,30.08876
/Users/ggcstaff/CarND-Term1-Starter-Kit/CarND-Behavioral-Cloning-P3/dataCW/IMG/center_2017_09_04_12_11_42_952.jpg,/Users/ggcstaff/CarND-Term1-Starter-Kit/CarND-Behavioral-Cloning-P3/dataCW/IMG/left_2017_09_04_12_11_42_952.jpg,/Users/ggcstaff/CarND-Term1-Starter-Kit/CarND-Behavioral-Cloning-P3/dataCW/IMG/right_2017_09_04_12_11_42_952.jpg,0.02067364,1,0,30.26123
/Users/ggcstaff/CarND-Term1-Starter-Kit/CarND-Behavioral-Cloning-P3/dataCW/IMG/center_2017_09_04_12_11_43_019.jpg,/Users/ggcstaff/CarND-Term1-Starter-Kit/CarND-Behavioral-Cloning-P3/dataCW/IMG/left_2017_09_04_12_11_43_019.jpg,/Users/ggcstaff/CarND-Term1-Starter-Kit/CarND-Behavioral-Cloning-P3/dataCW/IMG/right_2017_09_04_12_11_43_019.jpg,0.02067364,1,0,30.20939
/Users/ggcstaff/CarND-Term1-Starter-Kit/CarND-Behavioral-Cloning-P3/dataCW/IMG/center_2017_09_04_12_11_43_090.jpg,/Users/ggcstaff/CarND-Term1-Starter-Kit/CarND-Behavioral-Cloning-P3/dataCW/IMG/left_2017_09_04_12_11_43_090.jpg,/Users/ggcstaff/CarND-Term1-Starter-Kit/CarND-Behavioral-Cloning-P3/dataCW/IMG/right_2017_09_04_12_11_43_090.jpg,0.02067364,1,0,30.19001
/Users/ggcstaff/CarND-Term1-Starter-Kit/CarND-Behavioral-Cloning-P3/dataCW/IMG/center_2017_09_04_12_11_43_160.jpg,/Users/ggcstaff/CarND-Term1-Starter-Kit/CarND-Behavioral-Cloning-P3/dataCW/IMG/left_2017_09_04_12_11_43_160.jpg,/Users/ggcstaff/CarND-Term1-Starter-Kit/CarND-Behavioral-Cloning-P3/dataCW/IMG/right_2017_09_04_12_11_43_160.jpg,0.02067364,1,0,30.18968
/Users/ggcstaff/CarND-Term1-Starter-Kit/CarND-Behavioral-Cloning-P3/dataCW/IMG/center_2017_09_04_12_11_43_230.jpg,/Users/ggcstaff/CarND-Term1-Starter-Kit/CarND-Behavioral-Cloning-P3/dataCW/IMG/left_2017_09_04_12_11_43_230.jpg,/Users/ggcstaff/CarND-Term1-Starter-Kit/CarND-Behavioral-Cloning-P3/dataCW/IMG/right_2017_09_04_12_11_43_230.jpg,0.02067364,1,0,30.18989
/Users/ggcstaff/CarND-Term1-Starter-Kit/CarND-Behavioral-Cloning-P3/dataCW/IMG/center_2017_09_04_12_11_43_300.jpg,/Users/ggcstaff/CarND-Term1-Starter-Kit/CarND-Behavioral-Cloning-P3/dataCW/IMG/left_2017_09_04_12_11_43_300.jpg,/Users/ggcstaff/CarND-Term1-Starter-Kit/CarND-Behavioral-Cloning-P3/dataCW/IMG/right_2017_09_04_12_11_43_300.jpg,0.02067364,1,0,30.19007
/Users/ggcstaff/CarND-Term1-Starter-Kit/CarND-Behavioral-Cloning-P3/dataCW/IMG/center_2017_09_04_12_11_43_370.jpg,/Users/ggcstaff/CarND-Term1-Starter-Kit/CarND-Behavioral-Cloning-P3/dataCW/IMG/left_2017_09_04_12_11_43_370.jpg,/Users/ggcstaff/CarND-Term1-Starter-Kit/CarND-Behavioral-Cloning-P3/dataCW/IMG/right_2017_09_04_12_11_43_370.jpg,0.02067364,1,0,30.19025
/Users/ggcstaff/CarND-Term1-Starter-Kit/CarND-Behavioral-Cloning-P3/dataCW/IMG/center_2017_09_04_12_11_43_437.jpg,/Users/ggcstaff/CarND-Term1-Starter-Kit/CarND-Behavioral-Cloning-P3/dataCW/IMG/left_2017_09_04_12_11_43_437.jpg,/Users/ggcstaff/CarND-Term1-Starter-Kit/CarND-Behavioral-Cloning-P3/dataCW/IMG/right_2017_09_04_12_11_43_437.jpg,0.02067364,1,0,30.19027
/Users/ggcstaff/CarND-Term1-Starter-Kit/CarND-Behavioral-Cloning-P3/dataCW/IMG/center_2017_09_04_12_11_43_505.jpg,/Users/ggcstaff/CarND-Term1-Starter-Kit/CarND-Behavioral-Cloning-P3/dataCW/IMG/left_2017_09_04_12_11_43_505.jpg,/Users/ggcstaff/CarND-Term1-Starter-Kit/CarND-Behavioral-Cloning-P3/dataCW/IMG/right_2017_09_04_12_11_43_505.jpg,0.02067364,1,0,30.19027
/Users/ggcstaff/CarND-Term1-Starter-Kit/CarND-Behavioral-Cloning-P3/dataCW/IMG/center_2017_09_04_12_11_43_575.jpg,/Users/ggcstaff/CarND-Term1-Starter-Kit/CarND-Behavioral-Cloning-P3/dataCW/IMG/left_2017_09_04_12_11_43_575.jpg,/Users/ggcstaff/CarND-Term1-Starter-Kit/CarND-Behavioral-Cloning-P3/dataCW/IMG/right_2017_09_04_12_11_43_575.jpg,0.02067364,1,0,30.19026
/Users/ggcstaff/CarND-Term1-Starter-Kit/CarND-Behavioral-Cloning-P3/dataCW/IMG/center_2017_09_04_12_11_43_642.jpg,/Users/ggcstaff/CarND-Term1-Starter-Kit/CarND-Behavioral-Cloning-P3/dataCW/IMG/left_2017_09_04_12_11_43_642.jpg,/Users/ggcstaff/CarND-Term1-Starter-Kit/CarND-Behavioral-Cloning-P3/dataCW/IMG/right_2017_09_04_12_11_43_642.jpg,0.02067364,1,0,30.19025
/Users/ggcstaff/CarND-Term1-Starter-Kit/CarND-Behavioral-Cloning-P3/dataCW/IMG/center_2017_09_04_12_11_43_714.jpg,/Users/ggcstaff/CarND-Term1-Starter-Kit/CarND-Behavioral-Cloning-P3/dataCW/IMG/left_2017_09_04_12_11_43_714.jpg,/Users/ggcstaff/CarND-Term1-Starter-Kit/CarND-Behavioral-Cloning-P3/dataCW/IMG/right_2017_09_04_12_11_43_714.jpg,0.03917306,1,0,30.19011
/Users/ggcstaff/CarND-Term1-Starter-Kit/CarND-Behavioral-Cloning-P3/dataCW/IMG/center_2017_09_04_12_11_43_786.jpg,/Users/ggcstaff/CarND-Term1-Starter-Kit/CarND-Behavioral-Cloning-P3/dataCW/IMG/left_2017_09_04_12_11_43_786.jpg,/Users/ggcstaff/CarND-Term1-Starter-Kit/CarND-Behavioral-Cloning-P3/dataCW/IMG/right_2017_09_04_12_11_43_786.jpg,0.05229216,1,0,30.18995
/Users/ggcstaff/CarND-Term1-Starter-Kit/CarND-Behavioral-Cloning-P3/dataCW/IMG/center_2017_09_04_12_11_43_853.jpg,/Users/ggcstaff/CarND-Term1-Starter-Kit/CarND-Behavioral-Cloning-P3/dataCW/IMG/left_2017_09_04_12_11_43_853.jpg,/Users/ggcstaff/CarND-Term1-Starter-Kit/CarND-Behavioral-Cloning-P3/dataCW/IMG/right_2017_09_04_12_11_43_853.jpg,0.05557193,1,0,30.19002
/Users/ggcstaff/CarND-Term1-Starter-Kit/CarND-Behavioral-Cloning-P3/dataCW/IMG/center_2017_09_04_12_11_43_921.jpg,/Users/ggcstaff/CarND-Term1-Starter-Kit/CarND-Behavioral-Cloning-P3/dataCW/IMG/left_2017_09_04_12_11_43_921.jpg,/Users/ggcstaff/CarND-Term1-Starter-Kit/CarND-Behavioral-Cloning-P3/dataCW/IMG/right_2017_09_04_12_11_43_921.jpg,0.05557193,1,0,30.19004
/Users/ggcstaff/CarND-Term1-Starter-Kit/CarND-Behavioral-Cloning-P3/dataCW/IMG/center_2017_09_04_12_11_43_991.jpg,/Users/ggcstaff/CarND-Term1-Starter-Kit/CarND-Behavioral-Cloning-P3/dataCW/IMG/left_2017_09_04_12_11_43_991.jpg,/Users/ggcstaff/CarND-Term1-Starter-Kit/CarND-Behavioral-Cloning-P3/dataCW/IMG/right_2017_09_04_12_11_43_991.jpg,0.05557193,1,0,30.19015
/Users/ggcstaff/CarND-Term1-Starter-Kit/CarND-Behavioral-Cloning-P3/dataCW/IMG/center_2017_09_04_12_11_44_059.jpg,/Users/ggcstaff/CarND-Term1-Starter-Kit/CarND-Behavioral-Cloning-P3/dataCW/IMG/left_2017_09_04_12_11_44_059.jpg,/Users/ggcstaff/CarND-Term1-Starter-Kit/CarND-Behavioral-Cloning-P3/dataCW/IMG/right_2017_09_04_12_11_44_059.jpg,0.04562205,1,0,30.19028
/Users/ggcstaff/CarND-Term1-Starter-Kit/CarND-Behavioral-Cloning-P3/dataCW/IMG/center_2017_09_04_12_11_44_128.jpg,/Users/ggcstaff/CarND-Term1-Starter-Kit/CarND-Behavioral-Cloning-P3/dataCW/IMG/left_2017_09_04_12_11_44_128.jpg,/Users/ggcstaff/CarND-Term1-Starter-Kit/CarND-Behavioral-Cloning-P3/dataCW/IMG/right_2017_09_04_12_11_44_128.jpg,0.03567217,1,0,30.19036
/Users/ggcstaff/CarND-Term1-Starter-Kit/CarND-Behavioral-Cloning-P3/dataCW/IMG/center_2017_09_04_12_11_44_198.jpg,/Users/ggcstaff/CarND-Term1-Starter-Kit/CarND-Behavioral-Cloning-P3/dataCW/IMG/left_2017_09_04_12_11_44_198.jpg,/Users/ggcstaff/CarND-Term1-Starter-Kit/CarND-Behavioral-Cloning-P3/dataCW/IMG/right_2017_09_04_12_11_44_198.jpg,0.03235554,1,0,30.19034
/Users/ggcstaff/CarND-Term1-Starter-Kit/CarND-Behavioral-Cloning-P3/dataCW/IMG/center_2017_09_04_12_11_44_268.jpg,/Users/ggcstaff/CarND-Term1-Starter-Kit/CarND-Behavioral-Cloning-P3/dataCW/IMG/left_2017_09_04_12_11_44_268.jpg,/Users/ggcstaff/CarND-Term1-Starter-Kit/CarND-Behavioral-Cloning-P3/dataCW/IMG/right_2017_09_04_12_11_44_268.jpg,0.03235554,1,0,30.19026
/Users/ggcstaff/CarND-Term1-Starter-Kit/CarND-Behavioral-Cloning-P3/dataCW/IMG/center_2017_09_04_12_11_44_335.jpg,/Users/ggcstaff/CarND-Term1-Starter-Kit/CarND-Behavioral-Cloning-P3/dataCW/IMG/left_2017_09_04_12_11_44_335.jpg,/Users/ggcstaff/CarND-Term1-Starter-Kit/CarND-Behavioral-Cloning-P3/dataCW/IMG/right_2017_09_04_12_11_44_335.jpg,0.03235554,1,0,30.19031
/Users/ggcstaff/CarND-Term1-Starter-Kit/CarND-Behavioral-Cloning-P3/dataCW/IMG/center_2017_09_04_12_11_44_403.jpg,/Users/ggcstaff/CarND-Term1-Starter-Kit/CarND-Behavioral-Cloning-P3/dataCW/IMG/left_2017_09_04_12_11_44_403.jpg,/Users/ggcstaff/CarND-Term1-Starter-Kit/CarND-Behavioral-Cloning-P3/dataCW/IMG/right_2017_09_04_12_11_44_403.jpg,0.03235554,1,0,30.19029
/Users/ggcstaff/CarND-Term1-Starter-Kit/CarND-Behavioral-Cloning-P3/dataCW/IMG/center_2017_09_04_12_11_44_473.jpg,/Users/ggcstaff/CarND-Term1-Starter-Kit/CarND-Behavioral-Cloning-P3/dataCW/IMG/left_2017_09_04_12_11_44_473.jpg,/Users/ggcstaff/CarND-Term1-Starter-Kit/CarND-Behavioral-Cloning-P3/dataCW/IMG/right_2017_09_04_12_11_44_473.jpg,0.03235554,1,0,30.19029
/Users/ggcstaff/CarND-Term1-Starter-Kit/CarND-Behavioral-Cloning-P3/dataCW/IMG/center_2017_09_04_12_11_44_540.jpg,/Users/ggcstaff/CarND-Term1-Starter-Kit/CarND-Behavioral-Cloning-P3/dataCW/IMG/left_2017_09_04_12_11_44_540.jpg,/Users/ggcstaff/CarND-Term1-Starter-Kit/CarND-Behavioral-Cloning-P3/dataCW/IMG/right_2017_09_04_12_11_44_540.jpg,0.03235554,1,0,30.19027
/Users/ggcstaff/CarND-Term1-Starter-Kit/CarND-Behavioral-Cloning-P3/dataCW/IMG/center_2017_09_04_12_11_44_609.jpg,/Users/ggcstaff/CarND-Term1-Starter-Kit/CarND-Behavioral-Cloning-P3/dataCW/IMG/left_2017_09_04_12_11_44_609.jpg,/Users/ggcstaff/CarND-Term1-Starter-Kit/CarND-Behavioral-Cloning-P3/dataCW/IMG/right_2017_09_04_12_11_44_609.jpg,0.03235554,1,0,30.19029
/Users/ggcstaff/CarND-Term1-Starter-Kit/CarND-Behavioral-Cloning-P3/dataCW/IMG/center_2017_09_04_12_11_44_676.jpg,/Users/ggcstaff/CarND-Term1-Starter-Kit/CarND-Behavioral-Cloning-P3/dataCW/IMG/left_2017_09_04_12_11_44_676.jpg,/Users/ggcstaff/CarND-Term1-Starter-Kit/CarND-Behavioral-Cloning-P3/dataCW/IMG/right_2017_09_04_12_11_44_676.jpg,0.03235554,1,0,30.19027
/Users/ggcstaff/CarND-Term1-Starter-Kit/CarND-Behavioral-Cloning-P3/dataCW/IMG/center_2017_09_04_12_11_44_745.jpg,/Users/ggcstaff/CarND-Term1-Starter-Kit/CarND-Behavioral-Cloning-P3/dataCW/IMG/left_2017_09_04_12_11_44_745.jpg,/Users/ggcstaff/CarND-Term1-Starter-Kit/CarND-Behavioral-Cloning-P3/dataCW/IMG/right_2017_09_04_12_11_44_745.jpg,0.03235554,1,0,30.19028
/Users/ggcstaff/CarND-Term1-Starter-Kit/CarND-Behavioral-Cloning-P3/dataCW/IMG/center_2017_09_04_12_11_44_812.jpg,/Users/ggcstaff/CarND-Term1-Starter-Kit/CarND-Behavioral-Cloning-P3/dataCW/IMG/left_2017_09_04_12_11_44_812.jpg,/Users/ggcstaff/CarND-Term1-Starter-Kit/CarND-Behavioral-Cloning-P3/dataCW/IMG/right_2017_09_04_12_11_44_812.jpg,0.03235554,1,0,30.19025
/Users/ggcstaff/CarND-Term1-Starter-Kit/CarND-Behavioral-Cloning-P3/dataCW/IMG/center_2017_09_04_12_11_44_882.jpg,/Users/ggcstaff/CarND-Term1-Starter-Kit/CarND-Behavioral-Cloning-P3/dataCW/IMG/left_2017_09_04_12_11_44_882.jpg,/Users/ggcstaff/CarND-Term1-Starter-Kit/CarND-Behavioral-Cloning-P3/dataCW/IMG/right_2017_09_04_12_11_44_882.jpg,0.03235554,1,0,30.19027
/Users/ggcstaff/CarND-Term1-Starter-Kit/CarND-Behavioral-Cloning-P3/dataCW/IMG/center_2017_09_04_12_11_44_953.jpg,/Users/ggcstaff/CarND-Term1-Starter-Kit/CarND-Behavioral-Cloning-P3/dataCW/IMG/left_2017_09_04_12_11_44_953.jpg,/Users/ggcstaff/CarND-Term1-Starter-Kit/CarND-Behavioral-Cloning-P3/dataCW/IMG/right_2017_09_04_12_11_44_953.jpg,0.03235554,1,0,30.19028
/Users/ggcstaff/CarND-Term1-Starter-Kit/CarND-Behavioral-Cloning-P3/dataCW/IMG/center_2017_09_04_12_11_45_023.jpg,/Users/ggcstaff/CarND-Term1-Starter-Kit/CarND-Behavioral-Cloning-P3/dataCW/IMG/left_2017_09_04_12_11_45_023.jpg,/Users/ggcstaff/CarND-Term1-Starter-Kit/CarND-Behavioral-Cloning-P3/dataCW/IMG/right_2017_09_04_12_11_45_023.jpg,0.03235554,1,0,30.19029
/Users/ggcstaff/CarND-Term1-Starter-Kit/CarND-Behavioral-Cloning-P3/dataCW/IMG/center_2017_09_04_12_11_45_091.jpg,/Users/ggcstaff/CarND-Term1-Starter-Kit/CarND-Behavioral-Cloning-P3/dataCW/IMG/left_2017_09_04_12_11_45_091.jpg,/Users/ggcstaff/CarND-Term1-Starter-Kit/CarND-Behavioral-Cloning-P3/dataCW/IMG/right_2017_09_04_12_11_45_091.jpg,0.03235554,1,0,30.19037
/Users/ggcstaff/CarND-Term1-Starter-Kit/CarND-Behavioral-Cloning-P3/dataCW/IMG/center_2017_09_04_12_11_45_158.jpg,/Users/ggcstaff/CarND-Term1-Starter-Kit/CarND-Behavioral-Cloning-P3/dataCW/IMG/left_2017_09_04_12_11_45_158.jpg,/Users/ggcstaff/CarND-Term1-Starter-Kit/CarND-Behavioral-Cloning-P3/dataCW/IMG/right_2017_09_04_12_11_45_158.jpg,0.03235554,1,0,30.19028
/Users/ggcstaff/CarND-Term1-Starter-Kit/CarND-Behavioral-Cloning-P3/dataCW/IMG/center_2017_09_04_12_11_45_226.jpg,/Users/ggcstaff/CarND-Term1-Starter-Kit/CarND-Behavioral-Cloning-P3/dataCW/IMG/left_2017_09_04_12_11_45_226.jpg,/Users/ggcstaff/CarND-Term1-Starter-Kit/CarND-Behavioral-Cloning-P3/dataCW/IMG/right_2017_09_04_12_11_45_226.jpg,0.03235554,1,0,30.19026
/Users/ggcstaff/CarND-Term1-Starter-Kit/CarND-Behavioral-Cloning-P3/dataCW/IMG/center_2017_09_04_12_11_45_296.jpg,/Users/ggcstaff/CarND-Term1-Starter-Kit/CarND-Behavioral-Cloning-P3/dataCW/IMG/left_2017_09_04_12_11_45_296.jpg,/Users/ggcstaff/CarND-Term1-Starter-Kit/CarND-Behavioral-Cloning-P3/dataCW/IMG/right_2017_09_04_12_11_45_296.jpg,0.02903892,1,0,30.19027
/Users/ggcstaff/CarND-Term1-Starter-Kit/CarND-Behavioral-Cloning-P3/dataCW/IMG/center_2017_09_04_12_11_45_364.jpg,/Users/ggcstaff/CarND-Term1-Starter-Kit/CarND-Behavioral-Cloning-P3/dataCW/IMG/left_2017_09_04_12_11_45_364.jpg,/Users/ggcstaff/CarND-Term1-Starter-Kit/CarND-Behavioral-Cloning-P3/dataCW/IMG/right_2017_09_04_12_11_45_364.jpg,0.02240566,1,0,30.19032
/Users/ggcstaff/CarND-Term1-Starter-Kit/CarND-Behavioral-Cloning-P3/dataCW/IMG/center_2017_09_04_12_11_45_436.jpg,/Users/ggcstaff/CarND-Term1-Starter-Kit/CarND-Behavioral-Cloning-P3/dataCW/IMG/left_2017_09_04_12_11_45_436.jpg,/Users/ggcstaff/CarND-Term1-Starter-Kit/CarND-Behavioral-Cloning-P3/dataCW/IMG/right_2017_09_04_12_11_45_436.jpg,0.02240566,1,0,30.19032
/Users/ggcstaff/CarND-Term1-Starter-Kit/CarND-Behavioral-Cloning-P3/dataCW/IMG/center_2017_09_04_12_11_45_513.jpg,/Users/ggcstaff/CarND-Term1-Starter-Kit/CarND-Behavioral-Cloning-P3/dataCW/IMG/left_2017_09_04_12_11_45_513.jpg,/Users/ggcstaff/CarND-Term1-Starter-Kit/CarND-Behavioral-Cloning-P3/dataCW/IMG/right_2017_09_04_12_11_45_513.jpg,0.02240566,1,0,30.1903
/Users/ggcstaff/CarND-Term1-Starter-Kit/CarND-Behavioral-Cloning-P3/dataCW/IMG/center_2017_09_04_12_11_45_580.jpg,/Users/ggcstaff/CarND-Term1-Starter-Kit/CarND-Behavioral-Cloning-P3/dataCW/IMG/left_2017_09_04_12_11_45_580.jpg,/Users/ggcstaff/CarND-Term1-Starter-Kit/CarND-Behavioral-Cloning-P3/dataCW/IMG/right_2017_09_04_12_11_45_580.jpg,0.02240566,1,0,30.19026
/Users/ggcstaff/CarND-Term1-Starter-Kit/CarND-Behavioral-Cloning-P3/dataCW/IMG/center_2017_09_04_12_11_45_659.jpg,/Users/ggcstaff/CarND-Term1-Starter-Kit/CarND-Behavioral-Cloning-P3/dataCW/IMG/left_2017_09_04_12_11_45_659.jpg,/Users/ggcstaff/CarND-Term1-Starter-Kit/CarND-Behavioral-Cloning-P3/dataCW/IMG/right_2017_09_04_12_11_45_659.jpg,0.02240566,1,0,30.19029
/Users/ggcstaff/CarND-Term1-Starter-Kit/CarND-Behavioral-Cloning-P3/dataCW/IMG/center_2017_09_04_12_11_45_729.jpg,/Users/ggcstaff/CarND-Term1-Starter-Kit/CarND-Behavioral-Cloning-P3/dataCW/IMG/left_2017_09_04_12_11_45_729.jpg,/Users/ggcstaff/CarND-Term1-Starter-Kit/CarND-Behavioral-Cloning-P3/dataCW/IMG/right_2017_09_04_12_11_45_729.jpg,0.02896521,1,0,30.19022
/Users/ggcstaff/CarND-Term1-Starter-Kit/CarND-Behavioral-Cloning-P3/dataCW/IMG/center_2017_09_04_12_11_45_799.jpg,/Users/ggcstaff/CarND-Term1-Starter-Kit/CarND-Behavioral-Cloning-P3/dataCW/IMG/left_2017_09_04_12_11_45_799.jpg,/Users/ggcstaff/CarND-Term1-Starter-Kit/CarND-Behavioral-Cloning-P3/dataCW/IMG/right_2017_09_04_12_11_45_799.jpg,0.02896521,1,0,30.19023
/Users/ggcstaff/CarND-Term1-Starter-Kit/CarND-Behavioral-Cloning-P3/dataCW/IMG/center_2017_09_04_12_11_45_866.jpg,/Users/ggcstaff/CarND-Term1-Starter-Kit/CarND-Behavioral-Cloning-P3/dataCW/IMG/left_2017_09_04_12_11_45_866.jpg,/Users/ggcstaff/CarND-Term1-Starter-Kit/CarND-Behavioral-Cloning-P3/dataCW/IMG/right_2017_09_04_12_11_45_866.jpg,0.02896521,1,0,30.19029
/Users/ggcstaff/CarND-Term1-Starter-Kit/CarND-Behavioral-Cloning-P3/dataCW/IMG/center_2017_09_04_12_11_45_937.jpg,/Users/ggcstaff/CarND-Term1-Starter-Kit/CarND-Behavioral-Cloning-P3/dataCW/IMG/left_2017_09_04_12_11_45_937.jpg,/Users/ggcstaff/CarND-Term1-Starter-Kit/CarND-Behavioral-Cloning-P3/dataCW/IMG/right_2017_09_04_12_11_45_937.jpg,0.02896521,1,0,30.19027
/Users/ggcstaff/CarND-Term1-Starter-Kit/CarND-Behavioral-Cloning-P3/dataCW/IMG/center_2017_09_04_12_11_46_007.jpg,/Users/ggcstaff/CarND-Term1-Starter-Kit/CarND-Behavioral-Cloning-P3/dataCW/IMG/left_2017_09_04_12_11_46_007.jpg,/Users/ggcstaff/CarND-Term1-Starter-Kit/CarND-Behavioral-Cloning-P3/dataCW/IMG/right_2017_09_04_12_11_46_007.jpg,0.02896521,1,0,30.19029
/Users/ggcstaff/CarND-Term1-Starter-Kit/CarND-Behavioral-Cloning-P3/dataCW/IMG/center_2017_09_04_12_11_46_079.jpg,/Users/ggcstaff/CarND-Term1-Starter-Kit/CarND-Behavioral-Cloning-P3/dataCW/IMG/left_2017_09_04_12_11_46_079.jpg,/Users/ggcstaff/CarND-Term1-Starter-Kit/CarND-Behavioral-Cloning-P3/dataCW/IMG/right_2017_09_04_12_11_46_079.jpg,0.009065448,1,0,30.19033
/Users/ggcstaff/CarND-Term1-Starter-Kit/CarND-Behavioral-Cloning-P3/dataCW/IMG/center_2017_09_04_12_11_46_148.jpg,/Users/ggcstaff/CarND-Term1-Starter-Kit/CarND-Behavioral-Cloning-P3/dataCW/IMG/left_2017_09_04_12_11_46_148.jpg,/Users/ggcstaff/CarND-Term1-Starter-Kit/CarND-Behavioral-Cloning-P3/dataCW/IMG/right_2017_09_04_12_11_46_148.jpg,0.002432193,1,0,30.19025
/Users/ggcstaff/CarND-Term1-Starter-Kit/CarND-Behavioral-Cloning-P3/dataCW/IMG/center_2017_09_04_12_11_46_215.jpg,/Users/ggcstaff/CarND-Term1-Starter-Kit/CarND-Behavioral-Cloning-P3/dataCW/IMG/left_2017_09_04_12_11_46_215.jpg,/Users/ggcstaff/CarND-Term1-Starter-Kit/CarND-Behavioral-Cloning-P3/dataCW/IMG/right_2017_09_04_12_11_46_215.jpg,-0.004201061,1,0,30.19028
/Users/ggcstaff/CarND-Term1-Starter-Kit/CarND-Behavioral-Cloning-P3/dataCW/IMG/center_2017_09_04_12_11_46_285.jpg,/Users/ggcstaff/CarND-Term1-Starter-Kit/CarND-Behavioral-Cloning-P3/dataCW/IMG/left_2017_09_04_12_11_46_285.jpg,/Users/ggcstaff/CarND-Term1-Starter-Kit/CarND-Behavioral-Cloning-P3/dataCW/IMG/right_2017_09_04_12_11_46_285.jpg,-0.007517689,1,0,30.19023
/Users/ggcstaff/CarND-Term1-Starter-Kit/CarND-Behavioral-Cloning-P3/dataCW/IMG/center_2017_09_04_12_11_46_354.jpg,/Users/ggcstaff/CarND-Term1-Starter-Kit/CarND-Behavioral-Cloning-P3/dataCW/IMG/left_2017_09_04_12_11_46_354.jpg,/Users/ggcstaff/CarND-Term1-Starter-Kit/CarND-Behavioral-Cloning-P3/dataCW/IMG/right_2017_09_04_12_11_46_354.jpg,-0.007517689,1,0,30.19013
/Users/ggcstaff/CarND-Term1-Starter-Kit/CarND-Behavioral-Cloning-P3/dataCW/IMG/center_2017_09_04_12_11_46_431.jpg,/Users/ggcstaff/CarND-Term1-Starter-Kit/CarND-Behavioral-Cloning-P3/dataCW/IMG/left_2017_09_04_12_11_46_431.jpg,/Users/ggcstaff/CarND-Term1-Starter-Kit/CarND-Behavioral-Cloning-P3/dataCW/IMG/right_2017_09_04_12_11_46_431.jpg,-0.007517689,1,0,30.19026
/Users/ggcstaff/CarND-Term1-Starter-Kit/CarND-Behavioral-Cloning-P3/dataCW/IMG/center_2017_09_04_12_11_46_502.jpg,/Users/ggcstaff/CarND-Term1-Starter-Kit/CarND-Behavioral-Cloning-P3/dataCW/IMG/left_2017_09_04_12_11_46_502.jpg,/Users/ggcstaff/CarND-Term1-Starter-Kit/CarND-Behavioral-Cloning-P3/dataCW/IMG/right_2017_09_04_12_11_46_502.jpg,-0.007517689,1,0,30.19016
/Users/ggcstaff/CarND-Term1-Starter-Kit/CarND-Behavioral-Cloning-P3/dataCW/IMG/center_2017_09_04_12_11_46_569.jpg,/Users/ggcstaff/CarND-Term1-Starter-Kit/CarND-Behavioral-Cloning-P3/dataCW/IMG/left_2017_09_04_12_11_46_569.jpg,/Users/ggcstaff/CarND-Term1-Starter-Kit/CarND-Behavioral-Cloning-P3/dataCW/IMG/right_2017_09_04_12_11_46_569.jpg,-0.007517689,1,0,30.19013
/Users/ggcstaff/CarND-Term1-Starter-Kit/CarND-Behavioral-Cloning-P3/dataCW/IMG/center_2017_09_04_12_11_46_640.jpg,/Users/ggcstaff/CarND-Term1-Starter-Kit/CarND-Behavioral-Cloning-P3/dataCW/IMG/left_2017_09_04_12_11_46_640.jpg,/Users/ggcstaff/CarND-Term1-Starter-Kit/CarND-Behavioral-Cloning-P3/dataCW/IMG/right_2017_09_04_12_11_46_640.jpg,-0.007517689,1,0,30.19021
/Users/ggcstaff/CarND-Term1-Starter-Kit/CarND-Behavioral-Cloning-P3/dataCW/IMG/center_2017_09_04_12_11_46_710.jpg,/Users/ggcstaff/CarND-Term1-Starter-Kit/CarND-Behavioral-Cloning-P3/dataCW/IMG/left_2017_09_04_12_11_46_710.jpg,/Users/ggcstaff/CarND-Term1-Starter-Kit/CarND-Behavioral-Cloning-P3/dataCW/IMG/right_2017_09_04_12_11_46_710.jpg,-0.007517689,1,0,30.19031
/Users/ggcstaff/CarND-Term1-Starter-Kit/CarND-Behavioral-Cloning-P3/dataCW/IMG/center_2017_09_04_12_11_46_780.jpg,/Users/ggcstaff/CarND-Term1-Starter-Kit/CarND-Behavioral-Cloning-P3/dataCW/IMG/left_2017_09_04_12_11_46_780.jpg,/Users/ggcstaff/CarND-Term1-Starter-Kit/CarND-Behavioral-Cloning-P3/dataCW/IMG/right_2017_09_04_12_11_46_780.jpg,0.002321639,1,0,30.19073
/Users/ggcstaff/CarND-Term1-Starter-Kit/CarND-Behavioral-Cloning-P3/dataCW/IMG/center_2017_09_04_12_11_46_848.jpg,/Users/ggcstaff/CarND-Term1-Starter-Kit/CarND-Behavioral-Cloning-P3/dataCW/IMG/left_2017_09_04_12_11_46_848.jpg,/Users/ggcstaff/CarND-Term1-Starter-Kit/CarND-Behavioral-Cloning-P3/dataCW/IMG/right_2017_09_04_12_11_46_848.jpg,0.01216097,1,0,30.19036
/Users/ggcstaff/CarND-Term1-Starter-Kit/CarND-Behavioral-Cloning-P3/dataCW/IMG/center_2017_09_04_12_11_46_918.jpg,/Users/ggcstaff/CarND-Term1-Starter-Kit/CarND-Behavioral-Cloning-P3/dataCW/IMG/left_2017_09_04_12_11_46_918.jpg,/Users/ggcstaff/CarND-Term1-Starter-Kit/CarND-Behavioral-Cloning-P3/dataCW/IMG/right_2017_09_04_12_11_46_918.jpg,0.0273806,1,0,30.19001
/Users/ggcstaff/CarND-Term1-Starter-Kit/CarND-Behavioral-Cloning-P3/dataCW/IMG/center_2017_09_04_12_11_46_987.jpg,/Users/ggcstaff/CarND-Term1-Starter-Kit/CarND-Behavioral-Cloning-P3/dataCW/IMG/left_2017_09_04_12_11_46_987.jpg,/Users/ggcstaff/CarND-Term1-Starter-Kit/CarND-Behavioral-Cloning-P3/dataCW/IMG/right_2017_09_04_12_11_46_987.jpg,0.0273806,1,0,30.18998
/Users/ggcstaff/CarND-Term1-Starter-Kit/CarND-Behavioral-Cloning-P3/dataCW/IMG/center_2017_09_04_12_11_47_055.jpg,/Users/ggcstaff/CarND-Term1-Starter-Kit/CarND-Behavioral-Cloning-P3/dataCW/IMG/left_2017_09_04_12_11_47_055.jpg,/Users/ggcstaff/CarND-Term1-Starter-Kit/CarND-Behavioral-Cloning-P3/dataCW/IMG/right_2017_09_04_12_11_47_055.jpg,0.03066038,1,0,30.19033
/Users/ggcstaff/CarND-Term1-Starter-Kit/CarND-Behavioral-Cloning-P3/dataCW/IMG/center_2017_09_04_12_11_47_124.jpg,/Users/ggcstaff/CarND-Term1-Starter-Kit/CarND-Behavioral-Cloning-P3/dataCW/IMG/left_2017_09_04_12_11_47_124.jpg,/Users/ggcstaff/CarND-Term1-Starter-Kit/CarND-Behavioral-Cloning-P3/dataCW/IMG/right_2017_09_04_12_11_47_124.jpg,0.03066038,1,0,30.19057
/Users/ggcstaff/CarND-Term1-Starter-Kit/CarND-Behavioral-Cloning-P3/dataCW/IMG/center_2017_09_04_12_11_47_193.jpg,/Users/ggcstaff/CarND-Term1-Starter-Kit/CarND-Behavioral-Cloning-P3/dataCW/IMG/left_2017_09_04_12_11_47_193.jpg,/Users/ggcstaff/CarND-Term1-Starter-Kit/CarND-Behavioral-Cloning-P3/dataCW/IMG/right_2017_09_04_12_11_47_193.jpg,0.03066038,1,0,30.19045
/Users/ggcstaff/CarND-Term1-Starter-Kit/CarND-Behavioral-Cloning-P3/dataCW/IMG/center_2017_09_04_12_11_47_261.jpg,/Users/ggcstaff/CarND-Term1-Starter-Kit/CarND-Behavioral-Cloning-P3/dataCW/IMG/left_2017_09_04_12_11_47_261.jpg,/Users/ggcstaff/CarND-Term1-Starter-Kit/CarND-Behavioral-Cloning-P3/dataCW/IMG/right_2017_09_04_12_11_47_261.jpg,0.03066038,1,0,30.19019
/Users/ggcstaff/CarND-Term1-Starter-Kit/CarND-Behavioral-Cloning-P3/dataCW/IMG/center_2017_09_04_12_11_47_337.jpg,/Users/ggcstaff/CarND-Term1-Starter-Kit/CarND-Behavioral-Cloning-P3/dataCW/IMG/left_2017_09_04_12_11_47_337.jpg,/Users/ggcstaff/CarND-Term1-Starter-Kit/CarND-Behavioral-Cloning-P3/dataCW/IMG/right_2017_09_04_12_11_47_337.jpg,0.03066038,1,0,30.19025
/Users/ggcstaff/CarND-Term1-Starter-Kit/CarND-Behavioral-Cloning-P3/dataCW/IMG/center_2017_09_04_12_11_47_405.jpg,/Users/ggcstaff/CarND-Term1-Starter-Kit/CarND-Behavioral-Cloning-P3/dataCW/IMG/left_2017_09_04_12_11_47_405.jpg,/Users/ggcstaff/CarND-Term1-Starter-Kit/CarND-Behavioral-Cloning-P3/dataCW/IMG/right_2017_09_04_12_11_47_405.jpg,0.03066038,1,0,30.19028
/Users/ggcstaff/CarND-Term1-Starter-Kit/CarND-Behavioral-Cloning-P3/dataCW/IMG/center_2017_09_04_12_11_47_476.jpg,/Users/ggcstaff/CarND-Term1-Starter-Kit/CarND-Behavioral-Cloning-P3/dataCW/IMG/left_2017_09_04_12_11_47_476.jpg,/Users/ggcstaff/CarND-Term1-Starter-Kit/CarND-Behavioral-Cloning-P3/dataCW/IMG/right_2017_09_04_12_11_47_476.jpg,0.03066038,1,0,30.19026
/Users/ggcstaff/CarND-Term1-Starter-Kit/CarND-Behavioral-Cloning-P3/dataCW/IMG/center_2017_09_04_12_11_47_543.jpg,/Users/ggcstaff/CarND-Term1-Starter-Kit/CarND-Behavioral-Cloning-P3/dataCW/IMG/left_2017_09_04_12_11_47_543.jpg,/Users/ggcstaff/CarND-Term1-Starter-Kit/CarND-Behavioral-Cloning-P3/dataCW/IMG/right_2017_09_04_12_11_47_543.jpg,0.03066038,1,0,30.19025
/Users/ggcstaff/CarND-Term1-Starter-Kit/CarND-Behavioral-Cloning-P3/dataCW/IMG/center_2017_09_04_12_11_47_612.jpg,/Users/ggcstaff/CarND-Term1-Starter-Kit/CarND-Behavioral-Cloning-P3/dataCW/IMG/left_2017_09_04_12_11_47_612.jpg,/Users/ggcstaff/CarND-Term1-Starter-Kit/CarND-Behavioral-Cloning-P3/dataCW/IMG/right_2017_09_04_12_11_47_612.jpg,0.03066038,1,0,30.19029
/Users/ggcstaff/CarND-Term1-Starter-Kit/CarND-Behavioral-Cloning-P3/dataCW/IMG/center_2017_09_04_12_11_47_680.jpg,/Users/ggcstaff/CarND-Term1-Starter-Kit/CarND-Behavioral-Cloning-P3/dataCW/IMG/left_2017_09_04_12_11_47_680.jpg,/Users/ggcstaff/CarND-Term1-Starter-Kit/CarND-Behavioral-Cloning-P3/dataCW/IMG/right_2017_09_04_12_11_47_680.jpg,0.03066038,1,0,30.1903
/Users/ggcstaff/CarND-Term1-Starter-Kit/CarND-Behavioral-Cloning-P3/dataCW/IMG/center_2017_09_04_12_11_47_752.jpg,/Users/ggcstaff/CarND-Term1-Starter-Kit/CarND-Behavioral-Cloning-P3/dataCW/IMG/left_2017_09_04_12_11_47_752.jpg,/Users/ggcstaff/CarND-Term1-Starter-Kit/CarND-Behavioral-Cloning-P3/dataCW/IMG/right_2017_09_04_12_11_47_752.jpg,0.03066038,1,0,30.19013
/Users/ggcstaff/CarND-Term1-Starter-Kit/CarND-Behavioral-Cloning-P3/dataCW/IMG/center_2017_09_04_12_11_47_820.jpg,/Users/ggcstaff/CarND-Term1-Starter-Kit/CarND-Behavioral-Cloning-P3/dataCW/IMG/left_2017_09_04_12_11_47_820.jpg,/Users/ggcstaff/CarND-Term1-Starter-Kit/CarND-Behavioral-Cloning-P3/dataCW/IMG/right_2017_09_04_12_11_47_820.jpg,0.03066038,1,0,30.19028
/Users/ggcstaff/CarND-Term1-Starter-Kit/CarND-Behavioral-Cloning-P3/dataCW/IMG/center_2017_09_04_12_11_47_894.jpg,/Users/ggcstaff/CarND-Term1-Starter-Kit/CarND-Behavioral-Cloning-P3/dataCW/IMG/left_2017_09_04_12_11_47_894.jpg,/Users/ggcstaff/CarND-Term1-Starter-Kit/CarND-Behavioral-Cloning-P3/dataCW/IMG/right_2017_09_04_12_11_47_894.jpg,0.03721993,1,0,30.19022
/Users/ggcstaff/CarND-Term1-Starter-Kit/CarND-Behavioral-Cloning-P3/dataCW/IMG/center_2017_09_04_12_11_47_962.jpg,/Users/ggcstaff/CarND-Term1-Starter-Kit/CarND-Behavioral-Cloning-P3/dataCW/IMG/left_2017_09_04_12_11_47_962.jpg,/Users/ggcstaff/CarND-Term1-Starter-Kit/CarND-Behavioral-Cloning-P3/dataCW/IMG/right_2017_09_04_12_11_47_962.jpg,0.04377948,1,0,30.19015
/Users/ggcstaff/CarND-Term1-Starter-Kit/CarND-Behavioral-Cloning-P3/dataCW/IMG/center_2017_09_04_12_11_48_033.jpg,/Users/ggcstaff/CarND-Term1-Starter-Kit/CarND-Behavioral-Cloning-P3/dataCW/IMG/left_2017_09_04_12_11_48_033.jpg,/Users/ggcstaff/CarND-Term1-Starter-Kit/CarND-Behavioral-Cloning-P3/dataCW/IMG/right_2017_09_04_12_11_48_033.jpg,0.05361881,1,0,30.19005
/Users/ggcstaff/CarND-Term1-Starter-Kit/CarND-Behavioral-Cloning-P3/dataCW/IMG/center_2017_09_04_12_11_48_101.jpg,/Users/ggcstaff/CarND-Term1-Starter-Kit/CarND-Behavioral-Cloning-P3/dataCW/IMG/left_2017_09_04_12_11_48_101.jpg,/Users/ggcstaff/CarND-Term1-Starter-Kit/CarND-Behavioral-Cloning-P3/dataCW/IMG/right_2017_09_04_12_11_48_101.jpg,0.05361881,1,0,30.19007
/Users/ggcstaff/CarND-Term1-Starter-Kit/CarND-Behavioral-Cloning-P3/dataCW/IMG/center_2017_09_04_12_11_48_169.jpg,/Users/ggcstaff/CarND-Term1-Starter-Kit/CarND-Behavioral-Cloning-P3/dataCW/IMG/left_2017_09_04_12_11_48_169.jpg,/Users/ggcstaff/CarND-Term1-Starter-Kit/CarND-Behavioral-Cloning-P3/dataCW/IMG/right_2017_09_04_12_11_48_169.jpg,0.05361881,1,0,30.19019
/Users/ggcstaff/CarND-Term1-Starter-Kit/CarND-Behavioral-Cloning-P3/dataCW/IMG/center_2017_09_04_12_11_48_237.jpg,/Users/ggcstaff/CarND-Term1-Starter-Kit/CarND-Behavioral-Cloning-P3/dataCW/IMG/left_2017_09_04_12_11_48_237.jpg,/Users/ggcstaff/CarND-Term1-Starter-Kit/CarND-Behavioral-Cloning-P3/dataCW/IMG/right_2017_09_04_12_11_48_237.jpg,0.07001769,1,0,30.18989
/Users/ggcstaff/CarND-Term1-Starter-Kit/CarND-Behavioral-Cloning-P3/dataCW/IMG/center_2017_09_04_12_11_48_304.jpg,/Users/ggcstaff/CarND-Term1-Starter-Kit/CarND-Behavioral-Cloning-P3/dataCW/IMG/left_2017_09_04_12_11_48_304.jpg,/Users/ggcstaff/CarND-Term1-Starter-Kit/CarND-Behavioral-Cloning-P3/dataCW/IMG/right_2017_09_04_12_11_48_304.jpg,0.08641657,1,0,30.18958
/Users/ggcstaff/CarND-Term1-Starter-Kit/CarND-Behavioral-Cloning-P3/dataCW/IMG/center_2017_09_04_12_11_48_373.jpg,/Users/ggcstaff/CarND-Term1-Starter-Kit/CarND-Behavioral-Cloning-P3/dataCW/IMG/left_2017_09_04_12_11_48_373.jpg,/Users/ggcstaff/CarND-Term1-Starter-Kit/CarND-Behavioral-Cloning-P3/dataCW/IMG/right_2017_09_04_12_11_48_373.jpg,0.08969635,1,0,30.1897
/Users/ggcstaff/CarND-Term1-Starter-Kit/CarND-Behavioral-Cloning-P3/dataCW/IMG/center_2017_09_04_12_11_48_441.jpg,/Users/ggcstaff/CarND-Term1-Starter-Kit/CarND-Behavioral-Cloning-P3/dataCW/IMG/left_2017_09_04_12_11_48_441.jpg,/Users/ggcstaff/CarND-Term1-Starter-Kit/CarND-Behavioral-Cloning-P3/dataCW/IMG/right_2017_09_04_12_11_48_441.jpg,0.09953567,1,0,30.18962
/Users/ggcstaff/CarND-Term1-Starter-Kit/CarND-Behavioral-Cloning-P3/dataCW/IMG/center_2017_09_04_12_11_48_510.jpg,/Users/ggcstaff/CarND-Term1-Starter-Kit/CarND-Behavioral-Cloning-P3/dataCW/IMG/left_2017_09_04_12_11_48_510.jpg,/Users/ggcstaff/CarND-Term1-Starter-Kit/CarND-Behavioral-Cloning-P3/dataCW/IMG/right_2017_09_04_12_11_48_510.jpg,0.1159346,1,0,30.18933
/Users/ggcstaff/CarND-Term1-Starter-Kit/CarND-Behavioral-Cloning-P3/dataCW/IMG/center_2017_09_04_12_11_48_579.jpg,/Users/ggcstaff/CarND-Term1-Starter-Kit/CarND-Behavioral-Cloning-P3/dataCW/IMG/left_2017_09_04_12_11_48_579.jpg,/Users/ggcstaff/CarND-Term1-Starter-Kit/CarND-Behavioral-Cloning-P3/dataCW/IMG/right_2017_09_04_12_11_48_579.jpg,0.1224941,1,0,30.18923
/Users/ggcstaff/CarND-Term1-Starter-Kit/CarND-Behavioral-Cloning-P3/dataCW/IMG/center_2017_09_04_12_11_48_649.jpg,/Users/ggcstaff/CarND-Term1-Starter-Kit/CarND-Behavioral-Cloning-P3/dataCW/IMG/left_2017_09_04_12_11_48_649.jpg,/Users/ggcstaff/CarND-Term1-Starter-Kit/CarND-Behavioral-Cloning-P3/dataCW/IMG/right_2017_09_04_12_11_48_649.jpg,0.1290537,1,0,30.1894
/Users/ggcstaff/CarND-Term1-Starter-Kit/CarND-Behavioral-Cloning-P3/dataCW/IMG/center_2017_09_04_12_11_48_718.jpg,/Users/ggcstaff/CarND-Term1-Starter-Kit/CarND-Behavioral-Cloning-P3/dataCW/IMG/left_2017_09_04_12_11_48_718.jpg,/Users/ggcstaff/CarND-Term1-Starter-Kit/CarND-Behavioral-Cloning-P3/dataCW/IMG/right_2017_09_04_12_11_48_718.jpg,0.1290537,1,0,30.18959
/Users/ggcstaff/CarND-Term1-Starter-Kit/CarND-Behavioral-Cloning-P3/dataCW/IMG/center_2017_09_04_12_11_48_791.jpg,/Users/ggcstaff/CarND-Term1-Starter-Kit/CarND-Behavioral-Cloning-P3/dataCW/IMG/left_2017_09_04_12_11_48_791.jpg,/Users/ggcstaff/CarND-Term1-Starter-Kit/CarND-Behavioral-Cloning-P3/dataCW/IMG/right_2017_09_04_12_11_48_791.jpg,0.1290537,1,0,30.18973
/Users/ggcstaff/CarND-Term1-Starter-Kit/CarND-Behavioral-Cloning-P3/dataCW/IMG/center_2017_09_04_12_11_48_859.jpg,/Users/ggcstaff/CarND-Term1-Starter-Kit/CarND-Behavioral-Cloning-P3/dataCW/IMG/left_2017_09_04_12_11_48_859.jpg,/Users/ggcstaff/CarND-Term1-Starter-Kit/CarND-Behavioral-Cloning-P3/dataCW/IMG/right_2017_09_04_12_11_48_859.jpg,0.1290537,1,0,30.18982
/Users/ggcstaff/CarND-Term1-Starter-Kit/CarND-Behavioral-Cloning-P3/dataCW/IMG/center_2017_09_04_12_11_48_926.jpg,/Users/ggcstaff/CarND-Term1-Starter-Kit/CarND-Behavioral-Cloning-P3/dataCW/IMG/left_2017_09_04_12_11_48_926.jpg,/Users/ggcstaff/CarND-Term1-Starter-Kit/CarND-Behavioral-Cloning-P3/dataCW/IMG/right_2017_09_04_12_11_48_926.jpg,0.08343161,1,0,30.19085
/Users/ggcstaff/CarND-Term1-Starter-Kit/CarND-Behavioral-Cloning-P3/dataCW/IMG/center_2017_09_04_12_11_48_999.jpg,/Users/ggcstaff/CarND-Term1-Starter-Kit/CarND-Behavioral-Cloning-P3/dataCW/IMG/left_2017_09_04_12_11_48_999.jpg,/Users/ggcstaff/CarND-Term1-Starter-Kit/CarND-Behavioral-Cloning-P3/dataCW/IMG/right_2017_09_04_12_11_48_999.jpg,0.0494546,1,0,30.19065
/Users/ggcstaff/CarND-Term1-Starter-Kit/CarND-Behavioral-Cloning-P3/dataCW/IMG/center_2017_09_04_12_11_49_067.jpg,/Users/ggcstaff/CarND-Term1-Starter-Kit/CarND-Behavioral-Cloning-P3/dataCW/IMG/left_2017_09_04_12_11_49_067.jpg,/Users/ggcstaff/CarND-Term1-Starter-Kit/CarND-Behavioral-Cloning-P3/dataCW/IMG/right_2017_09_04_12_11_49_067.jpg,0.03950472,1,0,30.19051
/Users/ggcstaff/CarND-Term1-Starter-Kit/CarND-Behavioral-Cloning-P3/dataCW/IMG/center_2017_09_04_12_11_49_135.jpg,/Users/ggcstaff/CarND-Term1-Starter-Kit/CarND-Behavioral-Cloning-P3/dataCW/IMG/left_2017_09_04_12_11_49_135.jpg,/Users/ggcstaff/CarND-Term1-Starter-Kit/CarND-Behavioral-Cloning-P3/dataCW/IMG/right_2017_09_04_12_11_49_135.jpg,0.03950472,1,0,30.19047
/Users/ggcstaff/CarND-Term1-Starter-Kit/CarND-Behavioral-Cloning-P3/dataCW/IMG/center_2017_09_04_12_11_49_206.jpg,/Users/ggcstaff/CarND-Term1-Starter-Kit/CarND-Behavioral-Cloning-P3/dataCW/IMG/left_2017_09_04_12_11_49_206.jpg,/Users/ggcstaff/CarND-Term1-Starter-Kit/CarND-Behavioral-Cloning-P3/dataCW/IMG/right_2017_09_04_12_11_49_206.jpg,0.02623821,1,0,30.19042
/Users/ggcstaff/CarND-Term1-Starter-Kit/CarND-Behavioral-Cloning-P3/dataCW/IMG/center_2017_09_04_12_11_49_278.jpg,/Users/ggcstaff/CarND-Term1-Starter-Kit/CarND-Behavioral-Cloning-P3/dataCW/IMG/left_2017_09_04_12_11_49_278.jpg,/Users/ggcstaff/CarND-Term1-Starter-Kit/CarND-Behavioral-Cloning-P3/dataCW/IMG/right_2017_09_04_12_11_49_278.jpg,0.02292158,1,0,30.19025
/Users/ggcstaff/CarND-Term1-Starter-Kit/CarND-Behavioral-Cloning-P3/dataCW/IMG/center_2017_09_04_12_11_49_367.jpg,/Users/ggcstaff/CarND-Term1-Starter-Kit/CarND-Behavioral-Cloning-P3/dataCW/IMG/left_2017_09_04_12_11_49_367.jpg,/Users/ggcstaff/CarND-Term1-Starter-Kit/CarND-Behavioral-Cloning-P3/dataCW/IMG/right_2017_09_04_12_11_49_367.jpg,0.02292158,1,0,30.19031
/Users/ggcstaff/CarND-Term1-Starter-Kit/CarND-Behavioral-Cloning-P3/dataCW/IMG/center_2017_09_04_12_11_49_445.jpg,/Users/ggcstaff/CarND-Term1-Starter-Kit/CarND-Behavioral-Cloning-P3/dataCW/IMG/left_2017_09_04_12_11_49_445.jpg,/Users/ggcstaff/CarND-Term1-Starter-Kit/CarND-Behavioral-Cloning-P3/dataCW/IMG/right_2017_09_04_12_11_49_445.jpg,0.02292158,1,0,30.19011
/Users/ggcstaff/CarND-Term1-Starter-Kit/CarND-Behavioral-Cloning-P3/dataCW/IMG/center_2017_09_04_12_11_49_530.jpg,/Users/ggcstaff/CarND-Term1-Starter-Kit/CarND-Behavioral-Cloning-P3/dataCW/IMG/left_2017_09_04_12_11_49_530.jpg,/Users/ggcstaff/CarND-Term1-Starter-Kit/CarND-Behavioral-Cloning-P3/dataCW/IMG/right_2017_09_04_12_11_49_530.jpg,0.02292158,1,0,30.19014
/Users/ggcstaff/CarND-Term1-Starter-Kit/CarND-Behavioral-Cloning-P3/dataCW/IMG/center_2017_09_04_12_11_49_597.jpg,/Users/ggcstaff/CarND-Term1-Starter-Kit/CarND-Behavioral-Cloning-P3/dataCW/IMG/left_2017_09_04_12_11_49_597.jpg,/Users/ggcstaff/CarND-Term1-Starter-Kit/CarND-Behavioral-Cloning-P3/dataCW/IMG/right_2017_09_04_12_11_49_597.jpg,0.04142099,1,0,30.19013
/Users/ggcstaff/CarND-Term1-Starter-Kit/CarND-Behavioral-Cloning-P3/dataCW/IMG/center_2017_09_04_12_11_49_667.jpg,/Users/ggcstaff/CarND-Term1-Starter-Kit/CarND-Behavioral-Cloning-P3/dataCW/IMG/left_2017_09_04_12_11_49_667.jpg,/Users/ggcstaff/CarND-Term1-Starter-Kit/CarND-Behavioral-Cloning-P3/dataCW/IMG/right_2017_09_04_12_11_49_667.jpg,0.04798054,1,0,30.18967
/Users/ggcstaff/CarND-Term1-Starter-Kit/CarND-Behavioral-Cloning-P3/dataCW/IMG/center_2017_09_04_12_11_49_735.jpg,/Users/ggcstaff/CarND-Term1-Starter-Kit/CarND-Behavioral-Cloning-P3/dataCW/IMG/left_2017_09_04_12_11_49_735.jpg,/Users/ggcstaff/CarND-Term1-Starter-Kit/CarND-Behavioral-Cloning-P3/dataCW/IMG/right_2017_09_04_12_11_49_735.jpg,0.04798054,1,0,30.18984
/Users/ggcstaff/CarND-Term1-Starter-Kit/CarND-Behavioral-Cloning-P3/dataCW/IMG/center_2017_09_04_12_11_49_805.jpg,/Users/ggcstaff/CarND-Term1-Starter-Kit/CarND-Behavioral-Cloning-P3/dataCW/IMG/left_2017_09_04_12_11_49_805.jpg,/Users/ggcstaff/CarND-Term1-Starter-Kit/CarND-Behavioral-Cloning-P3/dataCW/IMG/right_2017_09_04_12_11_49_805.jpg,0.05126032,1,0,30.19072
/Users/ggcstaff/CarND-Term1-Starter-Kit/CarND-Behavioral-Cloning-P3/dataCW/IMG/center_2017_09_04_12_11_49_876.jpg,/Users/ggcstaff/CarND-Term1-Starter-Kit/CarND-Behavioral-Cloning-P3/dataCW/IMG/left_2017_09_04_12_11_49_876.jpg,/Users/ggcstaff/CarND-Term1-Starter-Kit/CarND-Behavioral-Cloning-P3/dataCW/IMG/right_2017_09_04_12_11_49_876.jpg,0.05126032,1,0,30.1902
/Users/ggcstaff/CarND-Term1-Starter-Kit/CarND-Behavioral-Cloning-P3/dataCW/IMG/center_2017_09_04_12_11_49_943.jpg,/Users/ggcstaff/CarND-Term1-Starter-Kit/CarND-Behavioral-Cloning-P3/dataCW/IMG/left_2017_09_04_12_11_49_943.jpg,/Users/ggcstaff/CarND-Term1-Starter-Kit/CarND-Behavioral-Cloning-P3/dataCW/IMG/right_2017_09_04_12_11_49_943.jpg,0.05126032,1,0,30.1901
/Users/ggcstaff/CarND-Term1-Starter-Kit/CarND-Behavioral-Cloning-P3/dataCW/IMG/center_2017_09_04_12_11_50_019.jpg,/Users/ggcstaff/CarND-Term1-Starter-Kit/CarND-Behavioral-Cloning-P3/dataCW/IMG/left_2017_09_04_12_11_50_019.jpg,/Users/ggcstaff/CarND-Term1-Starter-Kit/CarND-Behavioral-Cloning-P3/dataCW/IMG/right_2017_09_04_12_11_50_019.jpg,0.05126032,1,0,30.19081
/Users/ggcstaff/CarND-Term1-Starter-Kit/CarND-Behavioral-Cloning-P3/dataCW/IMG/center_2017_09_04_12_11_50_095.jpg,/Users/ggcstaff/CarND-Term1-Starter-Kit/CarND-Behavioral-Cloning-P3/dataCW/IMG/left_2017_09_04_12_11_50_095.jpg,/Users/ggcstaff/CarND-Term1-Starter-Kit/CarND-Behavioral-Cloning-P3/dataCW/IMG/right_2017_09_04_12_11_50_095.jpg,0.05126032,1,0,30.19032
/Users/ggcstaff/CarND-Term1-Starter-Kit/CarND-Behavioral-Cloning-P3/dataCW/IMG/center_2017_09_04_12_11_50_163.jpg,/Users/ggcstaff/CarND-Term1-Starter-Kit/CarND-Behavioral-Cloning-P3/dataCW/IMG/left_2017_09_04_12_11_50_163.jpg,/Users/ggcstaff/CarND-Term1-Starter-Kit/CarND-Behavioral-Cloning-P3/dataCW/IMG/right_2017_09_04_12_11_50_163.jpg,0.05126032,1,0,30.19021
/Users/ggcstaff/CarND-Term1-Starter-Kit/CarND-Behavioral-Cloning-P3/dataCW/IMG/center_2017_09_04_12_11_50_231.jpg,/Users/ggcstaff/CarND-Term1-Starter-Kit/CarND-Behavioral-Cloning-P3/dataCW/IMG/left_2017_09_04_12_11_50_231.jpg,/Users/ggcstaff/CarND-Term1-Starter-Kit/CarND-Behavioral-Cloning-P3/dataCW/IMG/right_2017_09_04_12_11_50_231.jpg,0.06109964,1,0,30.18998
/Users/ggcstaff/CarND-Term1-Starter-Kit/CarND-Behavioral-Cloning-P3/dataCW/IMG/center_2017_09_04_12_11_50_297.jpg,/Users/ggcstaff/CarND-Term1-Starter-Kit/CarND-Behavioral-Cloning-P3/dataCW/IMG/left_2017_09_04_12_11_50_297.jpg,/Users/ggcstaff/CarND-Term1-Starter-Kit/CarND-Behavioral-Cloning-P3/dataCW/IMG/right_2017_09_04_12_11_50_297.jpg,0.06109964,1,0,30.18998
/Users/ggcstaff/CarND-Term1-Starter-Kit/CarND-Behavioral-Cloning-P3/dataCW/IMG/center_2017_09_04_12_11_50_365.jpg,/Users/ggcstaff/CarND-Term1-Starter-Kit/CarND-Behavioral-Cloning-P3/dataCW/IMG/left_2017_09_04_12_11_50_365.jpg,/Users/ggcstaff/CarND-Term1-Starter-Kit/CarND-Behavioral-Cloning-P3/dataCW/IMG/right_2017_09_04_12_11_50_365.jpg,0.06109964,1,0,30.19002
/Users/ggcstaff/CarND-Term1-Starter-Kit/CarND-Behavioral-Cloning-P3/dataCW/IMG/center_2017_09_04_12_11_50_440.jpg,/Users/ggcstaff/CarND-Term1-Starter-Kit/CarND-Behavioral-Cloning-P3/dataCW/IMG/left_2017_09_04_12_11_50_440.jpg,/Users/ggcstaff/CarND-Term1-Starter-Kit/CarND-Behavioral-Cloning-P3/dataCW/IMG/right_2017_09_04_12_11_50_440.jpg,0.0730395,1,0,30.18994
/Users/ggcstaff/CarND-Term1-Starter-Kit/CarND-Behavioral-Cloning-P3/dataCW/IMG/center_2017_09_04_12_11_50_513.jpg,/Users/ggcstaff/CarND-Term1-Starter-Kit/CarND-Behavioral-Cloning-P3/dataCW/IMG/left_2017_09_04_12_11_50_513.jpg,/Users/ggcstaff/CarND-Term1-Starter-Kit/CarND-Behavioral-Cloning-P3/dataCW/IMG/right_2017_09_04_12_11_50_513.jpg,0.08615861,1,0,30.19006
/Users/ggcstaff/CarND-Term1-Starter-Kit/CarND-Behavioral-Cloning-P3/dataCW/IMG/center_2017_09_04_12_11_50_585.jpg,/Users/ggcstaff/CarND-Term1-Starter-Kit/CarND-Behavioral-Cloning-P3/dataCW/IMG/left_2017_09_04_12_11_50_585.jpg,/Users/ggcstaff/CarND-Term1-Starter-Kit/CarND-Behavioral-Cloning-P3/dataCW/IMG/right_2017_09_04_12_11_50_585.jpg,0.08943839,1,0,30.18986
/Users/ggcstaff/CarND-Term1-Starter-Kit/CarND-Behavioral-Cloning-P3/dataCW/IMG/center_2017_09_04_12_11_50_652.jpg,/Users/ggcstaff/CarND-Term1-Starter-Kit/CarND-Behavioral-Cloning-P3/dataCW/IMG/left_2017_09_04_12_11_50_652.jpg,/Users/ggcstaff/CarND-Term1-Starter-Kit/CarND-Behavioral-Cloning-P3/dataCW/IMG/right_2017_09_04_12_11_50_652.jpg,0.08943839,1,0,30.18948
/Users/ggcstaff/CarND-Term1-Starter-Kit/CarND-Behavioral-Cloning-P3/dataCW/IMG/center_2017_09_04_12_11_50_720.jpg,/Users/ggcstaff/CarND-Term1-Starter-Kit/CarND-Behavioral-Cloning-P3/dataCW/IMG/left_2017_09_04_12_11_50_720.jpg,/Users/ggcstaff/CarND-Term1-Starter-Kit/CarND-Behavioral-Cloning-P3/dataCW/IMG/right_2017_09_04_12_11_50_720.jpg,0.08943839,1,0,30.19059
/Users/ggcstaff/CarND-Term1-Starter-Kit/CarND-Behavioral-Cloning-P3/dataCW/IMG/center_2017_09_04_12_11_50_786.jpg,/Users/ggcstaff/CarND-Term1-Starter-Kit/CarND-Behavioral-Cloning-P3/dataCW/IMG/left_2017_09_04_12_11_50_786.jpg,/Users/ggcstaff/CarND-Term1-Starter-Kit/CarND-Behavioral-Cloning-P3/dataCW/IMG/right_2017_09_04_12_11_50_786.jpg,0.08943839,1,0,30.19018
/Users/ggcstaff/CarND-Term1-Starter-Kit/CarND-Behavioral-Cloning-P3/dataCW/IMG/center_2017_09_04_12_11_50_862.jpg,/Users/ggcstaff/CarND-Term1-Starter-Kit/CarND-Behavioral-Cloning-P3/dataCW/IMG/left_2017_09_04_12_11_50_862.jpg,/Users/ggcstaff/CarND-Term1-Starter-Kit/CarND-Behavioral-Cloning-P3/dataCW/IMG/right_2017_09_04_12_11_50_862.jpg,0.08943839,1,0,30.19003
/Users/ggcstaff/CarND-Term1-Starter-Kit/CarND-Behavioral-Cloning-P3/dataCW/IMG/center_2017_09_04_12_11_50_938.jpg,/Users/ggcstaff/CarND-Term1-Starter-Kit/CarND-Behavioral-Cloning-P3/dataCW/IMG/left_2017_09_04_12_11_50_938.jpg,/Users/ggcstaff/CarND-Term1-Starter-Kit/CarND-Behavioral-Cloning-P3/dataCW/IMG/right_2017_09_04_12_11_50_938.jpg,0.08943839,1,0,30.19001
/Users/ggcstaff/CarND-Term1-Starter-Kit/CarND-Behavioral-Cloning-P3/dataCW/IMG/center_2017_09_04_12_11_51_007.jpg,/Users/ggcstaff/CarND-Term1-Starter-Kit/CarND-Behavioral-Cloning-P3/dataCW/IMG/left_2017_09_04_12_11_51_007.jpg,/Users/ggcstaff/CarND-Term1-Starter-Kit/CarND-Behavioral-Cloning-P3/dataCW/IMG/right_2017_09_04_12_11_51_007.jpg,0.08943839,1,0,30.18996
/Users/ggcstaff/CarND-Term1-Starter-Kit/CarND-Behavioral-Cloning-P3/dataCW/IMG/center_2017_09_04_12_11_51_074.jpg,/Users/ggcstaff/CarND-Term1-Starter-Kit/CarND-Behavioral-Cloning-P3/dataCW/IMG/left_2017_09_04_12_11_51_074.jpg,/Users/ggcstaff/CarND-Term1-Starter-Kit/CarND-Behavioral-Cloning-P3/dataCW/IMG/right_2017_09_04_12_11_51_074.jpg,0.08943839,1,0,30.18994
/Users/ggcstaff/CarND-Term1-Starter-Kit/CarND-Behavioral-Cloning-P3/dataCW/IMG/center_2017_09_04_12_11_51_140.jpg,/Users/ggcstaff/CarND-Term1-Starter-Kit/CarND-Behavioral-Cloning-P3/dataCW/IMG/left_2017_09_04_12_11_51_140.jpg,/Users/ggcstaff/CarND-Term1-Starter-Kit/CarND-Behavioral-Cloning-P3/dataCW/IMG/right_2017_09_04_12_11_51_140.jpg,0.08943839,1,0,30.19027
/Users/ggcstaff/CarND-Term1-Starter-Kit/CarND-Behavioral-Cloning-P3/dataCW/IMG/center_2017_09_04_12_11_51_208.jpg,/Users/ggcstaff/CarND-Term1-Starter-Kit/CarND-Behavioral-Cloning-P3/dataCW/IMG/left_2017_09_04_12_11_51_208.jpg,/Users/ggcstaff/CarND-Term1-Starter-Kit/CarND-Behavioral-Cloning-P3/dataCW/IMG/right_2017_09_04_12_11_51_208.jpg,0.08943839,1,0,30.19034
/Users/ggcstaff/CarND-Term1-Starter-Kit/CarND-Behavioral-Cloning-P3/dataCW/IMG/center_2017_09_04_12_11_51_275.jpg,/Users/ggcstaff/CarND-Term1-Starter-Kit/CarND-Behavioral-Cloning-P3/dataCW/IMG/left_2017_09_04_12_11_51_275.jpg,/Users/ggcstaff/CarND-Term1-Starter-Kit/CarND-Behavioral-Cloning-P3/dataCW/IMG/right_2017_09_04_12_11_51_275.jpg,0.08943839,1,0,30.19011
/Users/ggcstaff/CarND-Term1-Starter-Kit/CarND-Behavioral-Cloning-P3/dataCW/IMG/center_2017_09_04_12_11_51_351.jpg,/Users/ggcstaff/CarND-Term1-Starter-Kit/CarND-Behavioral-Cloning-P3/dataCW/IMG/left_2017_09_04_12_11_51_351.jpg,/Users/ggcstaff/CarND-Term1-Starter-Kit/CarND-Behavioral-Cloning-P3/dataCW/IMG/right_2017_09_04_12_11_51_351.jpg,0.08943839,1,0,30.19086
/Users/ggcstaff/CarND-Term1-Starter-Kit/CarND-Behavioral-Cloning-P3/dataCW/IMG/center_2017_09_04_12_11_51_418.jpg,/Users/ggcstaff/CarND-Term1-Starter-Kit/CarND-Behavioral-Cloning-P3/dataCW/IMG/left_2017_09_04_12_11_51_418.jpg,/Users/ggcstaff/CarND-Term1-Starter-Kit/CarND-Behavioral-Cloning-P3/dataCW/IMG/right_2017_09_04_12_11_51_418.jpg,0.08943839,1,0,30.19043
/Users/ggcstaff/CarND-Term1-Starter-Kit/CarND-Behavioral-Cloning-P3/dataCW/IMG/center_2017_09_04_12_11_51_492.jpg,/Users/ggcstaff/CarND-Term1-Starter-Kit/CarND-Behavioral-Cloning-P3/dataCW/IMG/left_2017_09_04_12_11_51_492.jpg,/Users/ggcstaff/CarND-Term1-Starter-Kit/CarND-Behavioral-Cloning-P3/dataCW/IMG/right_2017_09_04_12_11_51_492.jpg,0.08943839,1,0,30.19011
/Users/ggcstaff/CarND-Term1-Starter-Kit/CarND-Behavioral-Cloning-P3/dataCW/IMG/center_2017_09_04_12_11_51_570.jpg,/Users/ggcstaff/CarND-Term1-Starter-Kit/CarND-Behavioral-Cloning-P3/dataCW/IMG/left_2017_09_04_12_11_51_570.jpg,/Users/ggcstaff/CarND-Term1-Starter-Kit/CarND-Behavioral-Cloning-P3/dataCW/IMG/right_2017_09_04_12_11_51_570.jpg,0.08943839,1,0,30.19005
/Users/ggcstaff/CarND-Term1-Starter-Kit/CarND-Behavioral-Cloning-P3/dataCW/IMG/center_2017_09_04_12_11_51_649.jpg,/Users/ggcstaff/CarND-Term1-Starter-Kit/CarND-Behavioral-Cloning-P3/dataCW/IMG/left_2017_09_04_12_11_51_649.jpg,/Users/ggcstaff/CarND-Term1-Starter-Kit/CarND-Behavioral-Cloning-P3/dataCW/IMG/right_2017_09_04_12_11_51_649.jpg,0.08943839,1,0,30.19
/Users/ggcstaff/CarND-Term1-Starter-Kit/CarND-Behavioral-Cloning-P3/dataCW/IMG/center_2017_09_04_12_11_51_720.jpg,/Users/ggcstaff/CarND-Term1-Starter-Kit/CarND-Behavioral-Cloning-P3/dataCW/IMG/left_2017_09_04_12_11_51_720.jpg,/Users/ggcstaff/CarND-Term1-Starter-Kit/CarND-Behavioral-Cloning-P3/dataCW/IMG/right_2017_09_04_12_11_51_720.jpg,0.08943839,1,0,30.19001
/Users/ggcstaff/CarND-Term1-Starter-Kit/CarND-Behavioral-Cloning-P3/dataCW/IMG/center_2017_09_04_12_11_51_796.jpg,/Users/ggcstaff/CarND-Term1-Starter-Kit/CarND-Behavioral-Cloning-P3/dataCW/IMG/left_2017_09_04_12_11_51_796.jpg,/Users/ggcstaff/CarND-Term1-Starter-Kit/CarND-Behavioral-Cloning-P3/dataCW/IMG/right_2017_09_04_12_11_51_796.jpg,0.08943839,1,0,30.19103
/Users/ggcstaff/CarND-Term1-Starter-Kit/CarND-Behavioral-Cloning-P3/dataCW/IMG/center_2017_09_04_12_11_51_865.jpg,/Users/ggcstaff/CarND-Term1-Starter-Kit/CarND-Behavioral-Cloning-P3/dataCW/IMG/left_2017_09_04_12_11_51_865.jpg,/Users/ggcstaff/CarND-Term1-Starter-Kit/CarND-Behavioral-Cloning-P3/dataCW/IMG/right_2017_09_04_12_11_51_865.jpg,0.08943839,1,0,30.19041
/Users/ggcstaff/CarND-Term1-Starter-Kit/CarND-Behavioral-Cloning-P3/dataCW/IMG/center_2017_09_04_12_11_51_946.jpg,/Users/ggcstaff/CarND-Term1-Starter-Kit/CarND-Behavioral-Cloning-P3/dataCW/IMG/left_2017_09_04_12_11_51_946.jpg,/Users/ggcstaff/CarND-Term1-Starter-Kit/CarND-Behavioral-Cloning-P3/dataCW/IMG/right_2017_09_04_12_11_51_946.jpg,0.08943839,1,0,30.19024
/Users/ggcstaff/CarND-Term1-Starter-Kit/CarND-Behavioral-Cloning-P3/dataCW/IMG/center_2017_09_04_12_11_52_017.jpg,/Users/ggcstaff/CarND-Term1-Starter-Kit/CarND-Behavioral-Cloning-P3/dataCW/IMG/left_2017_09_04_12_11_52_017.jpg,/Users/ggcstaff/CarND-Term1-Starter-Kit/CarND-Behavioral-Cloning-P3/dataCW/IMG/right_2017_09_04_12_11_52_017.jpg,0.08943839,1,0,30.19114
/Users/ggcstaff/CarND-Term1-Starter-Kit/CarND-Behavioral-Cloning-P3/dataCW/IMG/center_2017_09_04_12_11_52_090.jpg,/Users/ggcstaff/CarND-Term1-Starter-Kit/CarND-Behavioral-Cloning-P3/dataCW/IMG/left_2017_09_04_12_11_52_090.jpg,/Users/ggcstaff/CarND-Term1-Starter-Kit/CarND-Behavioral-Cloning-P3/dataCW/IMG/right_2017_09_04_12_11_52_090.jpg,0.08943839,1,0,30.19026
/Users/ggcstaff/CarND-Term1-Starter-Kit/CarND-Behavioral-Cloning-P3/dataCW/IMG/center_2017_09_04_12_11_52_160.jpg,/Users/ggcstaff/CarND-Term1-Starter-Kit/CarND-Behavioral-Cloning-P3/dataCW/IMG/left_2017_09_04_12_11_52_160.jpg,/Users/ggcstaff/CarND-Term1-Starter-Kit/CarND-Behavioral-Cloning-P3/dataCW/IMG/right_2017_09_04_12_11_52_160.jpg,0.08943839,1,0,30.19016
/Users/ggcstaff/CarND-Term1-Starter-Kit/CarND-Behavioral-Cloning-P3/dataCW/IMG/center_2017_09_04_12_11_52_228.jpg,/Users/ggcstaff/CarND-Term1-Starter-Kit/CarND-Behavioral-Cloning-P3/dataCW/IMG/left_2017_09_04_12_11_52_228.jpg,/Users/ggcstaff/CarND-Term1-Starter-Kit/CarND-Behavioral-Cloning-P3/dataCW/IMG/right_2017_09_04_12_11_52_228.jpg,0.08943839,1,0,30.18992
/Users/ggcstaff/CarND-Term1-Starter-Kit/CarND-Behavioral-Cloning-P3/dataCW/IMG/center_2017_09_04_12_11_52_298.jpg,/Users/ggcstaff/CarND-Term1-Starter-Kit/CarND-Behavioral-Cloning-P3/dataCW/IMG/left_2017_09_04_12_11_52_298.jpg,/Users/ggcstaff/CarND-Term1-Starter-Kit/CarND-Behavioral-Cloning-P3/dataCW/IMG/right_2017_09_04_12_11_52_298.jpg,0.08943839,1,0,30.19001
/Users/ggcstaff/CarND-Term1-Starter-Kit/CarND-Behavioral-Cloning-P3/dataCW/IMG/center_2017_09_04_12_11_52_368.jpg,/Users/ggcstaff/CarND-Term1-Starter-Kit/CarND-Behavioral-Cloning-P3/dataCW/IMG/left_2017_09_04_12_11_52_368.jpg,/Users/ggcstaff/CarND-Term1-Starter-Kit/CarND-Behavioral-Cloning-P3/dataCW/IMG/right_2017_09_04_12_11_52_368.jpg,0.08943839,1,0,30.1901
/Users/ggcstaff/CarND-Term1-Starter-Kit/CarND-Behavioral-Cloning-P3/dataCW/IMG/center_2017_09_04_12_11_52_445.jpg,/Users/ggcstaff/CarND-Term1-Starter-Kit/CarND-Behavioral-Cloning-P3/dataCW/IMG/left_2017_09_04_12_11_52_445.jpg,/Users/ggcstaff/CarND-Term1-Starter-Kit/CarND-Behavioral-Cloning-P3/dataCW/IMG/right_2017_09_04_12_11_52_445.jpg,0.08943839,1,0,30.19023
/Users/ggcstaff/CarND-Term1-Starter-Kit/CarND-Behavioral-Cloning-P3/dataCW/IMG/center_2017_09_04_12_11_52_517.jpg,/Users/ggcstaff/CarND-Term1-Starter-Kit/CarND-Behavioral-Cloning-P3/dataCW/IMG/left_2017_09_04_12_11_52_517.jpg,/Users/ggcstaff/CarND-Term1-Starter-Kit/CarND-Behavioral-Cloning-P3/dataCW/IMG/right_2017_09_04_12_11_52_517.jpg,0.08943839,1,0,30.1901
/Users/ggcstaff/CarND-Term1-Starter-Kit/CarND-Behavioral-Cloning-P3/dataCW/IMG/center_2017_09_04_12_11_52_586.jpg,/Users/ggcstaff/CarND-Term1-Starter-Kit/CarND-Behavioral-Cloning-P3/dataCW/IMG/left_2017_09_04_12_11_52_586.jpg,/Users/ggcstaff/CarND-Term1-Starter-Kit/CarND-Behavioral-Cloning-P3/dataCW/IMG/right_2017_09_04_12_11_52_586.jpg,0.08943839,1,0,30.19012
/Users/ggcstaff/CarND-Term1-Starter-Kit/CarND-Behavioral-Cloning-P3/dataCW/IMG/center_2017_09_04_12_11_52_655.jpg,/Users/ggcstaff/CarND-Term1-Starter-Kit/CarND-Behavioral-Cloning-P3/dataCW/IMG/left_2017_09_04_12_11_52_655.jpg,/Users/ggcstaff/CarND-Term1-Starter-Kit/CarND-Behavioral-Cloning-P3/dataCW/IMG/right_2017_09_04_12_11_52_655.jpg,0.1025575,1,0,30.18978
/Users/ggcstaff/CarND-Term1-Starter-Kit/CarND-Behavioral-Cloning-P3/dataCW/IMG/center_2017_09_04_12_11_52_726.jpg,/Users/ggcstaff/CarND-Term1-Starter-Kit/CarND-Behavioral-Cloning-P3/dataCW/IMG/left_2017_09_04_12_11_52_726.jpg,/Users/ggcstaff/CarND-Term1-Starter-Kit/CarND-Behavioral-Cloning-P3/dataCW/IMG/right_2017_09_04_12_11_52_726.jpg,0.1123968,1,0,30.18951
/Users/ggcstaff/CarND-Term1-Starter-Kit/CarND-Behavioral-Cloning-P3/dataCW/IMG/center_2017_09_04_12_11_52_796.jpg,/Users/ggcstaff/CarND-Term1-Starter-Kit/CarND-Behavioral-Cloning-P3/dataCW/IMG/left_2017_09_04_12_11_52_796.jpg,/Users/ggcstaff/CarND-Term1-Starter-Kit/CarND-Behavioral-Cloning-P3/dataCW/IMG/right_2017_09_04_12_11_52_796.jpg,0.1156766,1,0,30.18963
/Users/ggcstaff/CarND-Term1-Starter-Kit/CarND-Behavioral-Cloning-P3/dataCW/IMG/center_2017_09_04_12_11_52_866.jpg,/Users/ggcstaff/CarND-Term1-Starter-Kit/CarND-Behavioral-Cloning-P3/dataCW/IMG/left_2017_09_04_12_11_52_866.jpg,/Users/ggcstaff/CarND-Term1-Starter-Kit/CarND-Behavioral-Cloning-P3/dataCW/IMG/right_2017_09_04_12_11_52_866.jpg,0.1156766,1,0,30.1898
/Users/ggcstaff/CarND-Term1-Starter-Kit/CarND-Behavioral-Cloning-P3/dataCW/IMG/center_2017_09_04_12_11_52_937.jpg,/Users/ggcstaff/CarND-Term1-Starter-Kit/CarND-Behavioral-Cloning-P3/dataCW/IMG/left_2017_09_04_12_11_52_937.jpg,/Users/ggcstaff/CarND-Term1-Starter-Kit/CarND-Behavioral-Cloning-P3/dataCW/IMG/right_2017_09_04_12_11_52_937.jpg,0.1156766,1,0,30.18986
/Users/ggcstaff/CarND-Term1-Starter-Kit/CarND-Behavioral-Cloning-P3/dataCW/IMG/center_2017_09_04_12_11_53_006.jpg,/Users/ggcstaff/CarND-Term1-Starter-Kit/CarND-Behavioral-Cloning-P3/dataCW/IMG/left_2017_09_04_12_11_53_006.jpg,/Users/ggcstaff/CarND-Term1-Starter-Kit/CarND-Behavioral-Cloning-P3/dataCW/IMG/right_2017_09_04_12_11_53_006.jpg,0.1156766,1,0,30.18993
/Users/ggcstaff/CarND-Term1-Starter-Kit/CarND-Behavioral-Cloning-P3/dataCW/IMG/center_2017_09_04_12_11_53_074.jpg,/Users/ggcstaff/CarND-Term1-Starter-Kit/CarND-Behavioral-Cloning-P3/dataCW/IMG/left_2017_09_04_12_11_53_074.jpg,/Users/ggcstaff/CarND-Term1-Starter-Kit/CarND-Behavioral-Cloning-P3/dataCW/IMG/right_2017_09_04_12_11_53_074.jpg,0.1222361,1,0,30.1898
/Users/ggcstaff/CarND-Term1-Starter-Kit/CarND-Behavioral-Cloning-P3/dataCW/IMG/center_2017_09_04_12_11_53_152.jpg,/Users/ggcstaff/CarND-Term1-Starter-Kit/CarND-Behavioral-Cloning-P3/dataCW/IMG/left_2017_09_04_12_11_53_152.jpg,/Users/ggcstaff/CarND-Term1-Starter-Kit/CarND-Behavioral-Cloning-P3/dataCW/IMG/right_2017_09_04_12_11_53_152.jpg,0.1222361,1,0,30.18997
/Users/ggcstaff/CarND-Term1-Starter-Kit/CarND-Behavioral-Cloning-P3/dataCW/IMG/center_2017_09_04_12_11_53_223.jpg,/Users/ggcstaff/CarND-Term1-Starter-Kit/CarND-Behavioral-Cloning-P3/dataCW/IMG/left_2017_09_04_12_11_53_223.jpg,/Users/ggcstaff/CarND-Term1-Starter-Kit/CarND-Behavioral-Cloning-P3/dataCW/IMG/right_2017_09_04_12_11_53_223.jpg,0.1222361,1,0,30.18987
/Users/ggcstaff/CarND-Term1-Starter-Kit/CarND-Behavioral-Cloning-P3/dataCW/IMG/center_2017_09_04_12_11_53_312.jpg,/Users/ggcstaff/CarND-Term1-Starter-Kit/CarND-Behavioral-Cloning-P3/dataCW/IMG/left_2017_09_04_12_11_53_312.jpg,/Users/ggcstaff/CarND-Term1-Starter-Kit/CarND-Behavioral-Cloning-P3/dataCW/IMG/right_2017_09_04_12_11_53_312.jpg,0.1222361,1,0,30.18985
/Users/ggcstaff/CarND-Term1-Starter-Kit/CarND-Behavioral-Cloning-P3/dataCW/IMG/center_2017_09_04_12_11_53_388.jpg,/Users/ggcstaff/CarND-Term1-Starter-Kit/CarND-Behavioral-Cloning-P3/dataCW/IMG/left_2017_09_04_12_11_53_388.jpg,/Users/ggcstaff/CarND-Term1-Starter-Kit/CarND-Behavioral-Cloning-P3/dataCW/IMG/right_2017_09_04_12_11_53_388.jpg,0.06327388,1,0,30.19076
/Users/ggcstaff/CarND-Term1-Starter-Kit/CarND-Behavioral-Cloning-P3/dataCW/IMG/center_2017_09_04_12_11_53_463.jpg,/Users/ggcstaff/CarND-Term1-Starter-Kit/CarND-Behavioral-Cloning-P3/dataCW/IMG/left_2017_09_04_12_11_53_463.jpg,/Users/ggcstaff/CarND-Term1-Starter-Kit/CarND-Behavioral-Cloning-P3/dataCW/IMG/right_2017_09_04_12_11_53_463.jpg,0.05664063,1,0,30.1906
/Users/ggcstaff/CarND-Term1-Starter-Kit/CarND-Behavioral-Cloning-P3/dataCW/IMG/center_2017_09_04_12_11_53_535.jpg,/Users/ggcstaff/CarND-Term1-Starter-Kit/CarND-Behavioral-Cloning-P3/dataCW/IMG/left_2017_09_04_12_11_53_535.jpg,/Users/ggcstaff/CarND-Term1-Starter-Kit/CarND-Behavioral-Cloning-P3/dataCW/IMG/right_2017_09_04_12_11_53_535.jpg,0.05664063,1,0,30.19051
/Users/ggcstaff/CarND-Term1-Starter-Kit/CarND-Behavioral-Cloning-P3/dataCW/IMG/center_2017_09_04_12_11_53_607.jpg,/Users/ggcstaff/CarND-Term1-Starter-Kit/CarND-Behavioral-Cloning-P3/dataCW/IMG/left_2017_09_04_12_11_53_607.jpg,/Users/ggcstaff/CarND-Term1-Starter-Kit/CarND-Behavioral-Cloning-P3/dataCW/IMG/right_2017_09_04_12_11_53_607.jpg,0.05664063,1,0,30.1904
/Users/ggcstaff/CarND-Term1-Starter-Kit/CarND-Behavioral-Cloning-P3/dataCW/IMG/center_2017_09_04_12_11_53_684.jpg,/Users/ggcstaff/CarND-Term1-Starter-Kit/CarND-Behavioral-Cloning-P3/dataCW/IMG/left_2017_09_04_12_11_53_684.jpg,/Users/ggcstaff/CarND-Term1-Starter-Kit/CarND-Behavioral-Cloning-P3/dataCW/IMG/right_2017_09_04_12_11_53_684.jpg,0.05664063,1,0,30.19035
/Users/ggcstaff/CarND-Term1-Starter-Kit/CarND-Behavioral-Cloning-P3/dataCW/IMG/center_2017_09_04_12_11_53_754.jpg,/Users/ggcstaff/CarND-Term1-Starter-Kit/CarND-Behavioral-Cloning-P3/dataCW/IMG/left_2017_09_04_12_11_53_754.jpg,/Users/ggcstaff/CarND-Term1-Starter-Kit/CarND-Behavioral-Cloning-P3/dataCW/IMG/right_2017_09_04_12_11_53_754.jpg,0.05664063,1,0,30.19029
/Users/ggcstaff/CarND-Term1-Starter-Kit/CarND-Behavioral-Cloning-P3/dataCW/IMG/center_2017_09_04_12_11_53_821.jpg,/Users/ggcstaff/CarND-Term1-Starter-Kit/CarND-Behavioral-Cloning-P3/dataCW/IMG/left_2017_09_04_12_11_53_821.jpg,/Users/ggcstaff/CarND-Term1-Starter-Kit/CarND-Behavioral-Cloning-P3/dataCW/IMG/right_2017_09_04_12_11_53_821.jpg,0.05664063,1,0,30.19062
/Users/ggcstaff/CarND-Term1-Starter-Kit/CarND-Behavioral-Cloning-P3/dataCW/IMG/center_2017_09_04_12_11_53_895.jpg,/Users/ggcstaff/CarND-Term1-Starter-Kit/CarND-Behavioral-Cloning-P3/dataCW/IMG/left_2017_09_04_12_11_53_895.jpg,/Users/ggcstaff/CarND-Term1-Starter-Kit/CarND-Behavioral-Cloning-P3/dataCW/IMG/right_2017_09_04_12_11_53_895.jpg,0.05664063,1,0,30.19027
/Users/ggcstaff/CarND-Term1-Starter-Kit/CarND-Behavioral-Cloning-P3/dataCW/IMG/center_2017_09_04_12_11_53_968.jpg,/Users/ggcstaff/CarND-Term1-Starter-Kit/CarND-Behavioral-Cloning-P3/dataCW/IMG/left_2017_09_04_12_11_53_968.jpg,/Users/ggcstaff/CarND-Term1-Starter-Kit/CarND-Behavioral-Cloning-P3/dataCW/IMG/right_2017_09_04_12_11_53_968.jpg,0.06975973,1,0,30.19005
/Users/ggcstaff/CarND-Term1-Starter-Kit/CarND-Behavioral-Cloning-P3/dataCW/IMG/center_2017_09_04_12_11_54_035.jpg,/Users/ggcstaff/CarND-Term1-Starter-Kit/CarND-Behavioral-Cloning-P3/dataCW/IMG/left_2017_09_04_12_11_54_035.jpg,/Users/ggcstaff/CarND-Term1-Starter-Kit/CarND-Behavioral-Cloning-P3/dataCW/IMG/right_2017_09_04_12_11_54_035.jpg,0.08615861,1,0,30.18994
/Users/ggcstaff/CarND-Term1-Starter-Kit/CarND-Behavioral-Cloning-P3/dataCW/IMG/center_2017_09_04_12_11_54_108.jpg,/Users/ggcstaff/CarND-Term1-Starter-Kit/CarND-Behavioral-Cloning-P3/dataCW/IMG/left_2017_09_04_12_11_54_108.jpg,/Users/ggcstaff/CarND-Term1-Starter-Kit/CarND-Behavioral-Cloning-P3/dataCW/IMG/right_2017_09_04_12_11_54_108.jpg,0.1025575,1,0,30.18946
/Users/ggcstaff/CarND-Term1-Starter-Kit/CarND-Behavioral-Cloning-P3/dataCW/IMG/center_2017_09_04_12_11_54_175.jpg,/Users/ggcstaff/CarND-Term1-Starter-Kit/CarND-Behavioral-Cloning-P3/dataCW/IMG/left_2017_09_04_12_11_54_175.jpg,/Users/ggcstaff/CarND-Term1-Starter-Kit/CarND-Behavioral-Cloning-P3/dataCW/IMG/right_2017_09_04_12_11_54_175.jpg,0.1189564,1,0,30.18914
/Users/ggcstaff/CarND-Term1-Starter-Kit/CarND-Behavioral-Cloning-P3/dataCW/IMG/center_2017_09_04_12_11_54_246.jpg,/Users/ggcstaff/CarND-Term1-Starter-Kit/CarND-Behavioral-Cloning-P3/dataCW/IMG/left_2017_09_04_12_11_54_246.jpg,/Users/ggcstaff/CarND-Term1-Starter-Kit/CarND-Behavioral-Cloning-P3/dataCW/IMG/right_2017_09_04_12_11_54_246.jpg,0.1255159,1,0,30.18917
/Users/ggcstaff/CarND-Term1-Starter-Kit/CarND-Behavioral-Cloning-P3/dataCW/IMG/center_2017_09_04_12_11_54_318.jpg,/Users/ggcstaff/CarND-Term1-Starter-Kit/CarND-Behavioral-Cloning-P3/dataCW/IMG/left_2017_09_04_12_11_54_318.jpg,/Users/ggcstaff/CarND-Term1-Starter-Kit/CarND-Behavioral-Cloning-P3/dataCW/IMG/right_2017_09_04_12_11_54_318.jpg,0.1320755,1,0,30.18933
/Users/ggcstaff/CarND-Term1-Starter-Kit/CarND-Behavioral-Cloning-P3/dataCW/IMG/center_2017_09_04_12_11_54_396.jpg,/Users/ggcstaff/CarND-Term1-Starter-Kit/CarND-Behavioral-Cloning-P3/dataCW/IMG/left_2017_09_04_12_11_54_396.jpg,/Users/ggcstaff/CarND-Term1-Starter-Kit/CarND-Behavioral-Cloning-P3/dataCW/IMG/right_2017_09_04_12_11_54_396.jpg,0.1419148,1,0,30.18917
/Users/ggcstaff/CarND-Term1-Starter-Kit/CarND-Behavioral-Cloning-P3/dataCW/IMG/center_2017_09_04_12_11_54_472.jpg,/Users/ggcstaff/CarND-Term1-Starter-Kit/CarND-Behavioral-Cloning-P3/dataCW/IMG/left_2017_09_04_12_11_54_472.jpg,/Users/ggcstaff/CarND-Term1-Starter-Kit/CarND-Behavioral-Cloning-P3/dataCW/IMG/right_2017_09_04_12_11_54_472.jpg,0.1419148,1,0,30.1895
/Users/ggcstaff/CarND-Term1-Starter-Kit/CarND-Behavioral-Cloning-P3/dataCW/IMG/center_2017_09_04_12_11_54_543.jpg,/Users/ggcstaff/CarND-Term1-Starter-Kit/CarND-Behavioral-Cloning-P3/dataCW/IMG/left_2017_09_04_12_11_54_543.jpg,/Users/ggcstaff/CarND-Term1-Starter-Kit/CarND-Behavioral-Cloning-P3/dataCW/IMG/right_2017_09_04_12_11_54_543.jpg,0.1419148,1,0,30.18955
/Users/ggcstaff/CarND-Term1-Starter-Kit/CarND-Behavioral-Cloning-P3/dataCW/IMG/center_2017_09_04_12_11_54_611.jpg,/Users/ggcstaff/CarND-Term1-Starter-Kit/CarND-Behavioral-Cloning-P3/dataCW/IMG/left_2017_09_04_12_11_54_611.jpg,/Users/ggcstaff/CarND-Term1-Starter-Kit/CarND-Behavioral-Cloning-P3/dataCW/IMG/right_2017_09_04_12_11_54_611.jpg,0.1419148,1,0,30.1897
/Users/ggcstaff/CarND-Term1-Starter-Kit/CarND-Behavioral-Cloning-P3/dataCW/IMG/center_2017_09_04_12_11_54_683.jpg,/Users/ggcstaff/CarND-Term1-Starter-Kit/CarND-Behavioral-Cloning-P3/dataCW/IMG/left_2017_09_04_12_11_54_683.jpg,/Users/ggcstaff/CarND-Term1-Starter-Kit/CarND-Behavioral-Cloning-P3/dataCW/IMG/right_2017_09_04_12_11_54_683.jpg,0.1385982,1,0,30.18989
/Users/ggcstaff/CarND-Term1-Starter-Kit/CarND-Behavioral-Cloning-P3/dataCW/IMG/center_2017_09_04_12_11_54_751.jpg,/Users/ggcstaff/CarND-Term1-Starter-Kit/CarND-Behavioral-Cloning-P3/dataCW/IMG/left_2017_09_04_12_11_54_751.jpg,/Users/ggcstaff/CarND-Term1-Starter-Kit/CarND-Behavioral-Cloning-P3/dataCW/IMG/right_2017_09_04_12_11_54_751.jpg,0.09047022,1,0,30.19103
/Users/ggcstaff/CarND-Term1-Starter-Kit/CarND-Behavioral-Cloning-P3/dataCW/IMG/center_2017_09_04_12_11_54_818.jpg,/Users/ggcstaff/CarND-Term1-Starter-Kit/CarND-Behavioral-Cloning-P3/dataCW/IMG/left_2017_09_04_12_11_54_818.jpg,/Users/ggcstaff/CarND-Term1-Starter-Kit/CarND-Behavioral-Cloning-P3/dataCW/IMG/right_2017_09_04_12_11_54_818.jpg,0.07388709,1,0,30.19079
/Users/ggcstaff/CarND-Term1-Starter-Kit/CarND-Behavioral-Cloning-P3/dataCW/IMG/center_2017_09_04_12_11_54_893.jpg,/Users/ggcstaff/CarND-Term1-Starter-Kit/CarND-Behavioral-Cloning-P3/dataCW/IMG/left_2017_09_04_12_11_54_893.jpg,/Users/ggcstaff/CarND-Term1-Starter-Kit/CarND-Behavioral-Cloning-P3/dataCW/IMG/right_2017_09_04_12_11_54_893.jpg,0.07057046,1,0,30.19056
/Users/ggcstaff/CarND-Term1-Starter-Kit/CarND-Behavioral-Cloning-P3/dataCW/IMG/center_2017_09_04_12_11_54_960.jpg,/Users/ggcstaff/CarND-Term1-Starter-Kit/CarND-Behavioral-Cloning-P3/dataCW/IMG/left_2017_09_04_12_11_54_960.jpg,/Users/ggcstaff/CarND-Term1-Starter-Kit/CarND-Behavioral-Cloning-P3/dataCW/IMG/right_2017_09_04_12_11_54_960.jpg,0.07057046,1,0,30.19045
/Users/ggcstaff/CarND-Term1-Starter-Kit/CarND-Behavioral-Cloning-P3/dataCW/IMG/center_2017_09_04_12_11_55_029.jpg,/Users/ggcstaff/CarND-Term1-Starter-Kit/CarND-Behavioral-Cloning-P3/dataCW/IMG/left_2017_09_04_12_11_55_029.jpg,/Users/ggcstaff/CarND-Term1-Starter-Kit/CarND-Behavioral-Cloning-P3/dataCW/IMG/right_2017_09_04_12_11_55_029.jpg,0.07057046,1,0,30.19035
/Users/ggcstaff/CarND-Term1-Starter-Kit/CarND-Behavioral-Cloning-P3/dataCW/IMG/center_2017_09_04_12_11_55_114.jpg,/Users/ggcstaff/CarND-Term1-Starter-Kit/CarND-Behavioral-Cloning-P3/dataCW/IMG/left_2017_09_04_12_11_55_114.jpg,/Users/ggcstaff/CarND-Term1-Starter-Kit/CarND-Behavioral-Cloning-P3/dataCW/IMG/right_2017_09_04_12_11_55_114.jpg,0.07057046,1,0,30.19031
/Users/ggcstaff/CarND-Term1-Starter-Kit/CarND-Behavioral-Cloning-P3/dataCW/IMG/center_2017_09_04_12_11_55_186.jpg,/Users/ggcstaff/CarND-Term1-Starter-Kit/CarND-Behavioral-Cloning-P3/dataCW/IMG/left_2017_09_04_12_11_55_186.jpg,/Users/ggcstaff/CarND-Term1-Starter-Kit/CarND-Behavioral-Cloning-P3/dataCW/IMG/right_2017_09_04_12_11_55_186.jpg,0.07057046,1,0,30.19028
/Users/ggcstaff/CarND-Term1-Starter-Kit/CarND-Behavioral-Cloning-P3/dataCW/IMG/center_2017_09_04_12_11_55_255.jpg,/Users/ggcstaff/CarND-Term1-Starter-Kit/CarND-Behavioral-Cloning-P3/dataCW/IMG/left_2017_09_04_12_11_55_255.jpg,/Users/ggcstaff/CarND-Term1-Starter-Kit/CarND-Behavioral-Cloning-P3/dataCW/IMG/right_2017_09_04_12_11_55_255.jpg,0.07057046,1,0,30.19021
/Users/ggcstaff/CarND-Term1-Starter-Kit/CarND-Behavioral-Cloning-P3/dataCW/IMG/center_2017_09_04_12_11_55_323.jpg,/Users/ggcstaff/CarND-Term1-Starter-Kit/CarND-Behavioral-Cloning-P3/dataCW/IMG/left_2017_09_04_12_11_55_323.jpg,/Users/ggcstaff/CarND-Term1-Starter-Kit/CarND-Behavioral-Cloning-P3/dataCW/IMG/right_2017_09_04_12_11_55_323.jpg,0.07057046,1,0,30.1902
/Users/ggcstaff/CarND-Term1-Starter-Kit/CarND-Behavioral-Cloning-P3/dataCW/IMG/center_2017_09_04_12_11_55_392.jpg,/Users/ggcstaff/CarND-Term1-Starter-Kit/CarND-Behavioral-Cloning-P3/dataCW/IMG/left_2017_09_04_12_11_55_392.jpg,/Users/ggcstaff/CarND-Term1-Starter-Kit/CarND-Behavioral-Cloning-P3/dataCW/IMG/right_2017_09_04_12_11_55_392.jpg,0.07057046,1,0,30.19018
/Users/ggcstaff/CarND-Term1-Starter-Kit/CarND-Behavioral-Cloning-P3/dataCW/IMG/center_2017_09_04_12_11_55_465.jpg,/Users/ggcstaff/CarND-Term1-Starter-Kit/CarND-Behavioral-Cloning-P3/dataCW/IMG/left_2017_09_04_12_11_55_465.jpg,/Users/ggcstaff/CarND-Term1-Starter-Kit/CarND-Behavioral-Cloning-P3/dataCW/IMG/right_2017_09_04_12_11_55_465.jpg,0.07057046,1,0,30.19019
/Users/ggcstaff/CarND-Term1-Starter-Kit/CarND-Behavioral-Cloning-P3/dataCW/IMG/center_2017_09_04_12_11_55_541.jpg,/Users/ggcstaff/CarND-Term1-Starter-Kit/CarND-Behavioral-Cloning-P3/dataCW/IMG/left_2017_09_04_12_11_55_541.jpg,/Users/ggcstaff/CarND-Term1-Starter-Kit/CarND-Behavioral-Cloning-P3/dataCW/IMG/right_2017_09_04_12_11_55_541.jpg,0.09352889,1,0,30.18971
/Users/ggcstaff/CarND-Term1-Starter-Kit/CarND-Behavioral-Cloning-P3/dataCW/IMG/center_2017_09_04_12_11_55_612.jpg,/Users/ggcstaff/CarND-Term1-Starter-Kit/CarND-Behavioral-Cloning-P3/dataCW/IMG/left_2017_09_04_12_11_55_612.jpg,/Users/ggcstaff/CarND-Term1-Starter-Kit/CarND-Behavioral-Cloning-P3/dataCW/IMG/right_2017_09_04_12_11_55_612.jpg,0.09680866,1,0,30.18977
/Users/ggcstaff/CarND-Term1-Starter-Kit/CarND-Behavioral-Cloning-P3/dataCW/IMG/center_2017_09_04_12_11_55_686.jpg,/Users/ggcstaff/CarND-Term1-Starter-Kit/CarND-Behavioral-Cloning-P3/dataCW/IMG/left_2017_09_04_12_11_55_686.jpg,/Users/ggcstaff/CarND-Term1-Starter-Kit/CarND-Behavioral-Cloning-P3/dataCW/IMG/right_2017_09_04_12_11_55_686.jpg,0.1033682,1,0,30.18977
/Users/ggcstaff/CarND-Term1-Starter-Kit/CarND-Behavioral-Cloning-P3/dataCW/IMG/center_2017_09_04_12_11_55_757.jpg,/Users/ggcstaff/CarND-Term1-Starter-Kit/CarND-Behavioral-Cloning-P3/dataCW/IMG/left_2017_09_04_12_11_55_757.jpg,/Users/ggcstaff/CarND-Term1-Starter-Kit/CarND-Behavioral-Cloning-P3/dataCW/IMG/right_2017_09_04_12_11_55_757.jpg,0.1033682,1,0,30.18984
/Users/ggcstaff/CarND-Term1-Starter-Kit/CarND-Behavioral-Cloning-P3/dataCW/IMG/center_2017_09_04_12_11_55_824.jpg,/Users/ggcstaff/CarND-Term1-Starter-Kit/CarND-Behavioral-Cloning-P3/dataCW/IMG/left_2017_09_04_12_11_55_824.jpg,/Users/ggcstaff/CarND-Term1-Starter-Kit/CarND-Behavioral-Cloning-P3/dataCW/IMG/right_2017_09_04_12_11_55_824.jpg,0.1033682,1,0,30.18978
/Users/ggcstaff/CarND-Term1-Starter-Kit/CarND-Behavioral-Cloning-P3/dataCW/IMG/center_2017_09_04_12_11_55_897.jpg,/Users/ggcstaff/CarND-Term1-Starter-Kit/CarND-Behavioral-Cloning-P3/dataCW/IMG/left_2017_09_04_12_11_55_897.jpg,/Users/ggcstaff/CarND-Term1-Starter-Kit/CarND-Behavioral-Cloning-P3/dataCW/IMG/right_2017_09_04_12_11_55_897.jpg,0.1033682,1,0,30.18988
/Users/ggcstaff/CarND-Term1-Starter-Kit/CarND-Behavioral-Cloning-P3/dataCW/IMG/center_2017_09_04_12_11_55_969.jpg,/Users/ggcstaff/CarND-Term1-Starter-Kit/CarND-Behavioral-Cloning-P3/dataCW/IMG/left_2017_09_04_12_11_55_969.jpg,/Users/ggcstaff/CarND-Term1-Starter-Kit/CarND-Behavioral-Cloning-P3/dataCW/IMG/right_2017_09_04_12_11_55_969.jpg,0.09673496,1,0,30.19008
/Users/ggcstaff/CarND-Term1-Starter-Kit/CarND-Behavioral-Cloning-P3/dataCW/IMG/center_2017_09_04_12_11_56_045.jpg,/Users/ggcstaff/CarND-Term1-Starter-Kit/CarND-Behavioral-Cloning-P3/dataCW/IMG/left_2017_09_04_12_11_56_045.jpg,/Users/ggcstaff/CarND-Term1-Starter-Kit/CarND-Behavioral-Cloning-P3/dataCW/IMG/right_2017_09_04_12_11_56_045.jpg,0.09673496,1,0,30.19007
/Users/ggcstaff/CarND-Term1-Starter-Kit/CarND-Behavioral-Cloning-P3/dataCW/IMG/center_2017_09_04_12_11_56_117.jpg,/Users/ggcstaff/CarND-Term1-Starter-Kit/CarND-Behavioral-Cloning-P3/dataCW/IMG/left_2017_09_04_12_11_56_117.jpg,/Users/ggcstaff/CarND-Term1-Starter-Kit/CarND-Behavioral-Cloning-P3/dataCW/IMG/right_2017_09_04_12_11_56_117.jpg,0.09673496,1,0,30.19014
/Users/ggcstaff/CarND-Term1-Starter-Kit/CarND-Behavioral-Cloning-P3/dataCW/IMG/center_2017_09_04_12_11_56_195.jpg,/Users/ggcstaff/CarND-Term1-Starter-Kit/CarND-Behavioral-Cloning-P3/dataCW/IMG/left_2017_09_04_12_11_56_195.jpg,/Users/ggcstaff/CarND-Term1-Starter-Kit/CarND-Behavioral-Cloning-P3/dataCW/IMG/right_2017_09_04_12_11_56_195.jpg,0.09673496,1,0,30.18995
/Users/ggcstaff/CarND-Term1-Starter-Kit/CarND-Behavioral-Cloning-P3/dataCW/IMG/center_2017_09_04_12_11_56_263.jpg,/Users/ggcstaff/CarND-Term1-Starter-Kit/CarND-Behavioral-Cloning-P3/dataCW/IMG/left_2017_09_04_12_11_56_263.jpg,/Users/ggcstaff/CarND-Term1-Starter-Kit/CarND-Behavioral-Cloning-P3/dataCW/IMG/right_2017_09_04_12_11_56_263.jpg,0.09673496,1,0,30.19007
/Users/ggcstaff/CarND-Term1-Starter-Kit/CarND-Behavioral-Cloning-P3/dataCW/IMG/center_2017_09_04_12_11_56_332.jpg,/Users/ggcstaff/CarND-Term1-Starter-Kit/CarND-Behavioral-Cloning-P3/dataCW/IMG/left_2017_09_04_12_11_56_332.jpg,/Users/ggcstaff/CarND-Term1-Starter-Kit/CarND-Behavioral-Cloning-P3/dataCW/IMG/right_2017_09_04_12_11_56_332.jpg,0.09341834,1,0,30.1902
/Users/ggcstaff/CarND-Term1-Starter-Kit/CarND-Behavioral-Cloning-P3/dataCW/IMG/center_2017_09_04_12_11_56_402.jpg,/Users/ggcstaff/CarND-Term1-Starter-Kit/CarND-Behavioral-Cloning-P3/dataCW/IMG/left_2017_09_04_12_11_56_402.jpg,/Users/ggcstaff/CarND-Term1-Starter-Kit/CarND-Behavioral-Cloning-P3/dataCW/IMG/right_2017_09_04_12_11_56_402.jpg,0.06482164,1,0,30.19097
/Users/ggcstaff/CarND-Term1-Starter-Kit/CarND-Behavioral-Cloning-P3/dataCW/IMG/center_2017_09_04_12_11_56_471.jpg,/Users/ggcstaff/CarND-Term1-Starter-Kit/CarND-Behavioral-Cloning-P3/dataCW/IMG/left_2017_09_04_12_11_56_471.jpg,/Users/ggcstaff/CarND-Term1-Starter-Kit/CarND-Behavioral-Cloning-P3/dataCW/IMG/right_2017_09_04_12_11_56_471.jpg,0.05818839,1,0,30.1905
/Users/ggcstaff/CarND-Term1-Starter-Kit/CarND-Behavioral-Cloning-P3/dataCW/IMG/center_2017_09_04_12_11_56_544.jpg,/Users/ggcstaff/CarND-Term1-Starter-Kit/CarND-Behavioral-Cloning-P3/dataCW/IMG/left_2017_09_04_12_11_56_544.jpg,/Users/ggcstaff/CarND-Term1-Starter-Kit/CarND-Behavioral-Cloning-P3/dataCW/IMG/right_2017_09_04_12_11_56_544.jpg,0.05818839,1,0,30.19042
/Users/ggcstaff/CarND-Term1-Starter-Kit/CarND-Behavioral-Cloning-P3/dataCW/IMG/center_2017_09_04_12_11_56_613.jpg,/Users/ggcstaff/CarND-Term1-Starter-Kit/CarND-Behavioral-Cloning-P3/dataCW/IMG/left_2017_09_04_12_11_56_613.jpg,/Users/ggcstaff/CarND-Term1-Starter-Kit/CarND-Behavioral-Cloning-P3/dataCW/IMG/right_2017_09_04_12_11_56_613.jpg,0.05818839,1,0,30.19037
/Users/ggcstaff/CarND-Term1-Starter-Kit/CarND-Behavioral-Cloning-P3/dataCW/IMG/center_2017_09_04_12_11_56_685.jpg,/Users/ggcstaff/CarND-Term1-Starter-Kit/CarND-Behavioral-Cloning-P3/dataCW/IMG/left_2017_09_04_12_11_56_685.jpg,/Users/ggcstaff/CarND-Term1-Starter-Kit/CarND-Behavioral-Cloning-P3/dataCW/IMG/right_2017_09_04_12_11_56_685.jpg,0.05818839,1,0,30.19031
/Users/ggcstaff/CarND-Term1-Starter-Kit/CarND-Behavioral-Cloning-P3/dataCW/IMG/center_2017_09_04_12_11_56_755.jpg,/Users/ggcstaff/CarND-Term1-Starter-Kit/CarND-Behavioral-Cloning-P3/dataCW/IMG/left_2017_09_04_12_11_56_755.jpg,/Users/ggcstaff/CarND-Term1-Starter-Kit/CarND-Behavioral-Cloning-P3/dataCW/IMG/right_2017_09_04_12_11_56_755.jpg,0.05818839,1,0,30.19031
/Users/ggcstaff/CarND-Term1-Starter-Kit/CarND-Behavioral-Cloning-P3/dataCW/IMG/center_2017_09_04_12_11_56_824.jpg,/Users/ggcstaff/CarND-Term1-Starter-Kit/CarND-Behavioral-Cloning-P3/dataCW/IMG/left_2017_09_04_12_11_56_824.jpg,/Users/ggcstaff/CarND-Term1-Starter-Kit/CarND-Behavioral-Cloning-P3/dataCW/IMG/right_2017_09_04_12_11_56_824.jpg,0.05818839,1,0,30.19029
/Users/ggcstaff/CarND-Term1-Starter-Kit/CarND-Behavioral-Cloning-P3/dataCW/IMG/center_2017_09_04_12_11_56_895.jpg,/Users/ggcstaff/CarND-Term1-Starter-Kit/CarND-Behavioral-Cloning-P3/dataCW/IMG/left_2017_09_04_12_11_56_895.jpg,/Users/ggcstaff/CarND-Term1-Starter-Kit/CarND-Behavioral-Cloning-P3/dataCW/IMG/right_2017_09_04_12_11_56_895.jpg,0.05818839,1,0,30.19028
/Users/ggcstaff/CarND-Term1-Starter-Kit/CarND-Behavioral-Cloning-P3/dataCW/IMG/center_2017_09_04_12_11_56_966.jpg,/Users/ggcstaff/CarND-Term1-Starter-Kit/CarND-Behavioral-Cloning-P3/dataCW/IMG/left_2017_09_04_12_11_56_966.jpg,/Users/ggcstaff/CarND-Term1-Starter-Kit/CarND-Behavioral-Cloning-P3/dataCW/IMG/right_2017_09_04_12_11_56_966.jpg,0.05818839,1,0,30.19027
/Users/ggcstaff/CarND-Term1-Starter-Kit/CarND-Behavioral-Cloning-P3/dataCW/IMG/center_2017_09_04_12_11_57_035.jpg,/Users/ggcstaff/CarND-Term1-Starter-Kit/CarND-Behavioral-Cloning-P3/dataCW/IMG/left_2017_09_04_12_11_57_035.jpg,/Users/ggcstaff/CarND-Term1-Starter-Kit/CarND-Behavioral-Cloning-P3/dataCW/IMG/right_2017_09_04_12_11_57_035.jpg,0.04492188,1,0,30.19037
/Users/ggcstaff/CarND-Term1-Starter-Kit/CarND-Behavioral-Cloning-P3/dataCW/IMG/center_2017_09_04_12_11_57_105.jpg,/Users/ggcstaff/CarND-Term1-Starter-Kit/CarND-Behavioral-Cloning-P3/dataCW/IMG/left_2017_09_04_12_11_57_105.jpg,/Users/ggcstaff/CarND-Term1-Starter-Kit/CarND-Behavioral-Cloning-P3/dataCW/IMG/right_2017_09_04_12_11_57_105.jpg,0.04160525,1,0,30.19055
/Users/ggcstaff/CarND-Term1-Starter-Kit/CarND-Behavioral-Cloning-P3/dataCW/IMG/center_2017_09_04_12_11_57_175.jpg,/Users/ggcstaff/CarND-Term1-Starter-Kit/CarND-Behavioral-Cloning-P3/dataCW/IMG/left_2017_09_04_12_11_57_175.jpg,/Users/ggcstaff/CarND-Term1-Starter-Kit/CarND-Behavioral-Cloning-P3/dataCW/IMG/right_2017_09_04_12_11_57_175.jpg,0.04160525,1,0,30.19027
/Users/ggcstaff/CarND-Term1-Starter-Kit/CarND-Behavioral-Cloning-P3/dataCW/IMG/center_2017_09_04_12_11_57_245.jpg,/Users/ggcstaff/CarND-Term1-Starter-Kit/CarND-Behavioral-Cloning-P3/dataCW/IMG/left_2017_09_04_12_11_57_245.jpg,/Users/ggcstaff/CarND-Term1-Starter-Kit/CarND-Behavioral-Cloning-P3/dataCW/IMG/right_2017_09_04_12_11_57_245.jpg,0.04160525,1,0,30.19036
/Users/ggcstaff/CarND-Term1-Starter-Kit/CarND-Behavioral-Cloning-P3/dataCW/IMG/center_2017_09_04_12_11_57_319.jpg,/Users/ggcstaff/CarND-Term1-Starter-Kit/CarND-Behavioral-Cloning-P3/dataCW/IMG/left_2017_09_04_12_11_57_319.jpg,/Users/ggcstaff/CarND-Term1-Starter-Kit/CarND-Behavioral-Cloning-P3/dataCW/IMG/right_2017_09_04_12_11_57_319.jpg,0.04160525,1,0,30.19072
/Users/ggcstaff/CarND-Term1-Starter-Kit/CarND-Behavioral-Cloning-P3/dataCW/IMG/center_2017_09_04_12_11_57_390.jpg,/Users/ggcstaff/CarND-Term1-Starter-Kit/CarND-Behavioral-Cloning-P3/dataCW/IMG/left_2017_09_04_12_11_57_390.jpg,/Users/ggcstaff/CarND-Term1-Starter-Kit/CarND-Behavioral-Cloning-P3/dataCW/IMG/right_2017_09_04_12_11_57_390.jpg,0.04160525,1,0,30.19033
/Users/ggcstaff/CarND-Term1-Starter-Kit/CarND-Behavioral-Cloning-P3/dataCW/IMG/center_2017_09_04_12_11_57_462.jpg,/Users/ggcstaff/CarND-Term1-Starter-Kit/CarND-Behavioral-Cloning-P3/dataCW/IMG/left_2017_09_04_12_11_57_462.jpg,/Users/ggcstaff/CarND-Term1-Starter-Kit/CarND-Behavioral-Cloning-P3/dataCW/IMG/right_2017_09_04_12_11_57_462.jpg,0.04160525,1,0,30.1903
/Users/ggcstaff/CarND-Term1-Starter-Kit/CarND-Behavioral-Cloning-P3/dataCW/IMG/center_2017_09_04_12_11_57_530.jpg,/Users/ggcstaff/CarND-Term1-Starter-Kit/CarND-Behavioral-Cloning-P3/dataCW/IMG/left_2017_09_04_12_11_57_530.jpg,/Users/ggcstaff/CarND-Term1-Starter-Kit/CarND-Behavioral-Cloning-P3/dataCW/IMG/right_2017_09_04_12_11_57_530.jpg,0.01212412,1,0,30.19037
/Users/ggcstaff/CarND-Term1-Starter-Kit/CarND-Behavioral-Cloning-P3/dataCW/IMG/center_2017_09_04_12_11_57_598.jpg,/Users/ggcstaff/CarND-Term1-Starter-Kit/CarND-Behavioral-Cloning-P3/dataCW/IMG/left_2017_09_04_12_11_57_598.jpg,/Users/ggcstaff/CarND-Term1-Starter-Kit/CarND-Behavioral-Cloning-P3/dataCW/IMG/right_2017_09_04_12_11_57_598.jpg,0.002174234,1,0,30.19026
/Users/ggcstaff/CarND-Term1-Starter-Kit/CarND-Behavioral-Cloning-P3/dataCW/IMG/center_2017_09_04_12_11_57_668.jpg,/Users/ggcstaff/CarND-Term1-Starter-Kit/CarND-Behavioral-Cloning-P3/dataCW/IMG/left_2017_09_04_12_11_57_668.jpg,/Users/ggcstaff/CarND-Term1-Starter-Kit/CarND-Behavioral-Cloning-P3/dataCW/IMG/right_2017_09_04_12_11_57_668.jpg,-0.001142394,1,0,30.19031
/Users/ggcstaff/CarND-Term1-Starter-Kit/CarND-Behavioral-Cloning-P3/dataCW/IMG/center_2017_09_04_12_11_57_735.jpg,/Users/ggcstaff/CarND-Term1-Starter-Kit/CarND-Behavioral-Cloning-P3/dataCW/IMG/left_2017_09_04_12_11_57_735.jpg,/Users/ggcstaff/CarND-Term1-Starter-Kit/CarND-Behavioral-Cloning-P3/dataCW/IMG/right_2017_09_04_12_11_57_735.jpg,-0.004459021,1,0,30.19028
/Users/ggcstaff/CarND-Term1-Starter-Kit/CarND-Behavioral-Cloning-P3/dataCW/IMG/center_2017_09_04_12_11_57_804.jpg,/Users/ggcstaff/CarND-Term1-Starter-Kit/CarND-Behavioral-Cloning-P3/dataCW/IMG/left_2017_09_04_12_11_57_804.jpg,/Users/ggcstaff/CarND-Term1-Starter-Kit/CarND-Behavioral-Cloning-P3/dataCW/IMG/right_2017_09_04_12_11_57_804.jpg,-0.004459021,1,0,30.19026
/Users/ggcstaff/CarND-Term1-Starter-Kit/CarND-Behavioral-Cloning-P3/dataCW/IMG/center_2017_09_04_12_11_57_872.jpg,/Users/ggcstaff/CarND-Term1-Starter-Kit/CarND-Behavioral-Cloning-P3/dataCW/IMG/left_2017_09_04_12_11_57_872.jpg,/Users/ggcstaff/CarND-Term1-Starter-Kit/CarND-Behavioral-Cloning-P3/dataCW/IMG/right_2017_09_04_12_11_57_872.jpg,-0.004459021,1,0,30.19027
/Users/ggcstaff/CarND-Term1-Starter-Kit/CarND-Behavioral-Cloning-P3/dataCW/IMG/center_2017_09_04_12_11_57_940.jpg,/Users/ggcstaff/CarND-Term1-Starter-Kit/CarND-Behavioral-Cloning-P3/dataCW/IMG/left_2017_09_04_12_11_57_940.jpg,/Users/ggcstaff/CarND-Term1-Starter-Kit/CarND-Behavioral-Cloning-P3/dataCW/IMG/right_2017_09_04_12_11_57_940.jpg,-0.004459021,1,0,30.19027
/Users/ggcstaff/CarND-Term1-Starter-Kit/CarND-Behavioral-Cloning-P3/dataCW/IMG/center_2017_09_04_12_11_58_010.jpg,/Users/ggcstaff/CarND-Term1-Starter-Kit/CarND-Behavioral-Cloning-P3/dataCW/IMG/left_2017_09_04_12_11_58_010.jpg,/Users/ggcstaff/CarND-Term1-Starter-Kit/CarND-Behavioral-Cloning-P3/dataCW/IMG/right_2017_09_04_12_11_58_010.jpg,-0.004459021,1,0,30.1903
/Users/ggcstaff/CarND-Term1-Starter-Kit/CarND-Behavioral-Cloning-P3/dataCW/IMG/center_2017_09_04_12_11_58_095.jpg,/Users/ggcstaff/CarND-Term1-Starter-Kit/CarND-Behavioral-Cloning-P3/dataCW/IMG/left_2017_09_04_12_11_58_095.jpg,/Users/ggcstaff/CarND-Term1-Starter-Kit/CarND-Behavioral-Cloning-P3/dataCW/IMG/right_2017_09_04_12_11_58_095.jpg,-0.004459021,1,0,30.19019
/Users/ggcstaff/CarND-Term1-Starter-Kit/CarND-Behavioral-Cloning-P3/dataCW/IMG/center_2017_09_04_12_11_58_165.jpg,/Users/ggcstaff/CarND-Term1-Starter-Kit/CarND-Behavioral-Cloning-P3/dataCW/IMG/left_2017_09_04_12_11_58_165.jpg,/Users/ggcstaff/CarND-Term1-Starter-Kit/CarND-Behavioral-Cloning-P3/dataCW/IMG/right_2017_09_04_12_11_58_165.jpg,-0.004459021,1,0,30.19029
/Users/ggcstaff/CarND-Term1-Starter-Kit/CarND-Behavioral-Cloning-P3/dataCW/IMG/center_2017_09_04_12_11_58_232.jpg,/Users/ggcstaff/CarND-Term1-Starter-Kit/CarND-Behavioral-Cloning-P3/dataCW/IMG/left_2017_09_04_12_11_58_232.jpg,/Users/ggcstaff/CarND-Term1-Starter-Kit/CarND-Behavioral-Cloning-P3/dataCW/IMG/right_2017_09_04_12_11_58_232.jpg,-0.004459021,1,0,30.19031
/Users/ggcstaff/CarND-Term1-Starter-Kit/CarND-Behavioral-Cloning-P3/dataCW/IMG/center_2017_09_04_12_11_58_303.jpg,/Users/ggcstaff/CarND-Term1-Starter-Kit/CarND-Behavioral-Cloning-P3/dataCW/IMG/left_2017_09_04_12_11_58_303.jpg,/Users/ggcstaff/CarND-Term1-Starter-Kit/CarND-Behavioral-Cloning-P3/dataCW/IMG/right_2017_09_04_12_11_58_303.jpg,-0.004459021,1,0,30.19059
/Users/ggcstaff/CarND-Term1-Starter-Kit/CarND-Behavioral-Cloning-P3/dataCW/IMG/center_2017_09_04_12_11_58_376.jpg,/Users/ggcstaff/CarND-Term1-Starter-Kit/CarND-Behavioral-Cloning-P3/dataCW/IMG/left_2017_09_04_12_11_58_376.jpg,/Users/ggcstaff/CarND-Term1-Starter-Kit/CarND-Behavioral-Cloning-P3/dataCW/IMG/right_2017_09_04_12_11_58_376.jpg,0.008660083,1,0,30.19033
/Users/ggcstaff/CarND-Term1-Starter-Kit/CarND-Behavioral-Cloning-P3/dataCW/IMG/center_2017_09_04_12_11_58_451.jpg,/Users/ggcstaff/CarND-Term1-Starter-Kit/CarND-Behavioral-Cloning-P3/dataCW/IMG/left_2017_09_04_12_11_58_451.jpg,/Users/ggcstaff/CarND-Term1-Starter-Kit/CarND-Behavioral-Cloning-P3/dataCW/IMG/right_2017_09_04_12_11_58_451.jpg,0.04145784,1,0,30.1899
/Users/ggcstaff/CarND-Term1-Starter-Kit/CarND-Behavioral-Cloning-P3/dataCW/IMG/center_2017_09_04_12_11_58_519.jpg,/Users/ggcstaff/CarND-Term1-Starter-Kit/CarND-Behavioral-Cloning-P3/dataCW/IMG/left_2017_09_04_12_11_58_519.jpg,/Users/ggcstaff/CarND-Term1-Starter-Kit/CarND-Behavioral-Cloning-P3/dataCW/IMG/right_2017_09_04_12_11_58_519.jpg,0.04801739,1,0,30.18993
/Users/ggcstaff/CarND-Term1-Starter-Kit/CarND-Behavioral-Cloning-P3/dataCW/IMG/center_2017_09_04_12_11_58_587.jpg,/Users/ggcstaff/CarND-Term1-Starter-Kit/CarND-Behavioral-Cloning-P3/dataCW/IMG/left_2017_09_04_12_11_58_587.jpg,/Users/ggcstaff/CarND-Term1-Starter-Kit/CarND-Behavioral-Cloning-P3/dataCW/IMG/right_2017_09_04_12_11_58_587.jpg,0.04801739,1,0,30.19005
/Users/ggcstaff/CarND-Term1-Starter-Kit/CarND-Behavioral-Cloning-P3/dataCW/IMG/center_2017_09_04_12_11_58_668.jpg,/Users/ggcstaff/CarND-Term1-Starter-Kit/CarND-Behavioral-Cloning-P3/dataCW/IMG/left_2017_09_04_12_11_58_668.jpg,/Users/ggcstaff/CarND-Term1-Starter-Kit/CarND-Behavioral-Cloning-P3/dataCW/IMG/right_2017_09_04_12_11_58_668.jpg,0.04801739,1,0,30.19016
/Users/ggcstaff/CarND-Term1-Starter-Kit/CarND-Behavioral-Cloning-P3/dataCW/IMG/center_2017_09_04_12_11_58_738.jpg,/Users/ggcstaff/CarND-Term1-Starter-Kit/CarND-Behavioral-Cloning-P3/dataCW/IMG/left_2017_09_04_12_11_58_738.jpg,/Users/ggcstaff/CarND-Term1-Starter-Kit/CarND-Behavioral-Cloning-P3/dataCW/IMG/right_2017_09_04_12_11_58_738.jpg,0.04801739,1,0,30.19022
/Users/ggcstaff/CarND-Term1-Starter-Kit/CarND-Behavioral-Cloning-P3/dataCW/IMG/center_2017_09_04_12_11_58_807.jpg,/Users/ggcstaff/CarND-Term1-Starter-Kit/CarND-Behavioral-Cloning-P3/dataCW/IMG/left_2017_09_04_12_11_58_807.jpg,/Users/ggcstaff/CarND-Term1-Starter-Kit/CarND-Behavioral-Cloning-P3/dataCW/IMG/right_2017_09_04_12_11_58_807.jpg,0.04801739,1,0,30.19016
/Users/ggcstaff/CarND-Term1-Starter-Kit/CarND-Behavioral-Cloning-P3/dataCW/IMG/center_2017_09_04_12_11_58_875.jpg,/Users/ggcstaff/CarND-Term1-Starter-Kit/CarND-Behavioral-Cloning-P3/dataCW/IMG/left_2017_09_04_12_11_58_875.jpg,/Users/ggcstaff/CarND-Term1-Starter-Kit/CarND-Behavioral-Cloning-P3/dataCW/IMG/right_2017_09_04_12_11_58_875.jpg,0.04801739,1,0,30.19021
/Users/ggcstaff/CarND-Term1-Starter-Kit/CarND-Behavioral-Cloning-P3/dataCW/IMG/center_2017_09_04_12_11_58_942.jpg,/Users/ggcstaff/CarND-Term1-Starter-Kit/CarND-Behavioral-Cloning-P3/dataCW/IMG/left_2017_09_04_12_11_58_942.jpg,/Users/ggcstaff/CarND-Term1-Starter-Kit/CarND-Behavioral-Cloning-P3/dataCW/IMG/right_2017_09_04_12_11_58_942.jpg,0.04801739,1,0,30.19025
/Users/ggcstaff/CarND-Term1-Starter-Kit/CarND-Behavioral-Cloning-P3/dataCW/IMG/center_2017_09_04_12_11_59_012.jpg,/Users/ggcstaff/CarND-Term1-Starter-Kit/CarND-Behavioral-Cloning-P3/dataCW/IMG/left_2017_09_04_12_11_59_012.jpg,/Users/ggcstaff/CarND-Term1-Starter-Kit/CarND-Behavioral-Cloning-P3/dataCW/IMG/right_2017_09_04_12_11_59_012.jpg,0.04470076,1,0,30.19025
/Users/ggcstaff/CarND-Term1-Starter-Kit/CarND-Behavioral-Cloning-P3/dataCW/IMG/center_2017_09_04_12_11_59_087.jpg,/Users/ggcstaff/CarND-Term1-Starter-Kit/CarND-Behavioral-Cloning-P3/dataCW/IMG/left_2017_09_04_12_11_59_087.jpg,/Users/ggcstaff/CarND-Term1-Starter-Kit/CarND-Behavioral-Cloning-P3/dataCW/IMG/right_2017_09_04_12_11_59_087.jpg,0.024801,1,0,30.19034
/Users/ggcstaff/CarND-Term1-Starter-Kit/CarND-Behavioral-Cloning-P3/dataCW/IMG/center_2017_09_04_12_11_59_155.jpg,/Users/ggcstaff/CarND-Term1-Starter-Kit/CarND-Behavioral-Cloning-P3/dataCW/IMG/left_2017_09_04_12_11_59_155.jpg,/Users/ggcstaff/CarND-Term1-Starter-Kit/CarND-Behavioral-Cloning-P3/dataCW/IMG/right_2017_09_04_12_11_59_155.jpg,0.01485112,1,0,30.1903
/Users/ggcstaff/CarND-Term1-Starter-Kit/CarND-Behavioral-Cloning-P3/dataCW/IMG/center_2017_09_04_12_11_59_224.jpg,/Users/ggcstaff/CarND-Term1-Starter-Kit/CarND-Behavioral-Cloning-P3/dataCW/IMG/left_2017_09_04_12_11_59_224.jpg,/Users/ggcstaff/CarND-Term1-Starter-Kit/CarND-Behavioral-Cloning-P3/dataCW/IMG/right_2017_09_04_12_11_59_224.jpg,0.01485112,1,0,30.19038
/Users/ggcstaff/CarND-Term1-Starter-Kit/CarND-Behavioral-Cloning-P3/dataCW/IMG/center_2017_09_04_12_11_59_295.jpg,/Users/ggcstaff/CarND-Term1-Starter-Kit/CarND-Behavioral-Cloning-P3/dataCW/IMG/left_2017_09_04_12_11_59_295.jpg,/Users/ggcstaff/CarND-Term1-Starter-Kit/CarND-Behavioral-Cloning-P3/dataCW/IMG/right_2017_09_04_12_11_59_295.jpg,0.01485112,1,0,30.19035
/Users/ggcstaff/CarND-Term1-Starter-Kit/CarND-Behavioral-Cloning-P3/dataCW/IMG/center_2017_09_04_12_11_59_365.jpg,/Users/ggcstaff/CarND-Term1-Starter-Kit/CarND-Behavioral-Cloning-P3/dataCW/IMG/left_2017_09_04_12_11_59_365.jpg,/Users/ggcstaff/CarND-Term1-Starter-Kit/CarND-Behavioral-Cloning-P3/dataCW/IMG/right_2017_09_04_12_11_59_365.jpg,0.01485112,1,0,30.18996
/Users/ggcstaff/CarND-Term1-Starter-Kit/CarND-Behavioral-Cloning-P3/dataCW/IMG/center_2017_09_04_12_11_59_439.jpg,/Users/ggcstaff/CarND-Term1-Starter-Kit/CarND-Behavioral-Cloning-P3/dataCW/IMG/left_2017_09_04_12_11_59_439.jpg,/Users/ggcstaff/CarND-Term1-Starter-Kit/CarND-Behavioral-Cloning-P3/dataCW/IMG/right_2017_09_04_12_11_59_439.jpg,0.01485112,1,0,30.19029
/Users/ggcstaff/CarND-Term1-Starter-Kit/CarND-Behavioral-Cloning-P3/dataCW/IMG/center_2017_09_04_12_11_59_512.jpg,/Users/ggcstaff/CarND-Term1-Starter-Kit/CarND-Behavioral-Cloning-P3/dataCW/IMG/left_2017_09_04_12_11_59_512.jpg,/Users/ggcstaff/CarND-Term1-Starter-Kit/CarND-Behavioral-Cloning-P3/dataCW/IMG/right_2017_09_04_12_11_59_512.jpg,0.01485112,1,0,30.1903
/Users/ggcstaff/CarND-Term1-Starter-Kit/CarND-Behavioral-Cloning-P3/dataCW/IMG/center_2017_09_04_12_11_59_583.jpg,/Users/ggcstaff/CarND-Term1-Starter-Kit/CarND-Behavioral-Cloning-P3/dataCW/IMG/left_2017_09_04_12_11_59_583.jpg,/Users/ggcstaff/CarND-Term1-Starter-Kit/CarND-Behavioral-Cloning-P3/dataCW/IMG/right_2017_09_04_12_11_59_583.jpg,0.01485112,1,0,30.1903
/Users/ggcstaff/CarND-Term1-Starter-Kit/CarND-Behavioral-Cloning-P3/dataCW/IMG/center_2017_09_04_12_11_59_656.jpg,/Users/ggcstaff/CarND-Term1-Starter-Kit/CarND-Behavioral-Cloning-P3/dataCW/IMG/left_2017_09_04_12_11_59_656.jpg,/Users/ggcstaff/CarND-Term1-Starter-Kit/CarND-Behavioral-Cloning-P3/dataCW/IMG/right_2017_09_04_12_11_59_656.jpg,0.01485112,1,0,30.19027
/Users/ggcstaff/CarND-Term1-Starter-Kit/CarND-Behavioral-Cloning-P3/dataCW/IMG/center_2017_09_04_12_11_59_727.jpg,/Users/ggcstaff/CarND-Term1-Starter-Kit/CarND-Behavioral-Cloning-P3/dataCW/IMG/left_2017_09_04_12_11_59_727.jpg,/Users/ggcstaff/CarND-Term1-Starter-Kit/CarND-Behavioral-Cloning-P3/dataCW/IMG/right_2017_09_04_12_11_59_727.jpg,0.03780955,1,0,30.19009
/Users/ggcstaff/CarND-Term1-Starter-Kit/CarND-Behavioral-Cloning-P3/dataCW/IMG/center_2017_09_04_12_11_59_795.jpg,/Users/ggcstaff/CarND-Term1-Starter-Kit/CarND-Behavioral-Cloning-P3/dataCW/IMG/left_2017_09_04_12_11_59_795.jpg,/Users/ggcstaff/CarND-Term1-Starter-Kit/CarND-Behavioral-Cloning-P3/dataCW/IMG/right_2017_09_04_12_11_59_795.jpg,0.04436911,1,0,30.19011
/Users/ggcstaff/CarND-Term1-Starter-Kit/CarND-Behavioral-Cloning-P3/dataCW/IMG/center_2017_09_04_12_11_59_865.jpg,/Users/ggcstaff/CarND-Term1-Starter-Kit/CarND-Behavioral-Cloning-P3/dataCW/IMG/left_2017_09_04_12_11_59_865.jpg,/Users/ggcstaff/CarND-Term1-Starter-Kit/CarND-Behavioral-Cloning-P3/dataCW/IMG/right_2017_09_04_12_11_59_865.jpg,0.04436911,1,0,30.19011
/Users/ggcstaff/CarND-Term1-Starter-Kit/CarND-Behavioral-Cloning-P3/dataCW/IMG/center_2017_09_04_12_11_59_935.jpg,/Users/ggcstaff/CarND-Term1-Starter-Kit/CarND-Behavioral-Cloning-P3/dataCW/IMG/left_2017_09_04_12_11_59_935.jpg,/Users/ggcstaff/CarND-Term1-Starter-Kit/CarND-Behavioral-Cloning-P3/dataCW/IMG/right_2017_09_04_12_11_59_935.jpg,0.04436911,1,0,30.19019
/Users/ggcstaff/CarND-Term1-Starter-Kit/CarND-Behavioral-Cloning-P3/dataCW/IMG/center_2017_09_04_12_12_00_002.jpg,/Users/ggcstaff/CarND-Term1-Starter-Kit/CarND-Behavioral-Cloning-P3/dataCW/IMG/left_2017_09_04_12_12_00_002.jpg,/Users/ggcstaff/CarND-Term1-Starter-Kit/CarND-Behavioral-Cloning-P3/dataCW/IMG/right_2017_09_04_12_12_00_002.jpg,0.04436911,1,0,30.19026
/Users/ggcstaff/CarND-Term1-Starter-Kit/CarND-Behavioral-Cloning-P3/dataCW/IMG/center_2017_09_04_12_12_00_071.jpg,/Users/ggcstaff/CarND-Term1-Starter-Kit/CarND-Behavioral-Cloning-P3/dataCW/IMG/left_2017_09_04_12_12_00_071.jpg,/Users/ggcstaff/CarND-Term1-Starter-Kit/CarND-Behavioral-Cloning-P3/dataCW/IMG/right_2017_09_04_12_12_00_071.jpg,0.04436911,1,0,30.1902
/Users/ggcstaff/CarND-Term1-Starter-Kit/CarND-Behavioral-Cloning-P3/dataCW/IMG/center_2017_09_04_12_12_00_140.jpg,/Users/ggcstaff/CarND-Term1-Starter-Kit/CarND-Behavioral-Cloning-P3/dataCW/IMG/left_2017_09_04_12_12_00_140.jpg,/Users/ggcstaff/CarND-Term1-Starter-Kit/CarND-Behavioral-Cloning-P3/dataCW/IMG/right_2017_09_04_12_12_00_140.jpg,0.04436911,1,0,30.19025
/Users/ggcstaff/CarND-Term1-Starter-Kit/CarND-Behavioral-Cloning-P3/dataCW/IMG/center_2017_09_04_12_12_00_210.jpg,/Users/ggcstaff/CarND-Term1-Starter-Kit/CarND-Behavioral-Cloning-P3/dataCW/IMG/left_2017_09_04_12_12_00_210.jpg,/Users/ggcstaff/CarND-Term1-Starter-Kit/CarND-Behavioral-Cloning-P3/dataCW/IMG/right_2017_09_04_12_12_00_210.jpg,0.04436911,1,0,30.19025
/Users/ggcstaff/CarND-Term1-Starter-Kit/CarND-Behavioral-Cloning-P3/dataCW/IMG/center_2017_09_04_12_12_00_284.jpg,/Users/ggcstaff/CarND-Term1-Starter-Kit/CarND-Behavioral-Cloning-P3/dataCW/IMG/left_2017_09_04_12_12_00_284.jpg,/Users/ggcstaff/CarND-Term1-Starter-Kit/CarND-Behavioral-Cloning-P3/dataCW/IMG/right_2017_09_04_12_12_00_284.jpg,0.04436911,1,0,30.19032
/Users/ggcstaff/CarND-Term1-Starter-Kit/CarND-Behavioral-Cloning-P3/dataCW/IMG/center_2017_09_04_12_12_00_352.jpg,/Users/ggcstaff/CarND-Term1-Starter-Kit/CarND-Behavioral-Cloning-P3/dataCW/IMG/left_2017_09_04_12_12_00_352.jpg,/Users/ggcstaff/CarND-Term1-Starter-Kit/CarND-Behavioral-Cloning-P3/dataCW/IMG/right_2017_09_04_12_12_00_352.jpg,0.04436911,1,0,30.19022
/Users/ggcstaff/CarND-Term1-Starter-Kit/CarND-Behavioral-Cloning-P3/dataCW/IMG/center_2017_09_04_12_12_00_423.jpg,/Users/ggcstaff/CarND-Term1-Starter-Kit/CarND-Behavioral-Cloning-P3/dataCW/IMG/left_2017_09_04_12_12_00_423.jpg,/Users/ggcstaff/CarND-Term1-Starter-Kit/CarND-Behavioral-Cloning-P3/dataCW/IMG/right_2017_09_04_12_12_00_423.jpg,0.04436911,1,0,30.19025
/Users/ggcstaff/CarND-Term1-Starter-Kit/CarND-Behavioral-Cloning-P3/dataCW/IMG/center_2017_09_04_12_12_00_493.jpg,/Users/ggcstaff/CarND-Term1-Starter-Kit/CarND-Behavioral-Cloning-P3/dataCW/IMG/left_2017_09_04_12_12_00_493.jpg,/Users/ggcstaff/CarND-Term1-Starter-Kit/CarND-Behavioral-Cloning-P3/dataCW/IMG/right_2017_09_04_12_12_00_493.jpg,0.04436911,1,0,30.19025
/Users/ggcstaff/CarND-Term1-Starter-Kit/CarND-Behavioral-Cloning-P3/dataCW/IMG/center_2017_09_04_12_12_00_561.jpg,/Users/ggcstaff/CarND-Term1-Starter-Kit/CarND-Behavioral-Cloning-P3/dataCW/IMG/left_2017_09_04_12_12_00_561.jpg,/Users/ggcstaff/CarND-Term1-Starter-Kit/CarND-Behavioral-Cloning-P3/dataCW/IMG/right_2017_09_04_12_12_00_561.jpg,0.04436911,1,0,30.19025
/Users/ggcstaff/CarND-Term1-Starter-Kit/CarND-Behavioral-Cloning-P3/dataCW/IMG/center_2017_09_04_12_12_00_629.jpg,/Users/ggcstaff/CarND-Term1-Starter-Kit/CarND-Behavioral-Cloning-P3/dataCW/IMG/left_2017_09_04_12_12_00_629.jpg,/Users/ggcstaff/CarND-Term1-Starter-Kit/CarND-Behavioral-Cloning-P3/dataCW/IMG/right_2017_09_04_12_12_00_629.jpg,0.04436911,1,0,30.19032
/Users/ggcstaff/CarND-Term1-Starter-Kit/CarND-Behavioral-Cloning-P3/dataCW/IMG/center_2017_09_04_12_12_00_699.jpg,/Users/ggcstaff/CarND-Term1-Starter-Kit/CarND-Behavioral-Cloning-P3/dataCW/IMG/left_2017_09_04_12_12_00_699.jpg,/Users/ggcstaff/CarND-Term1-Starter-Kit/CarND-Behavioral-Cloning-P3/dataCW/IMG/right_2017_09_04_12_12_00_699.jpg,0.04436911,1,0,30.1902
/Users/ggcstaff/CarND-Term1-Starter-Kit/CarND-Behavioral-Cloning-P3/dataCW/IMG/center_2017_09_04_12_12_00_770.jpg,/Users/ggcstaff/CarND-Term1-Starter-Kit/CarND-Behavioral-Cloning-P3/dataCW/IMG/left_2017_09_04_12_12_00_770.jpg,/Users/ggcstaff/CarND-Term1-Starter-Kit/CarND-Behavioral-Cloning-P3/dataCW/IMG/right_2017_09_04_12_12_00_770.jpg,0.04436911,1,0,30.19023
/Users/ggcstaff/CarND-Term1-Starter-Kit/CarND-Behavioral-Cloning-P3/dataCW/IMG/center_2017_09_04_12_12_00_836.jpg,/Users/ggcstaff/CarND-Term1-Starter-Kit/CarND-Behavioral-Cloning-P3/dataCW/IMG/left_2017_09_04_12_12_00_836.jpg,/Users/ggcstaff/CarND-Term1-Starter-Kit/CarND-Behavioral-Cloning-P3/dataCW/IMG/right_2017_09_04_12_12_00_836.jpg,0.04436911,1,0,30.19026
/Users/ggcstaff/CarND-Term1-Starter-Kit/CarND-Behavioral-Cloning-P3/dataCW/IMG/center_2017_09_04_12_12_00_921.jpg,/Users/ggcstaff/CarND-Term1-Starter-Kit/CarND-Behavioral-Cloning-P3/dataCW/IMG/left_2017_09_04_12_12_00_921.jpg,/Users/ggcstaff/CarND-Term1-Starter-Kit/CarND-Behavioral-Cloning-P3/dataCW/IMG/right_2017_09_04_12_12_00_921.jpg,0.04436911,1,0,30.19022
/Users/ggcstaff/CarND-Term1-Starter-Kit/CarND-Behavioral-Cloning-P3/dataCW/IMG/center_2017_09_04_12_12_00_989.jpg,/Users/ggcstaff/CarND-Term1-Starter-Kit/CarND-Behavioral-Cloning-P3/dataCW/IMG/left_2017_09_04_12_12_00_989.jpg,/Users/ggcstaff/CarND-Term1-Starter-Kit/CarND-Behavioral-Cloning-P3/dataCW/IMG/right_2017_09_04_12_12_00_989.jpg,0.05092866,1,0,30.19016
/Users/ggcstaff/CarND-Term1-Starter-Kit/CarND-Behavioral-Cloning-P3/dataCW/IMG/center_2017_09_04_12_12_01_065.jpg,/Users/ggcstaff/CarND-Term1-Starter-Kit/CarND-Behavioral-Cloning-P3/dataCW/IMG/left_2017_09_04_12_12_01_065.jpg,/Users/ggcstaff/CarND-Term1-Starter-Kit/CarND-Behavioral-Cloning-P3/dataCW/IMG/right_2017_09_04_12_12_01_065.jpg,0.05748821,1,0,30.19008
/Users/ggcstaff/CarND-Term1-Starter-Kit/CarND-Behavioral-Cloning-P3/dataCW/IMG/center_2017_09_04_12_12_01_133.jpg,/Users/ggcstaff/CarND-Term1-Starter-Kit/CarND-Behavioral-Cloning-P3/dataCW/IMG/left_2017_09_04_12_12_01_133.jpg,/Users/ggcstaff/CarND-Term1-Starter-Kit/CarND-Behavioral-Cloning-P3/dataCW/IMG/right_2017_09_04_12_12_01_133.jpg,0.05748821,1,0,30.19013
/Users/ggcstaff/CarND-Term1-Starter-Kit/CarND-Behavioral-Cloning-P3/dataCW/IMG/center_2017_09_04_12_12_01_201.jpg,/Users/ggcstaff/CarND-Term1-Starter-Kit/CarND-Behavioral-Cloning-P3/dataCW/IMG/left_2017_09_04_12_12_01_201.jpg,/Users/ggcstaff/CarND-Term1-Starter-Kit/CarND-Behavioral-Cloning-P3/dataCW/IMG/right_2017_09_04_12_12_01_201.jpg,0.03346109,1,0,30.19041
/Users/ggcstaff/CarND-Term1-Starter-Kit/CarND-Behavioral-Cloning-P3/dataCW/IMG/center_2017_09_04_12_12_01_270.jpg,/Users/ggcstaff/CarND-Term1-Starter-Kit/CarND-Behavioral-Cloning-P3/dataCW/IMG/left_2017_09_04_12_12_01_270.jpg,/Users/ggcstaff/CarND-Term1-Starter-Kit/CarND-Behavioral-Cloning-P3/dataCW/IMG/right_2017_09_04_12_12_01_270.jpg,0.02682783,1,0,30.19037
/Users/ggcstaff/CarND-Term1-Starter-Kit/CarND-Behavioral-Cloning-P3/dataCW/IMG/center_2017_09_04_12_12_01_341.jpg,/Users/ggcstaff/CarND-Term1-Starter-Kit/CarND-Behavioral-Cloning-P3/dataCW/IMG/left_2017_09_04_12_12_01_341.jpg,/Users/ggcstaff/CarND-Term1-Starter-Kit/CarND-Behavioral-Cloning-P3/dataCW/IMG/right_2017_09_04_12_12_01_341.jpg,0.02682783,1,0,30.19031
/Users/ggcstaff/CarND-Term1-Starter-Kit/CarND-Behavioral-Cloning-P3/dataCW/IMG/center_2017_09_04_12_12_01_411.jpg,/Users/ggcstaff/CarND-Term1-Starter-Kit/CarND-Behavioral-Cloning-P3/dataCW/IMG/left_2017_09_04_12_12_01_411.jpg,/Users/ggcstaff/CarND-Term1-Starter-Kit/CarND-Behavioral-Cloning-P3/dataCW/IMG/right_2017_09_04_12_12_01_411.jpg,0.02682783,1,0,30.19003
/Users/ggcstaff/CarND-Term1-Starter-Kit/CarND-Behavioral-Cloning-P3/dataCW/IMG/center_2017_09_04_12_12_01_479.jpg,/Users/ggcstaff/CarND-Term1-Starter-Kit/CarND-Behavioral-Cloning-P3/dataCW/IMG/left_2017_09_04_12_12_01_479.jpg,/Users/ggcstaff/CarND-Term1-Starter-Kit/CarND-Behavioral-Cloning-P3/dataCW/IMG/right_2017_09_04_12_12_01_479.jpg,0.02682783,1,0,30.19031
/Users/ggcstaff/CarND-Term1-Starter-Kit/CarND-Behavioral-Cloning-P3/dataCW/IMG/center_2017_09_04_12_12_01_547.jpg,/Users/ggcstaff/CarND-Term1-Starter-Kit/CarND-Behavioral-Cloning-P3/dataCW/IMG/left_2017_09_04_12_12_01_547.jpg,/Users/ggcstaff/CarND-Term1-Starter-Kit/CarND-Behavioral-Cloning-P3/dataCW/IMG/right_2017_09_04_12_12_01_547.jpg,0.02682783,1,0,30.1903
/Users/ggcstaff/CarND-Term1-Starter-Kit/CarND-Behavioral-Cloning-P3/dataCW/IMG/center_2017_09_04_12_12_01_617.jpg,/Users/ggcstaff/CarND-Term1-Starter-Kit/CarND-Behavioral-Cloning-P3/dataCW/IMG/left_2017_09_04_12_12_01_617.jpg,/Users/ggcstaff/CarND-Term1-Starter-Kit/CarND-Behavioral-Cloning-P3/dataCW/IMG/right_2017_09_04_12_12_01_617.jpg,0.02682783,1,0,30.19028
/Users/ggcstaff/CarND-Term1-Starter-Kit/CarND-Behavioral-Cloning-P3/dataCW/IMG/center_2017_09_04_12_12_01_685.jpg,/Users/ggcstaff/CarND-Term1-Starter-Kit/CarND-Behavioral-Cloning-P3/dataCW/IMG/left_2017_09_04_12_12_01_685.jpg,/Users/ggcstaff/CarND-Term1-Starter-Kit/CarND-Behavioral-Cloning-P3/dataCW/IMG/right_2017_09_04_12_12_01_685.jpg,0.02682783,1,0,30.19029
/Users/ggcstaff/CarND-Term1-Starter-Kit/CarND-Behavioral-Cloning-P3/dataCW/IMG/center_2017_09_04_12_12_01_752.jpg,/Users/ggcstaff/CarND-Term1-Starter-Kit/CarND-Behavioral-Cloning-P3/dataCW/IMG/left_2017_09_04_12_12_01_752.jpg,/Users/ggcstaff/CarND-Term1-Starter-Kit/CarND-Behavioral-Cloning-P3/dataCW/IMG/right_2017_09_04_12_12_01_752.jpg,0.02682783,1,0,30.1903
/Users/ggcstaff/CarND-Term1-Starter-Kit/CarND-Behavioral-Cloning-P3/dataCW/IMG/center_2017_09_04_12_12_01_820.jpg,/Users/ggcstaff/CarND-Term1-Starter-Kit/CarND-Behavioral-Cloning-P3/dataCW/IMG/left_2017_09_04_12_12_01_820.jpg,/Users/ggcstaff/CarND-Term1-Starter-Kit/CarND-Behavioral-Cloning-P3/dataCW/IMG/right_2017_09_04_12_12_01_820.jpg,0.02682783,1,0,30.19029
/Users/ggcstaff/CarND-Term1-Starter-Kit/CarND-Behavioral-Cloning-P3/dataCW/IMG/center_2017_09_04_12_12_01_891.jpg,/Users/ggcstaff/CarND-Term1-Starter-Kit/CarND-Behavioral-Cloning-P3/dataCW/IMG/left_2017_09_04_12_12_01_891.jpg,/Users/ggcstaff/CarND-Term1-Starter-Kit/CarND-Behavioral-Cloning-P3/dataCW/IMG/right_2017_09_04_12_12_01_891.jpg,0.02682783,1,0,30.19028
/Users/ggcstaff/CarND-Term1-Starter-Kit/CarND-Behavioral-Cloning-P3/dataCW/IMG/center_2017_09_04_12_12_01_959.jpg,/Users/ggcstaff/CarND-Term1-Starter-Kit/CarND-Behavioral-Cloning-P3/dataCW/IMG/left_2017_09_04_12_12_01_959.jpg,/Users/ggcstaff/CarND-Term1-Starter-Kit/CarND-Behavioral-Cloning-P3/dataCW/IMG/right_2017_09_04_12_12_01_959.jpg,0.02682783,1,0,30.19029
/Users/ggcstaff/CarND-Term1-Starter-Kit/CarND-Behavioral-Cloning-P3/dataCW/IMG/center_2017_09_04_12_12_02_029.jpg,/Users/ggcstaff/CarND-Term1-Starter-Kit/CarND-Behavioral-Cloning-P3/dataCW/IMG/left_2017_09_04_12_12_02_029.jpg,/Users/ggcstaff/CarND-Term1-Starter-Kit/CarND-Behavioral-Cloning-P3/dataCW/IMG/right_2017_09_04_12_12_02_029.jpg,0.02682783,1,0,30.19032
/Users/ggcstaff/CarND-Term1-Starter-Kit/CarND-Behavioral-Cloning-P3/dataCW/IMG/center_2017_09_04_12_12_02_096.jpg,/Users/ggcstaff/CarND-Term1-Starter-Kit/CarND-Behavioral-Cloning-P3/dataCW/IMG/left_2017_09_04_12_12_02_096.jpg,/Users/ggcstaff/CarND-Term1-Starter-Kit/CarND-Behavioral-Cloning-P3/dataCW/IMG/right_2017_09_04_12_12_02_096.jpg,0.02682783,1,0,30.19026
/Users/ggcstaff/CarND-Term1-Starter-Kit/CarND-Behavioral-Cloning-P3/dataCW/IMG/center_2017_09_04_12_12_02_167.jpg,/Users/ggcstaff/CarND-Term1-Starter-Kit/CarND-Behavioral-Cloning-P3/dataCW/IMG/left_2017_09_04_12_12_02_167.jpg,/Users/ggcstaff/CarND-Term1-Starter-Kit/CarND-Behavioral-Cloning-P3/dataCW/IMG/right_2017_09_04_12_12_02_167.jpg,0.02682783,1,0,30.19031
/Users/ggcstaff/CarND-Term1-Starter-Kit/CarND-Behavioral-Cloning-P3/dataCW/IMG/center_2017_09_04_12_12_02_233.jpg,/Users/ggcstaff/CarND-Term1-Starter-Kit/CarND-Behavioral-Cloning-P3/dataCW/IMG/left_2017_09_04_12_12_02_233.jpg,/Users/ggcstaff/CarND-Term1-Starter-Kit/CarND-Behavioral-Cloning-P3/dataCW/IMG/right_2017_09_04_12_12_02_233.jpg,0.02682783,1,0,30.19025
/Users/ggcstaff/CarND-Term1-Starter-Kit/CarND-Behavioral-Cloning-P3/dataCW/IMG/center_2017_09_04_12_12_02_303.jpg,/Users/ggcstaff/CarND-Term1-Starter-Kit/CarND-Behavioral-Cloning-P3/dataCW/IMG/left_2017_09_04_12_12_02_303.jpg,/Users/ggcstaff/CarND-Term1-Starter-Kit/CarND-Behavioral-Cloning-P3/dataCW/IMG/right_2017_09_04_12_12_02_303.jpg,0.02682783,1,0,30.19026
/Users/ggcstaff/CarND-Term1-Starter-Kit/CarND-Behavioral-Cloning-P3/dataCW/IMG/center_2017_09_04_12_12_02_372.jpg,/Users/ggcstaff/CarND-Term1-Starter-Kit/CarND-Behavioral-Cloning-P3/dataCW/IMG/left_2017_09_04_12_12_02_372.jpg,/Users/ggcstaff/CarND-Term1-Starter-Kit/CarND-Behavioral-Cloning-P3/dataCW/IMG/right_2017_09_04_12_12_02_372.jpg,0.02682783,1,0,30.19029
/Users/ggcstaff/CarND-Term1-Starter-Kit/CarND-Behavioral-Cloning-P3/dataCW/IMG/center_2017_09_04_12_12_02_439.jpg,/Users/ggcstaff/CarND-Term1-Starter-Kit/CarND-Behavioral-Cloning-P3/dataCW/IMG/left_2017_09_04_12_12_02_439.jpg,/Users/ggcstaff/CarND-Term1-Starter-Kit/CarND-Behavioral-Cloning-P3/dataCW/IMG/right_2017_09_04_12_12_02_439.jpg,0.02682783,1,0,30.19031
/Users/ggcstaff/CarND-Term1-Starter-Kit/CarND-Behavioral-Cloning-P3/dataCW/IMG/center_2017_09_04_12_12_02_507.jpg,/Users/ggcstaff/CarND-Term1-Starter-Kit/CarND-Behavioral-Cloning-P3/dataCW/IMG/left_2017_09_04_12_12_02_507.jpg,/Users/ggcstaff/CarND-Term1-Starter-Kit/CarND-Behavioral-Cloning-P3/dataCW/IMG/right_2017_09_04_12_12_02_507.jpg,0.02682783,1,0,30.19024
/Users/ggcstaff/CarND-Term1-Starter-Kit/CarND-Behavioral-Cloning-P3/dataCW/IMG/center_2017_09_04_12_12_02_577.jpg,/Users/ggcstaff/CarND-Term1-Starter-Kit/CarND-Behavioral-Cloning-P3/dataCW/IMG/left_2017_09_04_12_12_02_577.jpg,/Users/ggcstaff/CarND-Term1-Starter-Kit/CarND-Behavioral-Cloning-P3/dataCW/IMG/right_2017_09_04_12_12_02_577.jpg,0.02682783,1,0,30.19027
/Users/ggcstaff/CarND-Term1-Starter-Kit/CarND-Behavioral-Cloning-P3/dataCW/IMG/center_2017_09_04_12_12_02_647.jpg,/Users/ggcstaff/CarND-Term1-Starter-Kit/CarND-Behavioral-Cloning-P3/dataCW/IMG/left_2017_09_04_12_12_02_647.jpg,/Users/ggcstaff/CarND-Term1-Starter-Kit/CarND-Behavioral-Cloning-P3/dataCW/IMG/right_2017_09_04_12_12_02_647.jpg,0.02682783,1,0,30.18998
/Users/ggcstaff/CarND-Term1-Starter-Kit/CarND-Behavioral-Cloning-P3/dataCW/IMG/center_2017_09_04_12_12_02_715.jpg,/Users/ggcstaff/CarND-Term1-Starter-Kit/CarND-Behavioral-Cloning-P3/dataCW/IMG/left_2017_09_04_12_12_02_715.jpg,/Users/ggcstaff/CarND-Term1-Starter-Kit/CarND-Behavioral-Cloning-P3/dataCW/IMG/right_2017_09_04_12_12_02_715.jpg,0.02682783,1,0,30.19032
/Users/ggcstaff/CarND-Term1-Starter-Kit/CarND-Behavioral-Cloning-P3/dataCW/IMG/center_2017_09_04_12_12_02_784.jpg,/Users/ggcstaff/CarND-Term1-Starter-Kit/CarND-Behavioral-Cloning-P3/dataCW/IMG/left_2017_09_04_12_12_02_784.jpg,/Users/ggcstaff/CarND-Term1-Starter-Kit/CarND-Behavioral-Cloning-P3/dataCW/IMG/right_2017_09_04_12_12_02_784.jpg,0.01687795,1,0,30.1903
/Users/ggcstaff/CarND-Term1-Starter-Kit/CarND-Behavioral-Cloning-P3/dataCW/IMG/center_2017_09_04_12_12_02_854.jpg,/Users/ggcstaff/CarND-Term1-Starter-Kit/CarND-Behavioral-Cloning-P3/dataCW/IMG/left_2017_09_04_12_12_02_854.jpg,/Users/ggcstaff/CarND-Term1-Starter-Kit/CarND-Behavioral-Cloning-P3/dataCW/IMG/right_2017_09_04_12_12_02_854.jpg,0.003611439,1,0,30.19007
/Users/ggcstaff/CarND-Term1-Starter-Kit/CarND-Behavioral-Cloning-P3/dataCW/IMG/center_2017_09_04_12_12_02_924.jpg,/Users/ggcstaff/CarND-Term1-Starter-Kit/CarND-Behavioral-Cloning-P3/dataCW/IMG/left_2017_09_04_12_12_02_924.jpg,/Users/ggcstaff/CarND-Term1-Starter-Kit/CarND-Behavioral-Cloning-P3/dataCW/IMG/right_2017_09_04_12_12_02_924.jpg,0.0002948113,1,0,30.1903
/Users/ggcstaff/CarND-Term1-Starter-Kit/CarND-Behavioral-Cloning-P3/dataCW/IMG/center_2017_09_04_12_12_03_002.jpg,/Users/ggcstaff/CarND-Term1-Starter-Kit/CarND-Behavioral-Cloning-P3/dataCW/IMG/left_2017_09_04_12_12_03_002.jpg,/Users/ggcstaff/CarND-Term1-Starter-Kit/CarND-Behavioral-Cloning-P3/dataCW/IMG/right_2017_09_04_12_12_03_002.jpg,0.0002948113,1,0,30.19028
/Users/ggcstaff/CarND-Term1-Starter-Kit/CarND-Behavioral-Cloning-P3/dataCW/IMG/center_2017_09_04_12_12_03_070.jpg,/Users/ggcstaff/CarND-Term1-Starter-Kit/CarND-Behavioral-Cloning-P3/dataCW/IMG/left_2017_09_04_12_12_03_070.jpg,/Users/ggcstaff/CarND-Term1-Starter-Kit/CarND-Behavioral-Cloning-P3/dataCW/IMG/right_2017_09_04_12_12_03_070.jpg,0.0002948113,1,0,30.19028
/Users/ggcstaff/CarND-Term1-Starter-Kit/CarND-Behavioral-Cloning-P3/dataCW/IMG/center_2017_09_04_12_12_03_149.jpg,/Users/ggcstaff/CarND-Term1-Starter-Kit/CarND-Behavioral-Cloning-P3/dataCW/IMG/left_2017_09_04_12_12_03_149.jpg,/Users/ggcstaff/CarND-Term1-Starter-Kit/CarND-Behavioral-Cloning-P3/dataCW/IMG/right_2017_09_04_12_12_03_149.jpg,0.0002948113,1,0,30.19029
/Users/ggcstaff/CarND-Term1-Starter-Kit/CarND-Behavioral-Cloning-P3/dataCW/IMG/center_2017_09_04_12_12_03_219.jpg,/Users/ggcstaff/CarND-Term1-Starter-Kit/CarND-Behavioral-Cloning-P3/dataCW/IMG/left_2017_09_04_12_12_03_219.jpg,/Users/ggcstaff/CarND-Term1-Starter-Kit/CarND-Behavioral-Cloning-P3/dataCW/IMG/right_2017_09_04_12_12_03_219.jpg,0.0002948113,1,0,30.19033
/Users/ggcstaff/CarND-Term1-Starter-Kit/CarND-Behavioral-Cloning-P3/dataCW/IMG/center_2017_09_04_12_12_03_289.jpg,/Users/ggcstaff/CarND-Term1-Starter-Kit/CarND-Behavioral-Cloning-P3/dataCW/IMG/left_2017_09_04_12_12_03_289.jpg,/Users/ggcstaff/CarND-Term1-Starter-Kit/CarND-Behavioral-Cloning-P3/dataCW/IMG/right_2017_09_04_12_12_03_289.jpg,0.0002948113,1,0,30.19029
/Users/ggcstaff/CarND-Term1-Starter-Kit/CarND-Behavioral-Cloning-P3/dataCW/IMG/center_2017_09_04_12_12_03_358.jpg,/Users/ggcstaff/CarND-Term1-Starter-Kit/CarND-Behavioral-Cloning-P3/dataCW/IMG/left_2017_09_04_12_12_03_358.jpg,/Users/ggcstaff/CarND-Term1-Starter-Kit/CarND-Behavioral-Cloning-P3/dataCW/IMG/right_2017_09_04_12_12_03_358.jpg,0.0002948113,1,0,30.19029
/Users/ggcstaff/CarND-Term1-Starter-Kit/CarND-Behavioral-Cloning-P3/dataCW/IMG/center_2017_09_04_12_12_03_426.jpg,/Users/ggcstaff/CarND-Term1-Starter-Kit/CarND-Behavioral-Cloning-P3/dataCW/IMG/left_2017_09_04_12_12_03_426.jpg,/Users/ggcstaff/CarND-Term1-Starter-Kit/CarND-Behavioral-Cloning-P3/dataCW/IMG/right_2017_09_04_12_12_03_426.jpg,0.0002948113,1,0,30.19031
/Users/ggcstaff/CarND-Term1-Starter-Kit/CarND-Behavioral-Cloning-P3/dataCW/IMG/center_2017_09_04_12_12_03_501.jpg,/Users/ggcstaff/CarND-Term1-Starter-Kit/CarND-Behavioral-Cloning-P3/dataCW/IMG/left_2017_09_04_12_12_03_501.jpg,/Users/ggcstaff/CarND-Term1-Starter-Kit/CarND-Behavioral-Cloning-P3/dataCW/IMG/right_2017_09_04_12_12_03_501.jpg,0.0002948113,1,0,30.19032
/Users/ggcstaff/CarND-Term1-Starter-Kit/CarND-Behavioral-Cloning-P3/dataCW/IMG/center_2017_09_04_12_12_03_569.jpg,/Users/ggcstaff/CarND-Term1-Starter-Kit/CarND-Behavioral-Cloning-P3/dataCW/IMG/left_2017_09_04_12_12_03_569.jpg,/Users/ggcstaff/CarND-Term1-Starter-Kit/CarND-Behavioral-Cloning-P3/dataCW/IMG/right_2017_09_04_12_12_03_569.jpg,0.0002948113,1,0,30.19032
/Users/ggcstaff/CarND-Term1-Starter-Kit/CarND-Behavioral-Cloning-P3/dataCW/IMG/center_2017_09_04_12_12_03_637.jpg,/Users/ggcstaff/CarND-Term1-Starter-Kit/CarND-Behavioral-Cloning-P3/dataCW/IMG/left_2017_09_04_12_12_03_637.jpg,/Users/ggcstaff/CarND-Term1-Starter-Kit/CarND-Behavioral-Cloning-P3/dataCW/IMG/right_2017_09_04_12_12_03_637.jpg,0.0002948113,1,0,30.19026
/Users/ggcstaff/CarND-Term1-Starter-Kit/CarND-Behavioral-Cloning-P3/dataCW/IMG/center_2017_09_04_12_12_03_704.jpg,/Users/ggcstaff/CarND-Term1-Starter-Kit/CarND-Behavioral-Cloning-P3/dataCW/IMG/left_2017_09_04_12_12_03_704.jpg,/Users/ggcstaff/CarND-Term1-Starter-Kit/CarND-Behavioral-Cloning-P3/dataCW/IMG/right_2017_09_04_12_12_03_704.jpg,0.0002948113,1,0,30.19031
/Users/ggcstaff/CarND-Term1-Starter-Kit/CarND-Behavioral-Cloning-P3/dataCW/IMG/center_2017_09_04_12_12_03_771.jpg,/Users/ggcstaff/CarND-Term1-Starter-Kit/CarND-Behavioral-Cloning-P3/dataCW/IMG/left_2017_09_04_12_12_03_771.jpg,/Users/ggcstaff/CarND-Term1-Starter-Kit/CarND-Behavioral-Cloning-P3/dataCW/IMG/right_2017_09_04_12_12_03_771.jpg,0.0002948113,1,0,30.19032
/Users/ggcstaff/CarND-Term1-Starter-Kit/CarND-Behavioral-Cloning-P3/dataCW/IMG/center_2017_09_04_12_12_03_841.jpg,/Users/ggcstaff/CarND-Term1-Starter-Kit/CarND-Behavioral-Cloning-P3/dataCW/IMG/left_2017_09_04_12_12_03_841.jpg,/Users/ggcstaff/CarND-Term1-Starter-Kit/CarND-Behavioral-Cloning-P3/dataCW/IMG/right_2017_09_04_12_12_03_841.jpg,0.003574587,1,0,30.1903
/Users/ggcstaff/CarND-Term1-Starter-Kit/CarND-Behavioral-Cloning-P3/dataCW/IMG/center_2017_09_04_12_12_03_908.jpg,/Users/ggcstaff/CarND-Term1-Starter-Kit/CarND-Behavioral-Cloning-P3/dataCW/IMG/left_2017_09_04_12_12_03_908.jpg,/Users/ggcstaff/CarND-Term1-Starter-Kit/CarND-Behavioral-Cloning-P3/dataCW/IMG/right_2017_09_04_12_12_03_908.jpg,0.01997347,1,0,30.19007
/Users/ggcstaff/CarND-Term1-Starter-Kit/CarND-Behavioral-Cloning-P3/dataCW/IMG/center_2017_09_04_12_12_03_976.jpg,/Users/ggcstaff/CarND-Term1-Starter-Kit/CarND-Behavioral-Cloning-P3/dataCW/IMG/left_2017_09_04_12_12_03_976.jpg,/Users/ggcstaff/CarND-Term1-Starter-Kit/CarND-Behavioral-Cloning-P3/dataCW/IMG/right_2017_09_04_12_12_03_976.jpg,0.01997347,1,0,30.19025
/Users/ggcstaff/CarND-Term1-Starter-Kit/CarND-Behavioral-Cloning-P3/dataCW/IMG/center_2017_09_04_12_12_04_047.jpg,/Users/ggcstaff/CarND-Term1-Starter-Kit/CarND-Behavioral-Cloning-P3/dataCW/IMG/left_2017_09_04_12_12_04_047.jpg,/Users/ggcstaff/CarND-Term1-Starter-Kit/CarND-Behavioral-Cloning-P3/dataCW/IMG/right_2017_09_04_12_12_04_047.jpg,0.01997347,1,0,30.19023
/Users/ggcstaff/CarND-Term1-Starter-Kit/CarND-Behavioral-Cloning-P3/dataCW/IMG/center_2017_09_04_12_12_04_120.jpg,/Users/ggcstaff/CarND-Term1-Starter-Kit/CarND-Behavioral-Cloning-P3/dataCW/IMG/left_2017_09_04_12_12_04_120.jpg,/Users/ggcstaff/CarND-Term1-Starter-Kit/CarND-Behavioral-Cloning-P3/dataCW/IMG/right_2017_09_04_12_12_04_120.jpg,0.01997347,1,0,30.19011
/Users/ggcstaff/CarND-Term1-Starter-Kit/CarND-Behavioral-Cloning-P3/dataCW/IMG/center_2017_09_04_12_12_04_191.jpg,/Users/ggcstaff/CarND-Term1-Starter-Kit/CarND-Behavioral-Cloning-P3/dataCW/IMG/left_2017_09_04_12_12_04_191.jpg,/Users/ggcstaff/CarND-Term1-Starter-Kit/CarND-Behavioral-Cloning-P3/dataCW/IMG/right_2017_09_04_12_12_04_191.jpg,0.01997347,1,0,30.1903
/Users/ggcstaff/CarND-Term1-Starter-Kit/CarND-Behavioral-Cloning-P3/dataCW/IMG/center_2017_09_04_12_12_04_259.jpg,/Users/ggcstaff/CarND-Term1-Starter-Kit/CarND-Behavioral-Cloning-P3/dataCW/IMG/left_2017_09_04_12_12_04_259.jpg,/Users/ggcstaff/CarND-Term1-Starter-Kit/CarND-Behavioral-Cloning-P3/dataCW/IMG/right_2017_09_04_12_12_04_259.jpg,0.01997347,1,0,30.19028
/Users/ggcstaff/CarND-Term1-Starter-Kit/CarND-Behavioral-Cloning-P3/dataCW/IMG/center_2017_09_04_12_12_04_328.jpg,/Users/ggcstaff/CarND-Term1-Starter-Kit/CarND-Behavioral-Cloning-P3/dataCW/IMG/left_2017_09_04_12_12_04_328.jpg,/Users/ggcstaff/CarND-Term1-Starter-Kit/CarND-Behavioral-Cloning-P3/dataCW/IMG/right_2017_09_04_12_12_04_328.jpg,0.02325324,1,0,30.19027
/Users/ggcstaff/CarND-Term1-Starter-Kit/CarND-Behavioral-Cloning-P3/dataCW/IMG/center_2017_09_04_12_12_04_396.jpg,/Users/ggcstaff/CarND-Term1-Starter-Kit/CarND-Behavioral-Cloning-P3/dataCW/IMG/left_2017_09_04_12_12_04_396.jpg,/Users/ggcstaff/CarND-Term1-Starter-Kit/CarND-Behavioral-Cloning-P3/dataCW/IMG/right_2017_09_04_12_12_04_396.jpg,0.03965212,1,0,30.19013
/Users/ggcstaff/CarND-Term1-Starter-Kit/CarND-Behavioral-Cloning-P3/dataCW/IMG/center_2017_09_04_12_12_04_466.jpg,/Users/ggcstaff/CarND-Term1-Starter-Kit/CarND-Behavioral-Cloning-P3/dataCW/IMG/left_2017_09_04_12_12_04_466.jpg,/Users/ggcstaff/CarND-Term1-Starter-Kit/CarND-Behavioral-Cloning-P3/dataCW/IMG/right_2017_09_04_12_12_04_466.jpg,0.03965212,1,0,30.19016
/Users/ggcstaff/CarND-Term1-Starter-Kit/CarND-Behavioral-Cloning-P3/dataCW/IMG/center_2017_09_04_12_12_04_536.jpg,/Users/ggcstaff/CarND-Term1-Starter-Kit/CarND-Behavioral-Cloning-P3/dataCW/IMG/left_2017_09_04_12_12_04_536.jpg,/Users/ggcstaff/CarND-Term1-Starter-Kit/CarND-Behavioral-Cloning-P3/dataCW/IMG/right_2017_09_04_12_12_04_536.jpg,0.03965212,1,0,30.19022
/Users/ggcstaff/CarND-Term1-Starter-Kit/CarND-Behavioral-Cloning-P3/dataCW/IMG/center_2017_09_04_12_12_04_608.jpg,/Users/ggcstaff/CarND-Term1-Starter-Kit/CarND-Behavioral-Cloning-P3/dataCW/IMG/left_2017_09_04_12_12_04_608.jpg,/Users/ggcstaff/CarND-Term1-Starter-Kit/CarND-Behavioral-Cloning-P3/dataCW/IMG/right_2017_09_04_12_12_04_608.jpg,0.03965212,1,0,30.19022
/Users/ggcstaff/CarND-Term1-Starter-Kit/CarND-Behavioral-Cloning-P3/dataCW/IMG/center_2017_09_04_12_12_04_681.jpg,/Users/ggcstaff/CarND-Term1-Starter-Kit/CarND-Behavioral-Cloning-P3/dataCW/IMG/left_2017_09_04_12_12_04_681.jpg,/Users/ggcstaff/CarND-Term1-Starter-Kit/CarND-Behavioral-Cloning-P3/dataCW/IMG/right_2017_09_04_12_12_04_681.jpg,0.03965212,1,0,30.19024
/Users/ggcstaff/CarND-Term1-Starter-Kit/CarND-Behavioral-Cloning-P3/dataCW/IMG/center_2017_09_04_12_12_04_749.jpg,/Users/ggcstaff/CarND-Term1-Starter-Kit/CarND-Behavioral-Cloning-P3/dataCW/IMG/left_2017_09_04_12_12_04_749.jpg,/Users/ggcstaff/CarND-Term1-Starter-Kit/CarND-Behavioral-Cloning-P3/dataCW/IMG/right_2017_09_04_12_12_04_749.jpg,0.03965212,1,0,30.19025
/Users/ggcstaff/CarND-Term1-Starter-Kit/CarND-Behavioral-Cloning-P3/dataCW/IMG/center_2017_09_04_12_12_04_818.jpg,/Users/ggcstaff/CarND-Term1-Starter-Kit/CarND-Behavioral-Cloning-P3/dataCW/IMG/left_2017_09_04_12_12_04_818.jpg,/Users/ggcstaff/CarND-Term1-Starter-Kit/CarND-Behavioral-Cloning-P3/dataCW/IMG/right_2017_09_04_12_12_04_818.jpg,0.03965212,1,0,30.19022
/Users/ggcstaff/CarND-Term1-Starter-Kit/CarND-Behavioral-Cloning-P3/dataCW/IMG/center_2017_09_04_12_12_04_891.jpg,/Users/ggcstaff/CarND-Term1-Starter-Kit/CarND-Behavioral-Cloning-P3/dataCW/IMG/left_2017_09_04_12_12_04_891.jpg,/Users/ggcstaff/CarND-Term1-Starter-Kit/CarND-Behavioral-Cloning-P3/dataCW/IMG/right_2017_09_04_12_12_04_891.jpg,0.03965212,1,0,30.19025
/Users/ggcstaff/CarND-Term1-Starter-Kit/CarND-Behavioral-Cloning-P3/dataCW/IMG/center_2017_09_04_12_12_04_958.jpg,/Users/ggcstaff/CarND-Term1-Starter-Kit/CarND-Behavioral-Cloning-P3/dataCW/IMG/left_2017_09_04_12_12_04_958.jpg,/Users/ggcstaff/CarND-Term1-Starter-Kit/CarND-Behavioral-Cloning-P3/dataCW/IMG/right_2017_09_04_12_12_04_958.jpg,0.03965212,1,0,30.19029
/Users/ggcstaff/CarND-Term1-Starter-Kit/CarND-Behavioral-Cloning-P3/dataCW/IMG/center_2017_09_04_12_12_05_029.jpg,/Users/ggcstaff/CarND-Term1-Starter-Kit/CarND-Behavioral-Cloning-P3/dataCW/IMG/left_2017_09_04_12_12_05_029.jpg,/Users/ggcstaff/CarND-Term1-Starter-Kit/CarND-Behavioral-Cloning-P3/dataCW/IMG/right_2017_09_04_12_12_05_029.jpg,0.03965212,1,0,30.19024
/Users/ggcstaff/CarND-Term1-Starter-Kit/CarND-Behavioral-Cloning-P3/dataCW/IMG/center_2017_09_04_12_12_05_097.jpg,/Users/ggcstaff/CarND-Term1-Starter-Kit/CarND-Behavioral-Cloning-P3/dataCW/IMG/left_2017_09_04_12_12_05_097.jpg,/Users/ggcstaff/CarND-Term1-Starter-Kit/CarND-Behavioral-Cloning-P3/dataCW/IMG/right_2017_09_04_12_12_05_097.jpg,0.03965212,1,0,30.19027
/Users/ggcstaff/CarND-Term1-Starter-Kit/CarND-Behavioral-Cloning-P3/dataCW/IMG/center_2017_09_04_12_12_05_165.jpg,/Users/ggcstaff/CarND-Term1-Starter-Kit/CarND-Behavioral-Cloning-P3/dataCW/IMG/left_2017_09_04_12_12_05_165.jpg,/Users/ggcstaff/CarND-Term1-Starter-Kit/CarND-Behavioral-Cloning-P3/dataCW/IMG/right_2017_09_04_12_12_05_165.jpg,0.03965212,1,0,30.19032
/Users/ggcstaff/CarND-Term1-Starter-Kit/CarND-Behavioral-Cloning-P3/dataCW/IMG/center_2017_09_04_12_12_05_238.jpg,/Users/ggcstaff/CarND-Term1-Starter-Kit/CarND-Behavioral-Cloning-P3/dataCW/IMG/left_2017_09_04_12_12_05_238.jpg,/Users/ggcstaff/CarND-Term1-Starter-Kit/CarND-Behavioral-Cloning-P3/dataCW/IMG/right_2017_09_04_12_12_05_238.jpg,0.03301887,1,0,30.19038
/Users/ggcstaff/CarND-Term1-Starter-Kit/CarND-Behavioral-Cloning-P3/dataCW/IMG/center_2017_09_04_12_12_05_305.jpg,/Users/ggcstaff/CarND-Term1-Starter-Kit/CarND-Behavioral-Cloning-P3/dataCW/IMG/left_2017_09_04_12_12_05_305.jpg,/Users/ggcstaff/CarND-Term1-Starter-Kit/CarND-Behavioral-Cloning-P3/dataCW/IMG/right_2017_09_04_12_12_05_305.jpg,0.01975236,1,0,30.19033
/Users/ggcstaff/CarND-Term1-Starter-Kit/CarND-Behavioral-Cloning-P3/dataCW/IMG/center_2017_09_04_12_12_05_379.jpg,/Users/ggcstaff/CarND-Term1-Starter-Kit/CarND-Behavioral-Cloning-P3/dataCW/IMG/left_2017_09_04_12_12_05_379.jpg,/Users/ggcstaff/CarND-Term1-Starter-Kit/CarND-Behavioral-Cloning-P3/dataCW/IMG/right_2017_09_04_12_12_05_379.jpg,0.01643573,1,0,30.1903
/Users/ggcstaff/CarND-Term1-Starter-Kit/CarND-Behavioral-Cloning-P3/dataCW/IMG/center_2017_09_04_12_12_05_448.jpg,/Users/ggcstaff/CarND-Term1-Starter-Kit/CarND-Behavioral-Cloning-P3/dataCW/IMG/left_2017_09_04_12_12_05_448.jpg,/Users/ggcstaff/CarND-Term1-Starter-Kit/CarND-Behavioral-Cloning-P3/dataCW/IMG/right_2017_09_04_12_12_05_448.jpg,0.0131191,1,0,30.19038
/Users/ggcstaff/CarND-Term1-Starter-Kit/CarND-Behavioral-Cloning-P3/dataCW/IMG/center_2017_09_04_12_12_05_518.jpg,/Users/ggcstaff/CarND-Term1-Starter-Kit/CarND-Behavioral-Cloning-P3/dataCW/IMG/left_2017_09_04_12_12_05_518.jpg,/Users/ggcstaff/CarND-Term1-Starter-Kit/CarND-Behavioral-Cloning-P3/dataCW/IMG/right_2017_09_04_12_12_05_518.jpg,0.0131191,1,0,30.19032
/Users/ggcstaff/CarND-Term1-Starter-Kit/CarND-Behavioral-Cloning-P3/dataCW/IMG/center_2017_09_04_12_12_05_588.jpg,/Users/ggcstaff/CarND-Term1-Starter-Kit/CarND-Behavioral-Cloning-P3/dataCW/IMG/left_2017_09_04_12_12_05_588.jpg,/Users/ggcstaff/CarND-Term1-Starter-Kit/CarND-Behavioral-Cloning-P3/dataCW/IMG/right_2017_09_04_12_12_05_588.jpg,0.0131191,1,0,30.19029
/Users/ggcstaff/CarND-Term1-Starter-Kit/CarND-Behavioral-Cloning-P3/dataCW/IMG/center_2017_09_04_12_12_05_658.jpg,/Users/ggcstaff/CarND-Term1-Starter-Kit/CarND-Behavioral-Cloning-P3/dataCW/IMG/left_2017_09_04_12_12_05_658.jpg,/Users/ggcstaff/CarND-Term1-Starter-Kit/CarND-Behavioral-Cloning-P3/dataCW/IMG/right_2017_09_04_12_12_05_658.jpg,0.0131191,1,0,30.19028
/Users/ggcstaff/CarND-Term1-Starter-Kit/CarND-Behavioral-Cloning-P3/dataCW/IMG/center_2017_09_04_12_12_05_735.jpg,/Users/ggcstaff/CarND-Term1-Starter-Kit/CarND-Behavioral-Cloning-P3/dataCW/IMG/left_2017_09_04_12_12_05_735.jpg,/Users/ggcstaff/CarND-Term1-Starter-Kit/CarND-Behavioral-Cloning-P3/dataCW/IMG/right_2017_09_04_12_12_05_735.jpg,0.0131191,1,0,30.19028
/Users/ggcstaff/CarND-Term1-Starter-Kit/CarND-Behavioral-Cloning-P3/dataCW/IMG/center_2017_09_04_12_12_05_806.jpg,/Users/ggcstaff/CarND-Term1-Starter-Kit/CarND-Behavioral-Cloning-P3/dataCW/IMG/left_2017_09_04_12_12_05_806.jpg,/Users/ggcstaff/CarND-Term1-Starter-Kit/CarND-Behavioral-Cloning-P3/dataCW/IMG/right_2017_09_04_12_12_05_806.jpg,0.0131191,1,0,30.19032
/Users/ggcstaff/CarND-Term1-Starter-Kit/CarND-Behavioral-Cloning-P3/dataCW/IMG/center_2017_09_04_12_12_05_874.jpg,/Users/ggcstaff/CarND-Term1-Starter-Kit/CarND-Behavioral-Cloning-P3/dataCW/IMG/left_2017_09_04_12_12_05_874.jpg,/Users/ggcstaff/CarND-Term1-Starter-Kit/CarND-Behavioral-Cloning-P3/dataCW/IMG/right_2017_09_04_12_12_05_874.jpg,0.0131191,1,0,30.1903
/Users/ggcstaff/CarND-Term1-Starter-Kit/CarND-Behavioral-Cloning-P3/dataCW/IMG/center_2017_09_04_12_12_05_943.jpg,/Users/ggcstaff/CarND-Term1-Starter-Kit/CarND-Behavioral-Cloning-P3/dataCW/IMG/left_2017_09_04_12_12_05_943.jpg,/Users/ggcstaff/CarND-Term1-Starter-Kit/CarND-Behavioral-Cloning-P3/dataCW/IMG/right_2017_09_04_12_12_05_943.jpg,0.0131191,1,0,30.19029
/Users/ggcstaff/CarND-Term1-Starter-Kit/CarND-Behavioral-Cloning-P3/dataCW/IMG/center_2017_09_04_12_12_06_014.jpg,/Users/ggcstaff/CarND-Term1-Starter-Kit/CarND-Behavioral-Cloning-P3/dataCW/IMG/left_2017_09_04_12_12_06_014.jpg,/Users/ggcstaff/CarND-Term1-Starter-Kit/CarND-Behavioral-Cloning-P3/dataCW/IMG/right_2017_09_04_12_12_06_014.jpg,0.0131191,1,0,30.19028
/Users/ggcstaff/CarND-Term1-Starter-Kit/CarND-Behavioral-Cloning-P3/dataCW/IMG/center_2017_09_04_12_12_06_081.jpg,/Users/ggcstaff/CarND-Term1-Starter-Kit/CarND-Behavioral-Cloning-P3/dataCW/IMG/left_2017_09_04_12_12_06_081.jpg,/Users/ggcstaff/CarND-Term1-Starter-Kit/CarND-Behavioral-Cloning-P3/dataCW/IMG/right_2017_09_04_12_12_06_081.jpg,0.0131191,1,0,30.19033
/Users/ggcstaff/CarND-Term1-Starter-Kit/CarND-Behavioral-Cloning-P3/dataCW/IMG/center_2017_09_04_12_12_06_156.jpg,/Users/ggcstaff/CarND-Term1-Starter-Kit/CarND-Behavioral-Cloning-P3/dataCW/IMG/left_2017_09_04_12_12_06_156.jpg,/Users/ggcstaff/CarND-Term1-Starter-Kit/CarND-Behavioral-Cloning-P3/dataCW/IMG/right_2017_09_04_12_12_06_156.jpg,0.0131191,1,0,30.19031
/Users/ggcstaff/CarND-Term1-Starter-Kit/CarND-Behavioral-Cloning-P3/dataCW/IMG/center_2017_09_04_12_12_06_223.jpg,/Users/ggcstaff/CarND-Term1-Starter-Kit/CarND-Behavioral-Cloning-P3/dataCW/IMG/left_2017_09_04_12_12_06_223.jpg,/Users/ggcstaff/CarND-Term1-Starter-Kit/CarND-Behavioral-Cloning-P3/dataCW/IMG/right_2017_09_04_12_12_06_223.jpg,0.0131191,1,0,30.19032
/Users/ggcstaff/CarND-Term1-Starter-Kit/CarND-Behavioral-Cloning-P3/dataCW/IMG/center_2017_09_04_12_12_06_292.jpg,/Users/ggcstaff/CarND-Term1-Starter-Kit/CarND-Behavioral-Cloning-P3/dataCW/IMG/left_2017_09_04_12_12_06_292.jpg,/Users/ggcstaff/CarND-Term1-Starter-Kit/CarND-Behavioral-Cloning-P3/dataCW/IMG/right_2017_09_04_12_12_06_292.jpg,0.0131191,1,0,30.1903
/Users/ggcstaff/CarND-Term1-Starter-Kit/CarND-Behavioral-Cloning-P3/dataCW/IMG/center_2017_09_04_12_12_06_360.jpg,/Users/ggcstaff/CarND-Term1-Starter-Kit/CarND-Behavioral-Cloning-P3/dataCW/IMG/left_2017_09_04_12_12_06_360.jpg,/Users/ggcstaff/CarND-Term1-Starter-Kit/CarND-Behavioral-Cloning-P3/dataCW/IMG/right_2017_09_04_12_12_06_360.jpg,0.0131191,1,0,30.19029
/Users/ggcstaff/CarND-Term1-Starter-Kit/CarND-Behavioral-Cloning-P3/dataCW/IMG/center_2017_09_04_12_12_06_428.jpg,/Users/ggcstaff/CarND-Term1-Starter-Kit/CarND-Behavioral-Cloning-P3/dataCW/IMG/left_2017_09_04_12_12_06_428.jpg,/Users/ggcstaff/CarND-Term1-Starter-Kit/CarND-Behavioral-Cloning-P3/dataCW/IMG/right_2017_09_04_12_12_06_428.jpg,0.0131191,1,0,30.19026
/Users/ggcstaff/CarND-Term1-Starter-Kit/CarND-Behavioral-Cloning-P3/dataCW/IMG/center_2017_09_04_12_12_06_497.jpg,/Users/ggcstaff/CarND-Term1-Starter-Kit/CarND-Behavioral-Cloning-P3/dataCW/IMG/left_2017_09_04_12_12_06_497.jpg,/Users/ggcstaff/CarND-Term1-Starter-Kit/CarND-Behavioral-Cloning-P3/dataCW/IMG/right_2017_09_04_12_12_06_497.jpg,0.0131191,1,0,30.19028
/Users/ggcstaff/CarND-Term1-Starter-Kit/CarND-Behavioral-Cloning-P3/dataCW/IMG/center_2017_09_04_12_12_06_564.jpg,/Users/ggcstaff/CarND-Term1-Starter-Kit/CarND-Behavioral-Cloning-P3/dataCW/IMG/left_2017_09_04_12_12_06_564.jpg,/Users/ggcstaff/CarND-Term1-Starter-Kit/CarND-Behavioral-Cloning-P3/dataCW/IMG/right_2017_09_04_12_12_06_564.jpg,0.0131191,1,0,30.19042
/Users/ggcstaff/CarND-Term1-Starter-Kit/CarND-Behavioral-Cloning-P3/dataCW/IMG/center_2017_09_04_12_12_06_633.jpg,/Users/ggcstaff/CarND-Term1-Starter-Kit/CarND-Behavioral-Cloning-P3/dataCW/IMG/left_2017_09_04_12_12_06_633.jpg,/Users/ggcstaff/CarND-Term1-Starter-Kit/CarND-Behavioral-Cloning-P3/dataCW/IMG/right_2017_09_04_12_12_06_633.jpg,0.0131191,1,0,30.19028
/Users/ggcstaff/CarND-Term1-Starter-Kit/CarND-Behavioral-Cloning-P3/dataCW/IMG/center_2017_09_04_12_12_06_702.jpg,/Users/ggcstaff/CarND-Term1-Starter-Kit/CarND-Behavioral-Cloning-P3/dataCW/IMG/left_2017_09_04_12_12_06_702.jpg,/Users/ggcstaff/CarND-Term1-Starter-Kit/CarND-Behavioral-Cloning-P3/dataCW/IMG/right_2017_09_04_12_12_06_702.jpg,0.0131191,1,0,30.19029
/Users/ggcstaff/CarND-Term1-Starter-Kit/CarND-Behavioral-Cloning-P3/dataCW/IMG/center_2017_09_04_12_12_06_769.jpg,/Users/ggcstaff/CarND-Term1-Starter-Kit/CarND-Behavioral-Cloning-P3/dataCW/IMG/left_2017_09_04_12_12_06_769.jpg,/Users/ggcstaff/CarND-Term1-Starter-Kit/CarND-Behavioral-Cloning-P3/dataCW/IMG/right_2017_09_04_12_12_06_769.jpg,0.0131191,1,0,30.19026
/Users/ggcstaff/CarND-Term1-Starter-Kit/CarND-Behavioral-Cloning-P3/dataCW/IMG/center_2017_09_04_12_12_06_836.jpg,/Users/ggcstaff/CarND-Term1-Starter-Kit/CarND-Behavioral-Cloning-P3/dataCW/IMG/left_2017_09_04_12_12_06_836.jpg,/Users/ggcstaff/CarND-Term1-Starter-Kit/CarND-Behavioral-Cloning-P3/dataCW/IMG/right_2017_09_04_12_12_06_836.jpg,0.0131191,1,0,30.19032
/Users/ggcstaff/CarND-Term1-Starter-Kit/CarND-Behavioral-Cloning-P3/dataCW/IMG/center_2017_09_04_12_12_06_903.jpg,/Users/ggcstaff/CarND-Term1-Starter-Kit/CarND-Behavioral-Cloning-P3/dataCW/IMG/left_2017_09_04_12_12_06_903.jpg,/Users/ggcstaff/CarND-Term1-Starter-Kit/CarND-Behavioral-Cloning-P3/dataCW/IMG/right_2017_09_04_12_12_06_903.jpg,0.0131191,1,0,30.19029
/Users/ggcstaff/CarND-Term1-Starter-Kit/CarND-Behavioral-Cloning-P3/dataCW/IMG/center_2017_09_04_12_12_06_974.jpg,/Users/ggcstaff/CarND-Term1-Starter-Kit/CarND-Behavioral-Cloning-P3/dataCW/IMG/left_2017_09_04_12_12_06_974.jpg,/Users/ggcstaff/CarND-Term1-Starter-Kit/CarND-Behavioral-Cloning-P3/dataCW/IMG/right_2017_09_04_12_12_06_974.jpg,0.0131191,1,0,30.1903
/Users/ggcstaff/CarND-Term1-Starter-Kit/CarND-Behavioral-Cloning-P3/dataCW/IMG/center_2017_09_04_12_12_07_043.jpg,/Users/ggcstaff/CarND-Term1-Starter-Kit/CarND-Behavioral-Cloning-P3/dataCW/IMG/left_2017_09_04_12_12_07_043.jpg,/Users/ggcstaff/CarND-Term1-Starter-Kit/CarND-Behavioral-Cloning-P3/dataCW/IMG/right_2017_09_04_12_12_07_043.jpg,0.0131191,1,0,30.19033
/Users/ggcstaff/CarND-Term1-Starter-Kit/CarND-Behavioral-Cloning-P3/dataCW/IMG/center_2017_09_04_12_12_07_111.jpg,/Users/ggcstaff/CarND-Term1-Starter-Kit/CarND-Behavioral-Cloning-P3/dataCW/IMG/left_2017_09_04_12_12_07_111.jpg,/Users/ggcstaff/CarND-Term1-Starter-Kit/CarND-Behavioral-Cloning-P3/dataCW/IMG/right_2017_09_04_12_12_07_111.jpg,0.0131191,1,0,30.19029
/Users/ggcstaff/CarND-Term1-Starter-Kit/CarND-Behavioral-Cloning-P3/dataCW/IMG/center_2017_09_04_12_12_07_179.jpg,/Users/ggcstaff/CarND-Term1-Starter-Kit/CarND-Behavioral-Cloning-P3/dataCW/IMG/left_2017_09_04_12_12_07_179.jpg,/Users/ggcstaff/CarND-Term1-Starter-Kit/CarND-Behavioral-Cloning-P3/dataCW/IMG/right_2017_09_04_12_12_07_179.jpg,0.0131191,1,0,30.19029
/Users/ggcstaff/CarND-Term1-Starter-Kit/CarND-Behavioral-Cloning-P3/dataCW/IMG/center_2017_09_04_12_12_07_246.jpg,/Users/ggcstaff/CarND-Term1-Starter-Kit/CarND-Behavioral-Cloning-P3/dataCW/IMG/left_2017_09_04_12_12_07_246.jpg,/Users/ggcstaff/CarND-Term1-Starter-Kit/CarND-Behavioral-Cloning-P3/dataCW/IMG/right_2017_09_04_12_12_07_246.jpg,0.0131191,1,0,30.19028
/Users/ggcstaff/CarND-Term1-Starter-Kit/CarND-Behavioral-Cloning-P3/dataCW/IMG/center_2017_09_04_12_12_07_312.jpg,/Users/ggcstaff/CarND-Term1-Starter-Kit/CarND-Behavioral-Cloning-P3/dataCW/IMG/left_2017_09_04_12_12_07_312.jpg,/Users/ggcstaff/CarND-Term1-Starter-Kit/CarND-Behavioral-Cloning-P3/dataCW/IMG/right_2017_09_04_12_12_07_312.jpg,0.0131191,1,0,30.19026
/Users/ggcstaff/CarND-Term1-Starter-Kit/CarND-Behavioral-Cloning-P3/dataCW/IMG/center_2017_09_04_12_12_07_381.jpg,/Users/ggcstaff/CarND-Term1-Starter-Kit/CarND-Behavioral-Cloning-P3/dataCW/IMG/left_2017_09_04_12_12_07_381.jpg,/Users/ggcstaff/CarND-Term1-Starter-Kit/CarND-Behavioral-Cloning-P3/dataCW/IMG/right_2017_09_04_12_12_07_381.jpg,0.0131191,1,0,30.19033
/Users/ggcstaff/CarND-Term1-Starter-Kit/CarND-Behavioral-Cloning-P3/dataCW/IMG/center_2017_09_04_12_12_07_451.jpg,/Users/ggcstaff/CarND-Term1-Starter-Kit/CarND-Behavioral-Cloning-P3/dataCW/IMG/left_2017_09_04_12_12_07_451.jpg,/Users/ggcstaff/CarND-Term1-Starter-Kit/CarND-Behavioral-Cloning-P3/dataCW/IMG/right_2017_09_04_12_12_07_451.jpg,0.0131191,1,0,30.19033
/Users/ggcstaff/CarND-Term1-Starter-Kit/CarND-Behavioral-Cloning-P3/dataCW/IMG/center_2017_09_04_12_12_07_518.jpg,/Users/ggcstaff/CarND-Term1-Starter-Kit/CarND-Behavioral-Cloning-P3/dataCW/IMG/left_2017_09_04_12_12_07_518.jpg,/Users/ggcstaff/CarND-Term1-Starter-Kit/CarND-Behavioral-Cloning-P3/dataCW/IMG/right_2017_09_04_12_12_07_518.jpg,0.0131191,1,0,30.19027
/Users/ggcstaff/CarND-Term1-Starter-Kit/CarND-Behavioral-Cloning-P3/dataCW/IMG/center_2017_09_04_12_12_07_585.jpg,/Users/ggcstaff/CarND-Term1-Starter-Kit/CarND-Behavioral-Cloning-P3/dataCW/IMG/left_2017_09_04_12_12_07_585.jpg,/Users/ggcstaff/CarND-Term1-Starter-Kit/CarND-Behavioral-Cloning-P3/dataCW/IMG/right_2017_09_04_12_12_07_585.jpg,0.0131191,1,0,30.19029
/Users/ggcstaff/CarND-Term1-Starter-Kit/CarND-Behavioral-Cloning-P3/dataCW/IMG/center_2017_09_04_12_12_07_654.jpg,/Users/ggcstaff/CarND-Term1-Starter-Kit/CarND-Behavioral-Cloning-P3/dataCW/IMG/left_2017_09_04_12_12_07_654.jpg,/Users/ggcstaff/CarND-Term1-Starter-Kit/CarND-Behavioral-Cloning-P3/dataCW/IMG/right_2017_09_04_12_12_07_654.jpg,0.0131191,1,0,30.19029
/Users/ggcstaff/CarND-Term1-Starter-Kit/CarND-Behavioral-Cloning-P3/dataCW/IMG/center_2017_09_04_12_12_07_723.jpg,/Users/ggcstaff/CarND-Term1-Starter-Kit/CarND-Behavioral-Cloning-P3/dataCW/IMG/left_2017_09_04_12_12_07_723.jpg,/Users/ggcstaff/CarND-Term1-Starter-Kit/CarND-Behavioral-Cloning-P3/dataCW/IMG/right_2017_09_04_12_12_07_723.jpg,0.0131191,1,0,30.19028
/Users/ggcstaff/CarND-Term1-Starter-Kit/CarND-Behavioral-Cloning-P3/dataCW/IMG/center_2017_09_04_12_12_07_792.jpg,/Users/ggcstaff/CarND-Term1-Starter-Kit/CarND-Behavioral-Cloning-P3/dataCW/IMG/left_2017_09_04_12_12_07_792.jpg,/Users/ggcstaff/CarND-Term1-Starter-Kit/CarND-Behavioral-Cloning-P3/dataCW/IMG/right_2017_09_04_12_12_07_792.jpg,0.0131191,1,0,30.19028
/Users/ggcstaff/CarND-Term1-Starter-Kit/CarND-Behavioral-Cloning-P3/dataCW/IMG/center_2017_09_04_12_12_07_861.jpg,/Users/ggcstaff/CarND-Term1-Starter-Kit/CarND-Behavioral-Cloning-P3/dataCW/IMG/left_2017_09_04_12_12_07_861.jpg,/Users/ggcstaff/CarND-Term1-Starter-Kit/CarND-Behavioral-Cloning-P3/dataCW/IMG/right_2017_09_04_12_12_07_861.jpg,0.0131191,1,0,30.19032
/Users/ggcstaff/CarND-Term1-Starter-Kit/CarND-Behavioral-Cloning-P3/dataCW/IMG/center_2017_09_04_12_12_07_933.jpg,/Users/ggcstaff/CarND-Term1-Starter-Kit/CarND-Behavioral-Cloning-P3/dataCW/IMG/left_2017_09_04_12_12_07_933.jpg,/Users/ggcstaff/CarND-Term1-Starter-Kit/CarND-Behavioral-Cloning-P3/dataCW/IMG/right_2017_09_04_12_12_07_933.jpg,0.0131191,1,0,30.19033
/Users/ggcstaff/CarND-Term1-Starter-Kit/CarND-Behavioral-Cloning-P3/dataCW/IMG/center_2017_09_04_12_12_08_004.jpg,/Users/ggcstaff/CarND-Term1-Starter-Kit/CarND-Behavioral-Cloning-P3/dataCW/IMG/left_2017_09_04_12_12_08_004.jpg,/Users/ggcstaff/CarND-Term1-Starter-Kit/CarND-Behavioral-Cloning-P3/dataCW/IMG/right_2017_09_04_12_12_08_004.jpg,0.0131191,1,0,30.19029
/Users/ggcstaff/CarND-Term1-Starter-Kit/CarND-Behavioral-Cloning-P3/dataCW/IMG/center_2017_09_04_12_12_08_072.jpg,/Users/ggcstaff/CarND-Term1-Starter-Kit/CarND-Behavioral-Cloning-P3/dataCW/IMG/left_2017_09_04_12_12_08_072.jpg,/Users/ggcstaff/CarND-Term1-Starter-Kit/CarND-Behavioral-Cloning-P3/dataCW/IMG/right_2017_09_04_12_12_08_072.jpg,0.0131191,1,0,30.19031
/Users/ggcstaff/CarND-Term1-Starter-Kit/CarND-Behavioral-Cloning-P3/dataCW/IMG/center_2017_09_04_12_12_08_144.jpg,/Users/ggcstaff/CarND-Term1-Starter-Kit/CarND-Behavioral-Cloning-P3/dataCW/IMG/left_2017_09_04_12_12_08_144.jpg,/Users/ggcstaff/CarND-Term1-Starter-Kit/CarND-Behavioral-Cloning-P3/dataCW/IMG/right_2017_09_04_12_12_08_144.jpg,0.0131191,1,0,30.19038
/Users/ggcstaff/CarND-Term1-Starter-Kit/CarND-Behavioral-Cloning-P3/dataCW/IMG/center_2017_09_04_12_12_08_213.jpg,/Users/ggcstaff/CarND-Term1-Starter-Kit/CarND-Behavioral-Cloning-P3/dataCW/IMG/left_2017_09_04_12_12_08_213.jpg,/Users/ggcstaff/CarND-Term1-Starter-Kit/CarND-Behavioral-Cloning-P3/dataCW/IMG/right_2017_09_04_12_12_08_213.jpg,0.0131191,1,0,30.19033
/Users/ggcstaff/CarND-Term1-Starter-Kit/CarND-Behavioral-Cloning-P3/dataCW/IMG/center_2017_09_04_12_12_08_280.jpg,/Users/ggcstaff/CarND-Term1-Starter-Kit/CarND-Behavioral-Cloning-P3/dataCW/IMG/left_2017_09_04_12_12_08_280.jpg,/Users/ggcstaff/CarND-Term1-Starter-Kit/CarND-Behavioral-Cloning-P3/dataCW/IMG/right_2017_09_04_12_12_08_280.jpg,0.0131191,1,0,30.19031
/Users/ggcstaff/CarND-Term1-Starter-Kit/CarND-Behavioral-Cloning-P3/dataCW/IMG/center_2017_09_04_12_12_08_350.jpg,/Users/ggcstaff/CarND-Term1-Starter-Kit/CarND-Behavioral-Cloning-P3/dataCW/IMG/left_2017_09_04_12_12_08_350.jpg,/Users/ggcstaff/CarND-Term1-Starter-Kit/CarND-Behavioral-Cloning-P3/dataCW/IMG/right_2017_09_04_12_12_08_350.jpg,0.0131191,1,0,30.19028
/Users/ggcstaff/CarND-Term1-Starter-Kit/CarND-Behavioral-Cloning-P3/dataCW/IMG/center_2017_09_04_12_12_08_419.jpg,/Users/ggcstaff/CarND-Term1-Starter-Kit/CarND-Behavioral-Cloning-P3/dataCW/IMG/left_2017_09_04_12_12_08_419.jpg,/Users/ggcstaff/CarND-Term1-Starter-Kit/CarND-Behavioral-Cloning-P3/dataCW/IMG/right_2017_09_04_12_12_08_419.jpg,0.0131191,1,0,30.1903
/Users/ggcstaff/CarND-Term1-Starter-Kit/CarND-Behavioral-Cloning-P3/dataCW/IMG/center_2017_09_04_12_12_08_486.jpg,/Users/ggcstaff/CarND-Term1-Starter-Kit/CarND-Behavioral-Cloning-P3/dataCW/IMG/left_2017_09_04_12_12_08_486.jpg,/Users/ggcstaff/CarND-Term1-Starter-Kit/CarND-Behavioral-Cloning-P3/dataCW/IMG/right_2017_09_04_12_12_08_486.jpg,0.0131191,1,0,30.19027
/Users/ggcstaff/CarND-Term1-Starter-Kit/CarND-Behavioral-Cloning-P3/dataCW/IMG/center_2017_09_04_12_12_08_553.jpg,/Users/ggcstaff/CarND-Term1-Starter-Kit/CarND-Behavioral-Cloning-P3/dataCW/IMG/left_2017_09_04_12_12_08_553.jpg,/Users/ggcstaff/CarND-Term1-Starter-Kit/CarND-Behavioral-Cloning-P3/dataCW/IMG/right_2017_09_04_12_12_08_553.jpg,0.0131191,1,0,30.19028
/Users/ggcstaff/CarND-Term1-Starter-Kit/CarND-Behavioral-Cloning-P3/dataCW/IMG/center_2017_09_04_12_12_08_622.jpg,/Users/ggcstaff/CarND-Term1-Starter-Kit/CarND-Behavioral-Cloning-P3/dataCW/IMG/left_2017_09_04_12_12_08_622.jpg,/Users/ggcstaff/CarND-Term1-Starter-Kit/CarND-Behavioral-Cloning-P3/dataCW/IMG/right_2017_09_04_12_12_08_622.jpg,0.0131191,1,0,30.1903
/Users/ggcstaff/CarND-Term1-Starter-Kit/CarND-Behavioral-Cloning-P3/dataCW/IMG/center_2017_09_04_12_12_08_690.jpg,/Users/ggcstaff/CarND-Term1-Starter-Kit/CarND-Behavioral-Cloning-P3/dataCW/IMG/left_2017_09_04_12_12_08_690.jpg,/Users/ggcstaff/CarND-Term1-Starter-Kit/CarND-Behavioral-Cloning-P3/dataCW/IMG/right_2017_09_04_12_12_08_690.jpg,0.0131191,1,0,30.19031
/Users/ggcstaff/CarND-Term1-Starter-Kit/CarND-Behavioral-Cloning-P3/dataCW/IMG/center_2017_09_04_12_12_08_769.jpg,/Users/ggcstaff/CarND-Term1-Starter-Kit/CarND-Behavioral-Cloning-P3/dataCW/IMG/left_2017_09_04_12_12_08_769.jpg,/Users/ggcstaff/CarND-Term1-Starter-Kit/CarND-Behavioral-Cloning-P3/dataCW/IMG/right_2017_09_04_12_12_08_769.jpg,0.0131191,1,0,30.19031
/Users/ggcstaff/CarND-Term1-Starter-Kit/CarND-Behavioral-Cloning-P3/dataCW/IMG/center_2017_09_04_12_12_08_837.jpg,/Users/ggcstaff/CarND-Term1-Starter-Kit/CarND-Behavioral-Cloning-P3/dataCW/IMG/left_2017_09_04_12_12_08_837.jpg,/Users/ggcstaff/CarND-Term1-Starter-Kit/CarND-Behavioral-Cloning-P3/dataCW/IMG/right_2017_09_04_12_12_08_837.jpg,0.0131191,1,0,30.19031
/Users/ggcstaff/CarND-Term1-Starter-Kit/CarND-Behavioral-Cloning-P3/dataCW/IMG/center_2017_09_04_12_12_08_911.jpg,/Users/ggcstaff/CarND-Term1-Starter-Kit/CarND-Behavioral-Cloning-P3/dataCW/IMG/left_2017_09_04_12_12_08_911.jpg,/Users/ggcstaff/CarND-Term1-Starter-Kit/CarND-Behavioral-Cloning-P3/dataCW/IMG/right_2017_09_04_12_12_08_911.jpg,0.0131191,1,0,30.19028
/Users/ggcstaff/CarND-Term1-Starter-Kit/CarND-Behavioral-Cloning-P3/dataCW/IMG/center_2017_09_04_12_12_08_979.jpg,/Users/ggcstaff/CarND-Term1-Starter-Kit/CarND-Behavioral-Cloning-P3/dataCW/IMG/left_2017_09_04_12_12_08_979.jpg,/Users/ggcstaff/CarND-Term1-Starter-Kit/CarND-Behavioral-Cloning-P3/dataCW/IMG/right_2017_09_04_12_12_08_979.jpg,0.0131191,1,0,30.19027
/Users/ggcstaff/CarND-Term1-Starter-Kit/CarND-Behavioral-Cloning-P3/dataCW/IMG/center_2017_09_04_12_12_09_047.jpg,/Users/ggcstaff/CarND-Term1-Starter-Kit/CarND-Behavioral-Cloning-P3/dataCW/IMG/left_2017_09_04_12_12_09_047.jpg,/Users/ggcstaff/CarND-Term1-Starter-Kit/CarND-Behavioral-Cloning-P3/dataCW/IMG/right_2017_09_04_12_12_09_047.jpg,0.0131191,1,0,30.1903
/Users/ggcstaff/CarND-Term1-Starter-Kit/CarND-Behavioral-Cloning-P3/dataCW/IMG/center_2017_09_04_12_12_09_118.jpg,/Users/ggcstaff/CarND-Term1-Starter-Kit/CarND-Behavioral-Cloning-P3/dataCW/IMG/left_2017_09_04_12_12_09_118.jpg,/Users/ggcstaff/CarND-Term1-Starter-Kit/CarND-Behavioral-Cloning-P3/dataCW/IMG/right_2017_09_04_12_12_09_118.jpg,0.0131191,1,0,30.1903
/Users/ggcstaff/CarND-Term1-Starter-Kit/CarND-Behavioral-Cloning-P3/dataCW/IMG/center_2017_09_04_12_12_09_192.jpg,/Users/ggcstaff/CarND-Term1-Starter-Kit/CarND-Behavioral-Cloning-P3/dataCW/IMG/left_2017_09_04_12_12_09_192.jpg,/Users/ggcstaff/CarND-Term1-Starter-Kit/CarND-Behavioral-Cloning-P3/dataCW/IMG/right_2017_09_04_12_12_09_192.jpg,0.0131191,1,0,30.19031
/Users/ggcstaff/CarND-Term1-Starter-Kit/CarND-Behavioral-Cloning-P3/dataCW/IMG/center_2017_09_04_12_12_09_267.jpg,/Users/ggcstaff/CarND-Term1-Starter-Kit/CarND-Behavioral-Cloning-P3/dataCW/IMG/left_2017_09_04_12_12_09_267.jpg,/Users/ggcstaff/CarND-Term1-Starter-Kit/CarND-Behavioral-Cloning-P3/dataCW/IMG/right_2017_09_04_12_12_09_267.jpg,0.0131191,1,0,30.19028
/Users/ggcstaff/CarND-Term1-Starter-Kit/CarND-Behavioral-Cloning-P3/dataCW/IMG/center_2017_09_04_12_12_09_341.jpg,/Users/ggcstaff/CarND-Term1-Starter-Kit/CarND-Behavioral-Cloning-P3/dataCW/IMG/left_2017_09_04_12_12_09_341.jpg,/Users/ggcstaff/CarND-Term1-Starter-Kit/CarND-Behavioral-Cloning-P3/dataCW/IMG/right_2017_09_04_12_12_09_341.jpg,0.01967866,1,0,30.19018
/Users/ggcstaff/CarND-Term1-Starter-Kit/CarND-Behavioral-Cloning-P3/dataCW/IMG/center_2017_09_04_12_12_09_409.jpg,/Users/ggcstaff/CarND-Term1-Starter-Kit/CarND-Behavioral-Cloning-P3/dataCW/IMG/left_2017_09_04_12_12_09_409.jpg,/Users/ggcstaff/CarND-Term1-Starter-Kit/CarND-Behavioral-Cloning-P3/dataCW/IMG/right_2017_09_04_12_12_09_409.jpg,0.02295843,1,0,30.19025
/Users/ggcstaff/CarND-Term1-Starter-Kit/CarND-Behavioral-Cloning-P3/dataCW/IMG/center_2017_09_04_12_12_09_479.jpg,/Users/ggcstaff/CarND-Term1-Starter-Kit/CarND-Behavioral-Cloning-P3/dataCW/IMG/left_2017_09_04_12_12_09_479.jpg,/Users/ggcstaff/CarND-Term1-Starter-Kit/CarND-Behavioral-Cloning-P3/dataCW/IMG/right_2017_09_04_12_12_09_479.jpg,0.02295843,1,0,30.19027
/Users/ggcstaff/CarND-Term1-Starter-Kit/CarND-Behavioral-Cloning-P3/dataCW/IMG/center_2017_09_04_12_12_09_546.jpg,/Users/ggcstaff/CarND-Term1-Starter-Kit/CarND-Behavioral-Cloning-P3/dataCW/IMG/left_2017_09_04_12_12_09_546.jpg,/Users/ggcstaff/CarND-Term1-Starter-Kit/CarND-Behavioral-Cloning-P3/dataCW/IMG/right_2017_09_04_12_12_09_546.jpg,0.02295843,1,0,30.19036
/Users/ggcstaff/CarND-Term1-Starter-Kit/CarND-Behavioral-Cloning-P3/dataCW/IMG/center_2017_09_04_12_12_09_615.jpg,/Users/ggcstaff/CarND-Term1-Starter-Kit/CarND-Behavioral-Cloning-P3/dataCW/IMG/left_2017_09_04_12_12_09_615.jpg,/Users/ggcstaff/CarND-Term1-Starter-Kit/CarND-Behavioral-Cloning-P3/dataCW/IMG/right_2017_09_04_12_12_09_615.jpg,0.02295843,1,0,30.19027
/Users/ggcstaff/CarND-Term1-Starter-Kit/CarND-Behavioral-Cloning-P3/dataCW/IMG/center_2017_09_04_12_12_09_682.jpg,/Users/ggcstaff/CarND-Term1-Starter-Kit/CarND-Behavioral-Cloning-P3/dataCW/IMG/left_2017_09_04_12_12_09_682.jpg,/Users/ggcstaff/CarND-Term1-Starter-Kit/CarND-Behavioral-Cloning-P3/dataCW/IMG/right_2017_09_04_12_12_09_682.jpg,0.01300855,1,0,30.1903
/Users/ggcstaff/CarND-Term1-Starter-Kit/CarND-Behavioral-Cloning-P3/dataCW/IMG/center_2017_09_04_12_12_09_750.jpg,/Users/ggcstaff/CarND-Term1-Starter-Kit/CarND-Behavioral-Cloning-P3/dataCW/IMG/left_2017_09_04_12_12_09_750.jpg,/Users/ggcstaff/CarND-Term1-Starter-Kit/CarND-Behavioral-Cloning-P3/dataCW/IMG/right_2017_09_04_12_12_09_750.jpg,0.01300855,1,0,30.19033
/Users/ggcstaff/CarND-Term1-Starter-Kit/CarND-Behavioral-Cloning-P3/dataCW/IMG/center_2017_09_04_12_12_09_817.jpg,/Users/ggcstaff/CarND-Term1-Starter-Kit/CarND-Behavioral-Cloning-P3/dataCW/IMG/left_2017_09_04_12_12_09_817.jpg,/Users/ggcstaff/CarND-Term1-Starter-Kit/CarND-Behavioral-Cloning-P3/dataCW/IMG/right_2017_09_04_12_12_09_817.jpg,0.01300855,1,0,30.19033
/Users/ggcstaff/CarND-Term1-Starter-Kit/CarND-Behavioral-Cloning-P3/dataCW/IMG/center_2017_09_04_12_12_09_888.jpg,/Users/ggcstaff/CarND-Term1-Starter-Kit/CarND-Behavioral-Cloning-P3/dataCW/IMG/left_2017_09_04_12_12_09_888.jpg,/Users/ggcstaff/CarND-Term1-Starter-Kit/CarND-Behavioral-Cloning-P3/dataCW/IMG/right_2017_09_04_12_12_09_888.jpg,0.01300855,1,0,30.19028
/Users/ggcstaff/CarND-Term1-Starter-Kit/CarND-Behavioral-Cloning-P3/dataCW/IMG/center_2017_09_04_12_12_09_955.jpg,/Users/ggcstaff/CarND-Term1-Starter-Kit/CarND-Behavioral-Cloning-P3/dataCW/IMG/left_2017_09_04_12_12_09_955.jpg,/Users/ggcstaff/CarND-Term1-Starter-Kit/CarND-Behavioral-Cloning-P3/dataCW/IMG/right_2017_09_04_12_12_09_955.jpg,0.01300855,1,0,30.19031
/Users/ggcstaff/CarND-Term1-Starter-Kit/CarND-Behavioral-Cloning-P3/dataCW/IMG/center_2017_09_04_12_12_10_021.jpg,/Users/ggcstaff/CarND-Term1-Starter-Kit/CarND-Behavioral-Cloning-P3/dataCW/IMG/left_2017_09_04_12_12_10_021.jpg,/Users/ggcstaff/CarND-Term1-Starter-Kit/CarND-Behavioral-Cloning-P3/dataCW/IMG/right_2017_09_04_12_12_10_021.jpg,0.01300855,1,0,30.19031
/Users/ggcstaff/CarND-Term1-Starter-Kit/CarND-Behavioral-Cloning-P3/dataCW/IMG/center_2017_09_04_12_12_10_094.jpg,/Users/ggcstaff/CarND-Term1-Starter-Kit/CarND-Behavioral-Cloning-P3/dataCW/IMG/left_2017_09_04_12_12_10_094.jpg,/Users/ggcstaff/CarND-Term1-Starter-Kit/CarND-Behavioral-Cloning-P3/dataCW/IMG/right_2017_09_04_12_12_10_094.jpg,0.01300855,1,0,30.19027
/Users/ggcstaff/CarND-Term1-Starter-Kit/CarND-Behavioral-Cloning-P3/dataCW/IMG/center_2017_09_04_12_12_10_163.jpg,/Users/ggcstaff/CarND-Term1-Starter-Kit/CarND-Behavioral-Cloning-P3/dataCW/IMG/left_2017_09_04_12_12_10_163.jpg,/Users/ggcstaff/CarND-Term1-Starter-Kit/CarND-Behavioral-Cloning-P3/dataCW/IMG/right_2017_09_04_12_12_10_163.jpg,0.01300855,1,0,30.19029
/Users/ggcstaff/CarND-Term1-Starter-Kit/CarND-Behavioral-Cloning-P3/dataCW/IMG/center_2017_09_04_12_12_10_232.jpg,/Users/ggcstaff/CarND-Term1-Starter-Kit/CarND-Behavioral-Cloning-P3/dataCW/IMG/left_2017_09_04_12_12_10_232.jpg,/Users/ggcstaff/CarND-Term1-Starter-Kit/CarND-Behavioral-Cloning-P3/dataCW/IMG/right_2017_09_04_12_12_10_232.jpg,0.01300855,1,0,30.19029
/Users/ggcstaff/CarND-Term1-Starter-Kit/CarND-Behavioral-Cloning-P3/dataCW/IMG/center_2017_09_04_12_12_10_306.jpg,/Users/ggcstaff/CarND-Term1-Starter-Kit/CarND-Behavioral-Cloning-P3/dataCW/IMG/left_2017_09_04_12_12_10_306.jpg,/Users/ggcstaff/CarND-Term1-Starter-Kit/CarND-Behavioral-Cloning-P3/dataCW/IMG/right_2017_09_04_12_12_10_306.jpg,0.01300855,1,0,30.1903
/Users/ggcstaff/CarND-Term1-Starter-Kit/CarND-Behavioral-Cloning-P3/dataCW/IMG/center_2017_09_04_12_12_10_380.jpg,/Users/ggcstaff/CarND-Term1-Starter-Kit/CarND-Behavioral-Cloning-P3/dataCW/IMG/left_2017_09_04_12_12_10_380.jpg,/Users/ggcstaff/CarND-Term1-Starter-Kit/CarND-Behavioral-Cloning-P3/dataCW/IMG/right_2017_09_04_12_12_10_380.jpg,0.01300855,1,0,30.19029
/Users/ggcstaff/CarND-Term1-Starter-Kit/CarND-Behavioral-Cloning-P3/dataCW/IMG/center_2017_09_04_12_12_10_458.jpg,/Users/ggcstaff/CarND-Term1-Starter-Kit/CarND-Behavioral-Cloning-P3/dataCW/IMG/left_2017_09_04_12_12_10_458.jpg,/Users/ggcstaff/CarND-Term1-Starter-Kit/CarND-Behavioral-Cloning-P3/dataCW/IMG/right_2017_09_04_12_12_10_458.jpg,0.01300855,1,0,30.19031
/Users/ggcstaff/CarND-Term1-Starter-Kit/CarND-Behavioral-Cloning-P3/dataCW/IMG/center_2017_09_04_12_12_10_527.jpg,/Users/ggcstaff/CarND-Term1-Starter-Kit/CarND-Behavioral-Cloning-P3/dataCW/IMG/left_2017_09_04_12_12_10_527.jpg,/Users/ggcstaff/CarND-Term1-Starter-Kit/CarND-Behavioral-Cloning-P3/dataCW/IMG/right_2017_09_04_12_12_10_527.jpg,0.01300855,1,0,30.1903
/Users/ggcstaff/CarND-Term1-Starter-Kit/CarND-Behavioral-Cloning-P3/dataCW/IMG/center_2017_09_04_12_12_10_599.jpg,/Users/ggcstaff/CarND-Term1-Starter-Kit/CarND-Behavioral-Cloning-P3/dataCW/IMG/left_2017_09_04_12_12_10_599.jpg,/Users/ggcstaff/CarND-Term1-Starter-Kit/CarND-Behavioral-Cloning-P3/dataCW/IMG/right_2017_09_04_12_12_10_599.jpg,0.01300855,1,0,30.19029
/Users/ggcstaff/CarND-Term1-Starter-Kit/CarND-Behavioral-Cloning-P3/dataCW/IMG/center_2017_09_04_12_12_10_668.jpg,/Users/ggcstaff/CarND-Term1-Starter-Kit/CarND-Behavioral-Cloning-P3/dataCW/IMG/left_2017_09_04_12_12_10_668.jpg,/Users/ggcstaff/CarND-Term1-Starter-Kit/CarND-Behavioral-Cloning-P3/dataCW/IMG/right_2017_09_04_12_12_10_668.jpg,0.01300855,1,0,30.1903
/Users/ggcstaff/CarND-Term1-Starter-Kit/CarND-Behavioral-Cloning-P3/dataCW/IMG/center_2017_09_04_12_12_10_743.jpg,/Users/ggcstaff/CarND-Term1-Starter-Kit/CarND-Behavioral-Cloning-P3/dataCW/IMG/left_2017_09_04_12_12_10_743.jpg,/Users/ggcstaff/CarND-Term1-Starter-Kit/CarND-Behavioral-Cloning-P3/dataCW/IMG/right_2017_09_04_12_12_10_743.jpg,0.01300855,1,0,30.19033
/Users/ggcstaff/CarND-Term1-Starter-Kit/CarND-Behavioral-Cloning-P3/dataCW/IMG/center_2017_09_04_12_12_10_817.jpg,/Users/ggcstaff/CarND-Term1-Starter-Kit/CarND-Behavioral-Cloning-P3/dataCW/IMG/left_2017_09_04_12_12_10_817.jpg,/Users/ggcstaff/CarND-Term1-Starter-Kit/CarND-Behavioral-Cloning-P3/dataCW/IMG/right_2017_09_04_12_12_10_817.jpg,0.01300855,1,0,30.1903
/Users/ggcstaff/CarND-Term1-Starter-Kit/CarND-Behavioral-Cloning-P3/dataCW/IMG/center_2017_09_04_12_12_10_887.jpg,/Users/ggcstaff/CarND-Term1-Starter-Kit/CarND-Behavioral-Cloning-P3/dataCW/IMG/left_2017_09_04_12_12_10_887.jpg,/Users/ggcstaff/CarND-Term1-Starter-Kit/CarND-Behavioral-Cloning-P3/dataCW/IMG/right_2017_09_04_12_12_10_887.jpg,0.01300855,1,0,30.19031
/Users/ggcstaff/CarND-Term1-Starter-Kit/CarND-Behavioral-Cloning-P3/dataCW/IMG/center_2017_09_04_12_12_10_955.jpg,/Users/ggcstaff/CarND-Term1-Starter-Kit/CarND-Behavioral-Cloning-P3/dataCW/IMG/left_2017_09_04_12_12_10_955.jpg,/Users/ggcstaff/CarND-Term1-Starter-Kit/CarND-Behavioral-Cloning-P3/dataCW/IMG/right_2017_09_04_12_12_10_955.jpg,0.01300855,1,0,30.1902
/Users/ggcstaff/CarND-Term1-Starter-Kit/CarND-Behavioral-Cloning-P3/dataCW/IMG/center_2017_09_04_12_12_11_034.jpg,/Users/ggcstaff/CarND-Term1-Starter-Kit/CarND-Behavioral-Cloning-P3/dataCW/IMG/left_2017_09_04_12_12_11_034.jpg,/Users/ggcstaff/CarND-Term1-Starter-Kit/CarND-Behavioral-Cloning-P3/dataCW/IMG/right_2017_09_04_12_12_11_034.jpg,0.01300855,1,0,30.19028
/Users/ggcstaff/CarND-Term1-Starter-Kit/CarND-Behavioral-Cloning-P3/dataCW/IMG/center_2017_09_04_12_12_11_102.jpg,/Users/ggcstaff/CarND-Term1-Starter-Kit/CarND-Behavioral-Cloning-P3/dataCW/IMG/left_2017_09_04_12_12_11_102.jpg,/Users/ggcstaff/CarND-Term1-Starter-Kit/CarND-Behavioral-Cloning-P3/dataCW/IMG/right_2017_09_04_12_12_11_102.jpg,0.01300855,1,0,30.19029
/Users/ggcstaff/CarND-Term1-Starter-Kit/CarND-Behavioral-Cloning-P3/dataCW/IMG/center_2017_09_04_12_12_11_171.jpg,/Users/ggcstaff/CarND-Term1-Starter-Kit/CarND-Behavioral-Cloning-P3/dataCW/IMG/left_2017_09_04_12_12_11_171.jpg,/Users/ggcstaff/CarND-Term1-Starter-Kit/CarND-Behavioral-Cloning-P3/dataCW/IMG/right_2017_09_04_12_12_11_171.jpg,0.02612765,1,0,30.19021
/Users/ggcstaff/CarND-Term1-Starter-Kit/CarND-Behavioral-Cloning-P3/dataCW/IMG/center_2017_09_04_12_12_11_240.jpg,/Users/ggcstaff/CarND-Term1-Starter-Kit/CarND-Behavioral-Cloning-P3/dataCW/IMG/left_2017_09_04_12_12_11_240.jpg,/Users/ggcstaff/CarND-Term1-Starter-Kit/CarND-Behavioral-Cloning-P3/dataCW/IMG/right_2017_09_04_12_12_11_240.jpg,0.02940743,1,0,30.1902
/Users/ggcstaff/CarND-Term1-Starter-Kit/CarND-Behavioral-Cloning-P3/dataCW/IMG/center_2017_09_04_12_12_11_307.jpg,/Users/ggcstaff/CarND-Term1-Starter-Kit/CarND-Behavioral-Cloning-P3/dataCW/IMG/left_2017_09_04_12_12_11_307.jpg,/Users/ggcstaff/CarND-Term1-Starter-Kit/CarND-Behavioral-Cloning-P3/dataCW/IMG/right_2017_09_04_12_12_11_307.jpg,0.02940743,1,0,30.19022
/Users/ggcstaff/CarND-Term1-Starter-Kit/CarND-Behavioral-Cloning-P3/dataCW/IMG/center_2017_09_04_12_12_11_375.jpg,/Users/ggcstaff/CarND-Term1-Starter-Kit/CarND-Behavioral-Cloning-P3/dataCW/IMG/left_2017_09_04_12_12_11_375.jpg,/Users/ggcstaff/CarND-Term1-Starter-Kit/CarND-Behavioral-Cloning-P3/dataCW/IMG/right_2017_09_04_12_12_11_375.jpg,0.0260908,1,0,30.19027
/Users/ggcstaff/CarND-Term1-Starter-Kit/CarND-Behavioral-Cloning-P3/dataCW/IMG/center_2017_09_04_12_12_11_452.jpg,/Users/ggcstaff/CarND-Term1-Starter-Kit/CarND-Behavioral-Cloning-P3/dataCW/IMG/left_2017_09_04_12_12_11_452.jpg,/Users/ggcstaff/CarND-Term1-Starter-Kit/CarND-Behavioral-Cloning-P3/dataCW/IMG/right_2017_09_04_12_12_11_452.jpg,0.01945755,1,0,30.19028
/Users/ggcstaff/CarND-Term1-Starter-Kit/CarND-Behavioral-Cloning-P3/dataCW/IMG/center_2017_09_04_12_12_11_519.jpg,/Users/ggcstaff/CarND-Term1-Starter-Kit/CarND-Behavioral-Cloning-P3/dataCW/IMG/left_2017_09_04_12_12_11_519.jpg,/Users/ggcstaff/CarND-Term1-Starter-Kit/CarND-Behavioral-Cloning-P3/dataCW/IMG/right_2017_09_04_12_12_11_519.jpg,0.01614092,1,0,30.1903
/Users/ggcstaff/CarND-Term1-Starter-Kit/CarND-Behavioral-Cloning-P3/dataCW/IMG/center_2017_09_04_12_12_11_591.jpg,/Users/ggcstaff/CarND-Term1-Starter-Kit/CarND-Behavioral-Cloning-P3/dataCW/IMG/left_2017_09_04_12_12_11_591.jpg,/Users/ggcstaff/CarND-Term1-Starter-Kit/CarND-Behavioral-Cloning-P3/dataCW/IMG/right_2017_09_04_12_12_11_591.jpg,0.01614092,1,0,30.19032
/Users/ggcstaff/CarND-Term1-Starter-Kit/CarND-Behavioral-Cloning-P3/dataCW/IMG/center_2017_09_04_12_12_11_659.jpg,/Users/ggcstaff/CarND-Term1-Starter-Kit/CarND-Behavioral-Cloning-P3/dataCW/IMG/left_2017_09_04_12_12_11_659.jpg,/Users/ggcstaff/CarND-Term1-Starter-Kit/CarND-Behavioral-Cloning-P3/dataCW/IMG/right_2017_09_04_12_12_11_659.jpg,0.01614092,1,0,30.19029
/Users/ggcstaff/CarND-Term1-Starter-Kit/CarND-Behavioral-Cloning-P3/dataCW/IMG/center_2017_09_04_12_12_11_730.jpg,/Users/ggcstaff/CarND-Term1-Starter-Kit/CarND-Behavioral-Cloning-P3/dataCW/IMG/left_2017_09_04_12_12_11_730.jpg,/Users/ggcstaff/CarND-Term1-Starter-Kit/CarND-Behavioral-Cloning-P3/dataCW/IMG/right_2017_09_04_12_12_11_730.jpg,0.0194207,1,0,30.19028
/Users/ggcstaff/CarND-Term1-Starter-Kit/CarND-Behavioral-Cloning-P3/dataCW/IMG/center_2017_09_04_12_12_11_799.jpg,/Users/ggcstaff/CarND-Term1-Starter-Kit/CarND-Behavioral-Cloning-P3/dataCW/IMG/left_2017_09_04_12_12_11_799.jpg,/Users/ggcstaff/CarND-Term1-Starter-Kit/CarND-Behavioral-Cloning-P3/dataCW/IMG/right_2017_09_04_12_12_11_799.jpg,0.02270047,1,0,30.19027
/Users/ggcstaff/CarND-Term1-Starter-Kit/CarND-Behavioral-Cloning-P3/dataCW/IMG/center_2017_09_04_12_12_11_867.jpg,/Users/ggcstaff/CarND-Term1-Starter-Kit/CarND-Behavioral-Cloning-P3/dataCW/IMG/left_2017_09_04_12_12_11_867.jpg,/Users/ggcstaff/CarND-Term1-Starter-Kit/CarND-Behavioral-Cloning-P3/dataCW/IMG/right_2017_09_04_12_12_11_867.jpg,0.02270047,1,0,30.19027
/Users/ggcstaff/CarND-Term1-Starter-Kit/CarND-Behavioral-Cloning-P3/dataCW/IMG/center_2017_09_04_12_12_11_934.jpg,/Users/ggcstaff/CarND-Term1-Starter-Kit/CarND-Behavioral-Cloning-P3/dataCW/IMG/left_2017_09_04_12_12_11_934.jpg,/Users/ggcstaff/CarND-Term1-Starter-Kit/CarND-Behavioral-Cloning-P3/dataCW/IMG/right_2017_09_04_12_12_11_934.jpg,0.02270047,1,0,30.19028
/Users/ggcstaff/CarND-Term1-Starter-Kit/CarND-Behavioral-Cloning-P3/dataCW/IMG/center_2017_09_04_12_12_12_003.jpg,/Users/ggcstaff/CarND-Term1-Starter-Kit/CarND-Behavioral-Cloning-P3/dataCW/IMG/left_2017_09_04_12_12_12_003.jpg,/Users/ggcstaff/CarND-Term1-Starter-Kit/CarND-Behavioral-Cloning-P3/dataCW/IMG/right_2017_09_04_12_12_12_003.jpg,0.01938384,1,0,30.19029
/Users/ggcstaff/CarND-Term1-Starter-Kit/CarND-Behavioral-Cloning-P3/dataCW/IMG/center_2017_09_04_12_12_12_072.jpg,/Users/ggcstaff/CarND-Term1-Starter-Kit/CarND-Behavioral-Cloning-P3/dataCW/IMG/left_2017_09_04_12_12_12_072.jpg,/Users/ggcstaff/CarND-Term1-Starter-Kit/CarND-Behavioral-Cloning-P3/dataCW/IMG/right_2017_09_04_12_12_12_072.jpg,0.01606722,1,0,30.19029
/Users/ggcstaff/CarND-Term1-Starter-Kit/CarND-Behavioral-Cloning-P3/dataCW/IMG/center_2017_09_04_12_12_12_140.jpg,/Users/ggcstaff/CarND-Term1-Starter-Kit/CarND-Behavioral-Cloning-P3/dataCW/IMG/left_2017_09_04_12_12_12_140.jpg,/Users/ggcstaff/CarND-Term1-Starter-Kit/CarND-Behavioral-Cloning-P3/dataCW/IMG/right_2017_09_04_12_12_12_140.jpg,0.01275059,1,0,30.19041
/Users/ggcstaff/CarND-Term1-Starter-Kit/CarND-Behavioral-Cloning-P3/dataCW/IMG/center_2017_09_04_12_12_12_209.jpg,/Users/ggcstaff/CarND-Term1-Starter-Kit/CarND-Behavioral-Cloning-P3/dataCW/IMG/left_2017_09_04_12_12_12_209.jpg,/Users/ggcstaff/CarND-Term1-Starter-Kit/CarND-Behavioral-Cloning-P3/dataCW/IMG/right_2017_09_04_12_12_12_209.jpg,0.01275059,1,0,30.19031
/Users/ggcstaff/CarND-Term1-Starter-Kit/CarND-Behavioral-Cloning-P3/dataCW/IMG/center_2017_09_04_12_12_12_277.jpg,/Users/ggcstaff/CarND-Term1-Starter-Kit/CarND-Behavioral-Cloning-P3/dataCW/IMG/left_2017_09_04_12_12_12_277.jpg,/Users/ggcstaff/CarND-Term1-Starter-Kit/CarND-Behavioral-Cloning-P3/dataCW/IMG/right_2017_09_04_12_12_12_277.jpg,0.01275059,1,0,30.1903
/Users/ggcstaff/CarND-Term1-Starter-Kit/CarND-Behavioral-Cloning-P3/dataCW/IMG/center_2017_09_04_12_12_12_346.jpg,/Users/ggcstaff/CarND-Term1-Starter-Kit/CarND-Behavioral-Cloning-P3/dataCW/IMG/left_2017_09_04_12_12_12_346.jpg,/Users/ggcstaff/CarND-Term1-Starter-Kit/CarND-Behavioral-Cloning-P3/dataCW/IMG/right_2017_09_04_12_12_12_346.jpg,0.01275059,1,0,30.19029
/Users/ggcstaff/CarND-Term1-Starter-Kit/CarND-Behavioral-Cloning-P3/dataCW/IMG/center_2017_09_04_12_12_12_414.jpg,/Users/ggcstaff/CarND-Term1-Starter-Kit/CarND-Behavioral-Cloning-P3/dataCW/IMG/left_2017_09_04_12_12_12_414.jpg,/Users/ggcstaff/CarND-Term1-Starter-Kit/CarND-Behavioral-Cloning-P3/dataCW/IMG/right_2017_09_04_12_12_12_414.jpg,0.01275059,1,0,30.1903
/Users/ggcstaff/CarND-Term1-Starter-Kit/CarND-Behavioral-Cloning-P3/dataCW/IMG/center_2017_09_04_12_12_12_483.jpg,/Users/ggcstaff/CarND-Term1-Starter-Kit/CarND-Behavioral-Cloning-P3/dataCW/IMG/left_2017_09_04_12_12_12_483.jpg,/Users/ggcstaff/CarND-Term1-Starter-Kit/CarND-Behavioral-Cloning-P3/dataCW/IMG/right_2017_09_04_12_12_12_483.jpg,0.01275059,1,0,30.19031
/Users/ggcstaff/CarND-Term1-Starter-Kit/CarND-Behavioral-Cloning-P3/dataCW/IMG/center_2017_09_04_12_12_12_554.jpg,/Users/ggcstaff/CarND-Term1-Starter-Kit/CarND-Behavioral-Cloning-P3/dataCW/IMG/left_2017_09_04_12_12_12_554.jpg,/Users/ggcstaff/CarND-Term1-Starter-Kit/CarND-Behavioral-Cloning-P3/dataCW/IMG/right_2017_09_04_12_12_12_554.jpg,0.01275059,1,0,30.1903
/Users/ggcstaff/CarND-Term1-Starter-Kit/CarND-Behavioral-Cloning-P3/dataCW/IMG/center_2017_09_04_12_12_12_623.jpg,/Users/ggcstaff/CarND-Term1-Starter-Kit/CarND-Behavioral-Cloning-P3/dataCW/IMG/left_2017_09_04_12_12_12_623.jpg,/Users/ggcstaff/CarND-Term1-Starter-Kit/CarND-Behavioral-Cloning-P3/dataCW/IMG/right_2017_09_04_12_12_12_623.jpg,0.01275059,1,0,30.1903
/Users/ggcstaff/CarND-Term1-Starter-Kit/CarND-Behavioral-Cloning-P3/dataCW/IMG/center_2017_09_04_12_12_12_693.jpg,/Users/ggcstaff/CarND-Term1-Starter-Kit/CarND-Behavioral-Cloning-P3/dataCW/IMG/left_2017_09_04_12_12_12_693.jpg,/Users/ggcstaff/CarND-Term1-Starter-Kit/CarND-Behavioral-Cloning-P3/dataCW/IMG/right_2017_09_04_12_12_12_693.jpg,0.01275059,1,0,30.19029
/Users/ggcstaff/CarND-Term1-Starter-Kit/CarND-Behavioral-Cloning-P3/dataCW/IMG/center_2017_09_04_12_12_12_762.jpg,/Users/ggcstaff/CarND-Term1-Starter-Kit/CarND-Behavioral-Cloning-P3/dataCW/IMG/left_2017_09_04_12_12_12_762.jpg,/Users/ggcstaff/CarND-Term1-Starter-Kit/CarND-Behavioral-Cloning-P3/dataCW/IMG/right_2017_09_04_12_12_12_762.jpg,0.01275059,1,0,30.19029
/Users/ggcstaff/CarND-Term1-Starter-Kit/CarND-Behavioral-Cloning-P3/dataCW/IMG/center_2017_09_04_12_12_12_829.jpg,/Users/ggcstaff/CarND-Term1-Starter-Kit/CarND-Behavioral-Cloning-P3/dataCW/IMG/left_2017_09_04_12_12_12_829.jpg,/Users/ggcstaff/CarND-Term1-Starter-Kit/CarND-Behavioral-Cloning-P3/dataCW/IMG/right_2017_09_04_12_12_12_829.jpg,0.01275059,1,0,30.19029
/Users/ggcstaff/CarND-Term1-Starter-Kit/CarND-Behavioral-Cloning-P3/dataCW/IMG/center_2017_09_04_12_12_12_897.jpg,/Users/ggcstaff/CarND-Term1-Starter-Kit/CarND-Behavioral-Cloning-P3/dataCW/IMG/left_2017_09_04_12_12_12_897.jpg,/Users/ggcstaff/CarND-Term1-Starter-Kit/CarND-Behavioral-Cloning-P3/dataCW/IMG/right_2017_09_04_12_12_12_897.jpg,0.01275059,1,0,30.19032
/Users/ggcstaff/CarND-Term1-Starter-Kit/CarND-Behavioral-Cloning-P3/dataCW/IMG/center_2017_09_04_12_12_12_966.jpg,/Users/ggcstaff/CarND-Term1-Starter-Kit/CarND-Behavioral-Cloning-P3/dataCW/IMG/left_2017_09_04_12_12_12_966.jpg,/Users/ggcstaff/CarND-Term1-Starter-Kit/CarND-Behavioral-Cloning-P3/dataCW/IMG/right_2017_09_04_12_12_12_966.jpg,0.01275059,1,0,30.19028
/Users/ggcstaff/CarND-Term1-Starter-Kit/CarND-Behavioral-Cloning-P3/dataCW/IMG/center_2017_09_04_12_12_13_036.jpg,/Users/ggcstaff/CarND-Term1-Starter-Kit/CarND-Behavioral-Cloning-P3/dataCW/IMG/left_2017_09_04_12_12_13_036.jpg,/Users/ggcstaff/CarND-Term1-Starter-Kit/CarND-Behavioral-Cloning-P3/dataCW/IMG/right_2017_09_04_12_12_13_036.jpg,0.01275059,1,0,30.1903
/Users/ggcstaff/CarND-Term1-Starter-Kit/CarND-Behavioral-Cloning-P3/dataCW/IMG/center_2017_09_04_12_12_13_103.jpg,/Users/ggcstaff/CarND-Term1-Starter-Kit/CarND-Behavioral-Cloning-P3/dataCW/IMG/left_2017_09_04_12_12_13_103.jpg,/Users/ggcstaff/CarND-Term1-Starter-Kit/CarND-Behavioral-Cloning-P3/dataCW/IMG/right_2017_09_04_12_12_13_103.jpg,0.01275059,1,0,30.19031
/Users/ggcstaff/CarND-Term1-Starter-Kit/CarND-Behavioral-Cloning-P3/dataCW/IMG/center_2017_09_04_12_12_13_172.jpg,/Users/ggcstaff/CarND-Term1-Starter-Kit/CarND-Behavioral-Cloning-P3/dataCW/IMG/left_2017_09_04_12_12_13_172.jpg,/Users/ggcstaff/CarND-Term1-Starter-Kit/CarND-Behavioral-Cloning-P3/dataCW/IMG/right_2017_09_04_12_12_13_172.jpg,0.01275059,1,0,30.19031
/Users/ggcstaff/CarND-Term1-Starter-Kit/CarND-Behavioral-Cloning-P3/dataCW/IMG/center_2017_09_04_12_12_13_240.jpg,/Users/ggcstaff/CarND-Term1-Starter-Kit/CarND-Behavioral-Cloning-P3/dataCW/IMG/left_2017_09_04_12_12_13_240.jpg,/Users/ggcstaff/CarND-Term1-Starter-Kit/CarND-Behavioral-Cloning-P3/dataCW/IMG/right_2017_09_04_12_12_13_240.jpg,0.01275059,1,0,30.19029
/Users/ggcstaff/CarND-Term1-Starter-Kit/CarND-Behavioral-Cloning-P3/dataCW/IMG/center_2017_09_04_12_12_13_310.jpg,/Users/ggcstaff/CarND-Term1-Starter-Kit/CarND-Behavioral-Cloning-P3/dataCW/IMG/left_2017_09_04_12_12_13_310.jpg,/Users/ggcstaff/CarND-Term1-Starter-Kit/CarND-Behavioral-Cloning-P3/dataCW/IMG/right_2017_09_04_12_12_13_310.jpg,0.01275059,1,0,30.19028
/Users/ggcstaff/CarND-Term1-Starter-Kit/CarND-Behavioral-Cloning-P3/dataCW/IMG/center_2017_09_04_12_12_13_378.jpg,/Users/ggcstaff/CarND-Term1-Starter-Kit/CarND-Behavioral-Cloning-P3/dataCW/IMG/left_2017_09_04_12_12_13_378.jpg,/Users/ggcstaff/CarND-Term1-Starter-Kit/CarND-Behavioral-Cloning-P3/dataCW/IMG/right_2017_09_04_12_12_13_378.jpg,0.01275059,1,0,30.19028
/Users/ggcstaff/CarND-Term1-Starter-Kit/CarND-Behavioral-Cloning-P3/dataCW/IMG/center_2017_09_04_12_12_13_447.jpg,/Users/ggcstaff/CarND-Term1-Starter-Kit/CarND-Behavioral-Cloning-P3/dataCW/IMG/left_2017_09_04_12_12_13_447.jpg,/Users/ggcstaff/CarND-Term1-Starter-Kit/CarND-Behavioral-Cloning-P3/dataCW/IMG/right_2017_09_04_12_12_13_447.jpg,0.01275059,1,0,30.19031
/Users/ggcstaff/CarND-Term1-Starter-Kit/CarND-Behavioral-Cloning-P3/dataCW/IMG/center_2017_09_04_12_12_13_514.jpg,/Users/ggcstaff/CarND-Term1-Starter-Kit/CarND-Behavioral-Cloning-P3/dataCW/IMG/left_2017_09_04_12_12_13_514.jpg,/Users/ggcstaff/CarND-Term1-Starter-Kit/CarND-Behavioral-Cloning-P3/dataCW/IMG/right_2017_09_04_12_12_13_514.jpg,0.01275059,1,0,30.19029
/Users/ggcstaff/CarND-Term1-Starter-Kit/CarND-Behavioral-Cloning-P3/dataCW/IMG/center_2017_09_04_12_12_13_582.jpg,/Users/ggcstaff/CarND-Term1-Starter-Kit/CarND-Behavioral-Cloning-P3/dataCW/IMG/left_2017_09_04_12_12_13_582.jpg,/Users/ggcstaff/CarND-Term1-Starter-Kit/CarND-Behavioral-Cloning-P3/dataCW/IMG/right_2017_09_04_12_12_13_582.jpg,0.01275059,1,0,30.19035
/Users/ggcstaff/CarND-Term1-Starter-Kit/CarND-Behavioral-Cloning-P3/dataCW/IMG/center_2017_09_04_12_12_13_650.jpg,/Users/ggcstaff/CarND-Term1-Starter-Kit/CarND-Behavioral-Cloning-P3/dataCW/IMG/left_2017_09_04_12_12_13_650.jpg,/Users/ggcstaff/CarND-Term1-Starter-Kit/CarND-Behavioral-Cloning-P3/dataCW/IMG/right_2017_09_04_12_12_13_650.jpg,0.01275059,1,0,30.1903
/Users/ggcstaff/CarND-Term1-Starter-Kit/CarND-Behavioral-Cloning-P3/dataCW/IMG/center_2017_09_04_12_12_13_721.jpg,/Users/ggcstaff/CarND-Term1-Starter-Kit/CarND-Behavioral-Cloning-P3/dataCW/IMG/left_2017_09_04_12_12_13_721.jpg,/Users/ggcstaff/CarND-Term1-Starter-Kit/CarND-Behavioral-Cloning-P3/dataCW/IMG/right_2017_09_04_12_12_13_721.jpg,-0.0005159198,1,0,30.19029
/Users/ggcstaff/CarND-Term1-Starter-Kit/CarND-Behavioral-Cloning-P3/dataCW/IMG/center_2017_09_04_12_12_13_788.jpg,/Users/ggcstaff/CarND-Term1-Starter-Kit/CarND-Behavioral-Cloning-P3/dataCW/IMG/left_2017_09_04_12_12_13_788.jpg,/Users/ggcstaff/CarND-Term1-Starter-Kit/CarND-Behavioral-Cloning-P3/dataCW/IMG/right_2017_09_04_12_12_13_788.jpg,-0.007149174,1,0,30.1903
/Users/ggcstaff/CarND-Term1-Starter-Kit/CarND-Behavioral-Cloning-P3/dataCW/IMG/center_2017_09_04_12_12_13_857.jpg,/Users/ggcstaff/CarND-Term1-Starter-Kit/CarND-Behavioral-Cloning-P3/dataCW/IMG/left_2017_09_04_12_12_13_857.jpg,/Users/ggcstaff/CarND-Term1-Starter-Kit/CarND-Behavioral-Cloning-P3/dataCW/IMG/right_2017_09_04_12_12_13_857.jpg,-0.007149174,1,0,30.19029
/Users/ggcstaff/CarND-Term1-Starter-Kit/CarND-Behavioral-Cloning-P3/dataCW/IMG/center_2017_09_04_12_12_13_924.jpg,/Users/ggcstaff/CarND-Term1-Starter-Kit/CarND-Behavioral-Cloning-P3/dataCW/IMG/left_2017_09_04_12_12_13_924.jpg,/Users/ggcstaff/CarND-Term1-Starter-Kit/CarND-Behavioral-Cloning-P3/dataCW/IMG/right_2017_09_04_12_12_13_924.jpg,-0.0104658,1,0,30.19027
/Users/ggcstaff/CarND-Term1-Starter-Kit/CarND-Behavioral-Cloning-P3/dataCW/IMG/center_2017_09_04_12_12_13_992.jpg,/Users/ggcstaff/CarND-Term1-Starter-Kit/CarND-Behavioral-Cloning-P3/dataCW/IMG/left_2017_09_04_12_12_13_992.jpg,/Users/ggcstaff/CarND-Term1-Starter-Kit/CarND-Behavioral-Cloning-P3/dataCW/IMG/right_2017_09_04_12_12_13_992.jpg,-0.0104658,1,0,30.19029
/Users/ggcstaff/CarND-Term1-Starter-Kit/CarND-Behavioral-Cloning-P3/dataCW/IMG/center_2017_09_04_12_12_14_059.jpg,/Users/ggcstaff/CarND-Term1-Starter-Kit/CarND-Behavioral-Cloning-P3/dataCW/IMG/left_2017_09_04_12_12_14_059.jpg,/Users/ggcstaff/CarND-Term1-Starter-Kit/CarND-Behavioral-Cloning-P3/dataCW/IMG/right_2017_09_04_12_12_14_059.jpg,-0.0104658,1,0,30.19028
/Users/ggcstaff/CarND-Term1-Starter-Kit/CarND-Behavioral-Cloning-P3/dataCW/IMG/center_2017_09_04_12_12_14_129.jpg,/Users/ggcstaff/CarND-Term1-Starter-Kit/CarND-Behavioral-Cloning-P3/dataCW/IMG/left_2017_09_04_12_12_14_129.jpg,/Users/ggcstaff/CarND-Term1-Starter-Kit/CarND-Behavioral-Cloning-P3/dataCW/IMG/right_2017_09_04_12_12_14_129.jpg,0.005933078,1,0,30.19027
/Users/ggcstaff/CarND-Term1-Starter-Kit/CarND-Behavioral-Cloning-P3/dataCW/IMG/center_2017_09_04_12_12_14_197.jpg,/Users/ggcstaff/CarND-Term1-Starter-Kit/CarND-Behavioral-Cloning-P3/dataCW/IMG/left_2017_09_04_12_12_14_197.jpg,/Users/ggcstaff/CarND-Term1-Starter-Kit/CarND-Behavioral-Cloning-P3/dataCW/IMG/right_2017_09_04_12_12_14_197.jpg,0.01577241,1,0,30.19022
/Users/ggcstaff/CarND-Term1-Starter-Kit/CarND-Behavioral-Cloning-P3/dataCW/IMG/center_2017_09_04_12_12_14_265.jpg,/Users/ggcstaff/CarND-Term1-Starter-Kit/CarND-Behavioral-Cloning-P3/dataCW/IMG/left_2017_09_04_12_12_14_265.jpg,/Users/ggcstaff/CarND-Term1-Starter-Kit/CarND-Behavioral-Cloning-P3/dataCW/IMG/right_2017_09_04_12_12_14_265.jpg,0.01905218,1,0,30.19022
/Users/ggcstaff/CarND-Term1-Starter-Kit/CarND-Behavioral-Cloning-P3/dataCW/IMG/center_2017_09_04_12_12_14_336.jpg,/Users/ggcstaff/CarND-Term1-Starter-Kit/CarND-Behavioral-Cloning-P3/dataCW/IMG/left_2017_09_04_12_12_14_336.jpg,/Users/ggcstaff/CarND-Term1-Starter-Kit/CarND-Behavioral-Cloning-P3/dataCW/IMG/right_2017_09_04_12_12_14_336.jpg,0.02233196,1,0,30.19024
/Users/ggcstaff/CarND-Term1-Starter-Kit/CarND-Behavioral-Cloning-P3/dataCW/IMG/center_2017_09_04_12_12_14_407.jpg,/Users/ggcstaff/CarND-Term1-Starter-Kit/CarND-Behavioral-Cloning-P3/dataCW/IMG/left_2017_09_04_12_12_14_407.jpg,/Users/ggcstaff/CarND-Term1-Starter-Kit/CarND-Behavioral-Cloning-P3/dataCW/IMG/right_2017_09_04_12_12_14_407.jpg,0.02889151,1,0,30.1902
/Users/ggcstaff/CarND-Term1-Starter-Kit/CarND-Behavioral-Cloning-P3/dataCW/IMG/center_2017_09_04_12_12_14_473.jpg,/Users/ggcstaff/CarND-Term1-Starter-Kit/CarND-Behavioral-Cloning-P3/dataCW/IMG/left_2017_09_04_12_12_14_473.jpg,/Users/ggcstaff/CarND-Term1-Starter-Kit/CarND-Behavioral-Cloning-P3/dataCW/IMG/right_2017_09_04_12_12_14_473.jpg,0.04529039,1,0,30.19002
/Users/ggcstaff/CarND-Term1-Starter-Kit/CarND-Behavioral-Cloning-P3/dataCW/IMG/center_2017_09_04_12_12_14_542.jpg,/Users/ggcstaff/CarND-Term1-Starter-Kit/CarND-Behavioral-Cloning-P3/dataCW/IMG/left_2017_09_04_12_12_14_542.jpg,/Users/ggcstaff/CarND-Term1-Starter-Kit/CarND-Behavioral-Cloning-P3/dataCW/IMG/right_2017_09_04_12_12_14_542.jpg,0.04857017,1,0,30.19006
/Users/ggcstaff/CarND-Term1-Starter-Kit/CarND-Behavioral-Cloning-P3/dataCW/IMG/center_2017_09_04_12_12_14_611.jpg,/Users/ggcstaff/CarND-Term1-Starter-Kit/CarND-Behavioral-Cloning-P3/dataCW/IMG/left_2017_09_04_12_12_14_611.jpg,/Users/ggcstaff/CarND-Term1-Starter-Kit/CarND-Behavioral-Cloning-P3/dataCW/IMG/right_2017_09_04_12_12_14_611.jpg,0.05184994,1,0,30.19007
/Users/ggcstaff/CarND-Term1-Starter-Kit/CarND-Behavioral-Cloning-P3/dataCW/IMG/center_2017_09_04_12_12_14_681.jpg,/Users/ggcstaff/CarND-Term1-Starter-Kit/CarND-Behavioral-Cloning-P3/dataCW/IMG/left_2017_09_04_12_12_14_681.jpg,/Users/ggcstaff/CarND-Term1-Starter-Kit/CarND-Behavioral-Cloning-P3/dataCW/IMG/right_2017_09_04_12_12_14_681.jpg,0.05184994,1,0,30.19014
/Users/ggcstaff/CarND-Term1-Starter-Kit/CarND-Behavioral-Cloning-P3/dataCW/IMG/center_2017_09_04_12_12_14_750.jpg,/Users/ggcstaff/CarND-Term1-Starter-Kit/CarND-Behavioral-Cloning-P3/dataCW/IMG/left_2017_09_04_12_12_14_750.jpg,/Users/ggcstaff/CarND-Term1-Starter-Kit/CarND-Behavioral-Cloning-P3/dataCW/IMG/right_2017_09_04_12_12_14_750.jpg,0.05184994,1,0,30.1902
/Users/ggcstaff/CarND-Term1-Starter-Kit/CarND-Behavioral-Cloning-P3/dataCW/IMG/center_2017_09_04_12_12_14_818.jpg,/Users/ggcstaff/CarND-Term1-Starter-Kit/CarND-Behavioral-Cloning-P3/dataCW/IMG/left_2017_09_04_12_12_14_818.jpg,/Users/ggcstaff/CarND-Term1-Starter-Kit/CarND-Behavioral-Cloning-P3/dataCW/IMG/right_2017_09_04_12_12_14_818.jpg,0.04521669,1,0,30.19027
/Users/ggcstaff/CarND-Term1-Starter-Kit/CarND-Behavioral-Cloning-P3/dataCW/IMG/center_2017_09_04_12_12_14_886.jpg,/Users/ggcstaff/CarND-Term1-Starter-Kit/CarND-Behavioral-Cloning-P3/dataCW/IMG/left_2017_09_04_12_12_14_886.jpg,/Users/ggcstaff/CarND-Term1-Starter-Kit/CarND-Behavioral-Cloning-P3/dataCW/IMG/right_2017_09_04_12_12_14_886.jpg,0.02863355,1,0,30.19035
/Users/ggcstaff/CarND-Term1-Starter-Kit/CarND-Behavioral-Cloning-P3/dataCW/IMG/center_2017_09_04_12_12_14_954.jpg,/Users/ggcstaff/CarND-Term1-Starter-Kit/CarND-Behavioral-Cloning-P3/dataCW/IMG/left_2017_09_04_12_12_14_954.jpg,/Users/ggcstaff/CarND-Term1-Starter-Kit/CarND-Behavioral-Cloning-P3/dataCW/IMG/right_2017_09_04_12_12_14_954.jpg,0.008733786,1,0,30.19035
/Users/ggcstaff/CarND-Term1-Starter-Kit/CarND-Behavioral-Cloning-P3/dataCW/IMG/center_2017_09_04_12_12_15_025.jpg,/Users/ggcstaff/CarND-Term1-Starter-Kit/CarND-Behavioral-Cloning-P3/dataCW/IMG/left_2017_09_04_12_12_15_025.jpg,/Users/ggcstaff/CarND-Term1-Starter-Kit/CarND-Behavioral-Cloning-P3/dataCW/IMG/right_2017_09_04_12_12_15_025.jpg,0.008733786,1,0,30.19033
/Users/ggcstaff/CarND-Term1-Starter-Kit/CarND-Behavioral-Cloning-P3/dataCW/IMG/center_2017_09_04_12_12_15_094.jpg,/Users/ggcstaff/CarND-Term1-Starter-Kit/CarND-Behavioral-Cloning-P3/dataCW/IMG/left_2017_09_04_12_12_15_094.jpg,/Users/ggcstaff/CarND-Term1-Starter-Kit/CarND-Behavioral-Cloning-P3/dataCW/IMG/right_2017_09_04_12_12_15_094.jpg,0.008733786,1,0,30.19031
/Users/ggcstaff/CarND-Term1-Starter-Kit/CarND-Behavioral-Cloning-P3/dataCW/IMG/center_2017_09_04_12_12_15_161.jpg,/Users/ggcstaff/CarND-Term1-Starter-Kit/CarND-Behavioral-Cloning-P3/dataCW/IMG/left_2017_09_04_12_12_15_161.jpg,/Users/ggcstaff/CarND-Term1-Starter-Kit/CarND-Behavioral-Cloning-P3/dataCW/IMG/right_2017_09_04_12_12_15_161.jpg,0.008733786,1,0,30.1902
/Users/ggcstaff/CarND-Term1-Starter-Kit/CarND-Behavioral-Cloning-P3/dataCW/IMG/center_2017_09_04_12_12_15_230.jpg,/Users/ggcstaff/CarND-Term1-Starter-Kit/CarND-Behavioral-Cloning-P3/dataCW/IMG/left_2017_09_04_12_12_15_230.jpg,/Users/ggcstaff/CarND-Term1-Starter-Kit/CarND-Behavioral-Cloning-P3/dataCW/IMG/right_2017_09_04_12_12_15_230.jpg,0.008733786,1,0,30.19029
/Users/ggcstaff/CarND-Term1-Starter-Kit/CarND-Behavioral-Cloning-P3/dataCW/IMG/center_2017_09_04_12_12_15_298.jpg,/Users/ggcstaff/CarND-Term1-Starter-Kit/CarND-Behavioral-Cloning-P3/dataCW/IMG/left_2017_09_04_12_12_15_298.jpg,/Users/ggcstaff/CarND-Term1-Starter-Kit/CarND-Behavioral-Cloning-P3/dataCW/IMG/right_2017_09_04_12_12_15_298.jpg,0.005417158,1,0,30.19032
/Users/ggcstaff/CarND-Term1-Starter-Kit/CarND-Behavioral-Cloning-P3/dataCW/IMG/center_2017_09_04_12_12_15_368.jpg,/Users/ggcstaff/CarND-Term1-Starter-Kit/CarND-Behavioral-Cloning-P3/dataCW/IMG/left_2017_09_04_12_12_15_368.jpg,/Users/ggcstaff/CarND-Term1-Starter-Kit/CarND-Behavioral-Cloning-P3/dataCW/IMG/right_2017_09_04_12_12_15_368.jpg,-0.001216097,1,0,30.19029
/Users/ggcstaff/CarND-Term1-Starter-Kit/CarND-Behavioral-Cloning-P3/dataCW/IMG/center_2017_09_04_12_12_15_436.jpg,/Users/ggcstaff/CarND-Term1-Starter-Kit/CarND-Behavioral-Cloning-P3/dataCW/IMG/left_2017_09_04_12_12_15_436.jpg,/Users/ggcstaff/CarND-Term1-Starter-Kit/CarND-Behavioral-Cloning-P3/dataCW/IMG/right_2017_09_04_12_12_15_436.jpg,-0.004532724,1,0,30.19029
/Users/ggcstaff/CarND-Term1-Starter-Kit/CarND-Behavioral-Cloning-P3/dataCW/IMG/center_2017_09_04_12_12_15_520.jpg,/Users/ggcstaff/CarND-Term1-Starter-Kit/CarND-Behavioral-Cloning-P3/dataCW/IMG/left_2017_09_04_12_12_15_520.jpg,/Users/ggcstaff/CarND-Term1-Starter-Kit/CarND-Behavioral-Cloning-P3/dataCW/IMG/right_2017_09_04_12_12_15_520.jpg,-0.004532724,1,0,30.1903
/Users/ggcstaff/CarND-Term1-Starter-Kit/CarND-Behavioral-Cloning-P3/dataCW/IMG/center_2017_09_04_12_12_15_591.jpg,/Users/ggcstaff/CarND-Term1-Starter-Kit/CarND-Behavioral-Cloning-P3/dataCW/IMG/left_2017_09_04_12_12_15_591.jpg,/Users/ggcstaff/CarND-Term1-Starter-Kit/CarND-Behavioral-Cloning-P3/dataCW/IMG/right_2017_09_04_12_12_15_591.jpg,-0.004532724,1,0,30.1903
/Users/ggcstaff/CarND-Term1-Starter-Kit/CarND-Behavioral-Cloning-P3/dataCW/IMG/center_2017_09_04_12_12_15_658.jpg,/Users/ggcstaff/CarND-Term1-Starter-Kit/CarND-Behavioral-Cloning-P3/dataCW/IMG/left_2017_09_04_12_12_15_658.jpg,/Users/ggcstaff/CarND-Term1-Starter-Kit/CarND-Behavioral-Cloning-P3/dataCW/IMG/right_2017_09_04_12_12_15_658.jpg,-0.007849352,1,0,30.19028
/Users/ggcstaff/CarND-Term1-Starter-Kit/CarND-Behavioral-Cloning-P3/dataCW/IMG/center_2017_09_04_12_12_15_726.jpg,/Users/ggcstaff/CarND-Term1-Starter-Kit/CarND-Behavioral-Cloning-P3/dataCW/IMG/left_2017_09_04_12_12_15_726.jpg,/Users/ggcstaff/CarND-Term1-Starter-Kit/CarND-Behavioral-Cloning-P3/dataCW/IMG/right_2017_09_04_12_12_15_726.jpg,-0.007849352,1,0,30.19029
/Users/ggcstaff/CarND-Term1-Starter-Kit/CarND-Behavioral-Cloning-P3/dataCW/IMG/center_2017_09_04_12_12_15_793.jpg,/Users/ggcstaff/CarND-Term1-Starter-Kit/CarND-Behavioral-Cloning-P3/dataCW/IMG/left_2017_09_04_12_12_15_793.jpg,/Users/ggcstaff/CarND-Term1-Starter-Kit/CarND-Behavioral-Cloning-P3/dataCW/IMG/right_2017_09_04_12_12_15_793.jpg,-0.007849352,1,0,30.19029
/Users/ggcstaff/CarND-Term1-Starter-Kit/CarND-Behavioral-Cloning-P3/dataCW/IMG/center_2017_09_04_12_12_15_861.jpg,/Users/ggcstaff/CarND-Term1-Starter-Kit/CarND-Behavioral-Cloning-P3/dataCW/IMG/left_2017_09_04_12_12_15_861.jpg,/Users/ggcstaff/CarND-Term1-Starter-Kit/CarND-Behavioral-Cloning-P3/dataCW/IMG/right_2017_09_04_12_12_15_861.jpg,-0.007849352,1,0,30.19031
/Users/ggcstaff/CarND-Term1-Starter-Kit/CarND-Behavioral-Cloning-P3/dataCW/IMG/center_2017_09_04_12_12_15_929.jpg,/Users/ggcstaff/CarND-Term1-Starter-Kit/CarND-Behavioral-Cloning-P3/dataCW/IMG/left_2017_09_04_12_12_15_929.jpg,/Users/ggcstaff/CarND-Term1-Starter-Kit/CarND-Behavioral-Cloning-P3/dataCW/IMG/right_2017_09_04_12_12_15_929.jpg,-0.007849352,1,0,30.19028
/Users/ggcstaff/CarND-Term1-Starter-Kit/CarND-Behavioral-Cloning-P3/dataCW/IMG/center_2017_09_04_12_12_15_995.jpg,/Users/ggcstaff/CarND-Term1-Starter-Kit/CarND-Behavioral-Cloning-P3/dataCW/IMG/left_2017_09_04_12_12_15_995.jpg,/Users/ggcstaff/CarND-Term1-Starter-Kit/CarND-Behavioral-Cloning-P3/dataCW/IMG/right_2017_09_04_12_12_15_995.jpg,-0.007849352,1,0,30.1903
/Users/ggcstaff/CarND-Term1-Starter-Kit/CarND-Behavioral-Cloning-P3/dataCW/IMG/center_2017_09_04_12_12_16_066.jpg,/Users/ggcstaff/CarND-Term1-Starter-Kit/CarND-Behavioral-Cloning-P3/dataCW/IMG/left_2017_09_04_12_12_16_066.jpg,/Users/ggcstaff/CarND-Term1-Starter-Kit/CarND-Behavioral-Cloning-P3/dataCW/IMG/right_2017_09_04_12_12_16_066.jpg,-0.007849352,1,0,30.19029
/Users/ggcstaff/CarND-Term1-Starter-Kit/CarND-Behavioral-Cloning-P3/dataCW/IMG/center_2017_09_04_12_12_16_135.jpg,/Users/ggcstaff/CarND-Term1-Starter-Kit/CarND-Behavioral-Cloning-P3/dataCW/IMG/left_2017_09_04_12_12_16_135.jpg,/Users/ggcstaff/CarND-Term1-Starter-Kit/CarND-Behavioral-Cloning-P3/dataCW/IMG/right_2017_09_04_12_12_16_135.jpg,-0.007849352,1,0,30.1903
/Users/ggcstaff/CarND-Term1-Starter-Kit/CarND-Behavioral-Cloning-P3/dataCW/IMG/center_2017_09_04_12_12_16_202.jpg,/Users/ggcstaff/CarND-Term1-Starter-Kit/CarND-Behavioral-Cloning-P3/dataCW/IMG/left_2017_09_04_12_12_16_202.jpg,/Users/ggcstaff/CarND-Term1-Starter-Kit/CarND-Behavioral-Cloning-P3/dataCW/IMG/right_2017_09_04_12_12_16_202.jpg,-0.007849352,1,0,30.1903
/Users/ggcstaff/CarND-Term1-Starter-Kit/CarND-Behavioral-Cloning-P3/dataCW/IMG/center_2017_09_04_12_12_16_271.jpg,/Users/ggcstaff/CarND-Term1-Starter-Kit/CarND-Behavioral-Cloning-P3/dataCW/IMG/left_2017_09_04_12_12_16_271.jpg,/Users/ggcstaff/CarND-Term1-Starter-Kit/CarND-Behavioral-Cloning-P3/dataCW/IMG/right_2017_09_04_12_12_16_271.jpg,0.001989977,1,0,30.19028
/Users/ggcstaff/CarND-Term1-Starter-Kit/CarND-Behavioral-Cloning-P3/dataCW/IMG/center_2017_09_04_12_12_16_342.jpg,/Users/ggcstaff/CarND-Term1-Starter-Kit/CarND-Behavioral-Cloning-P3/dataCW/IMG/left_2017_09_04_12_12_16_342.jpg,/Users/ggcstaff/CarND-Term1-Starter-Kit/CarND-Behavioral-Cloning-P3/dataCW/IMG/right_2017_09_04_12_12_16_342.jpg,0.02166863,1,0,30.19017
/Users/ggcstaff/CarND-Term1-Starter-Kit/CarND-Behavioral-Cloning-P3/dataCW/IMG/center_2017_09_04_12_12_16_411.jpg,/Users/ggcstaff/CarND-Term1-Starter-Kit/CarND-Behavioral-Cloning-P3/dataCW/IMG/left_2017_09_04_12_12_16_411.jpg,/Users/ggcstaff/CarND-Term1-Starter-Kit/CarND-Behavioral-Cloning-P3/dataCW/IMG/right_2017_09_04_12_12_16_411.jpg,0.02822819,1,0,30.19012
/Users/ggcstaff/CarND-Term1-Starter-Kit/CarND-Behavioral-Cloning-P3/dataCW/IMG/center_2017_09_04_12_12_16_480.jpg,/Users/ggcstaff/CarND-Term1-Starter-Kit/CarND-Behavioral-Cloning-P3/dataCW/IMG/left_2017_09_04_12_12_16_480.jpg,/Users/ggcstaff/CarND-Term1-Starter-Kit/CarND-Behavioral-Cloning-P3/dataCW/IMG/right_2017_09_04_12_12_16_480.jpg,0.03150796,1,0,30.19017
/Users/ggcstaff/CarND-Term1-Starter-Kit/CarND-Behavioral-Cloning-P3/dataCW/IMG/center_2017_09_04_12_12_16_553.jpg,/Users/ggcstaff/CarND-Term1-Starter-Kit/CarND-Behavioral-Cloning-P3/dataCW/IMG/left_2017_09_04_12_12_16_553.jpg,/Users/ggcstaff/CarND-Term1-Starter-Kit/CarND-Behavioral-Cloning-P3/dataCW/IMG/right_2017_09_04_12_12_16_553.jpg,0.03150796,1,0,30.1902
/Users/ggcstaff/CarND-Term1-Starter-Kit/CarND-Behavioral-Cloning-P3/dataCW/IMG/center_2017_09_04_12_12_16_621.jpg,/Users/ggcstaff/CarND-Term1-Starter-Kit/CarND-Behavioral-Cloning-P3/dataCW/IMG/left_2017_09_04_12_12_16_621.jpg,/Users/ggcstaff/CarND-Term1-Starter-Kit/CarND-Behavioral-Cloning-P3/dataCW/IMG/right_2017_09_04_12_12_16_621.jpg,0.03478774,1,0,30.1902
/Users/ggcstaff/CarND-Term1-Starter-Kit/CarND-Behavioral-Cloning-P3/dataCW/IMG/center_2017_09_04_12_12_16_688.jpg,/Users/ggcstaff/CarND-Term1-Starter-Kit/CarND-Behavioral-Cloning-P3/dataCW/IMG/left_2017_09_04_12_12_16_688.jpg,/Users/ggcstaff/CarND-Term1-Starter-Kit/CarND-Behavioral-Cloning-P3/dataCW/IMG/right_2017_09_04_12_12_16_688.jpg,0.03478774,1,0,30.19022
/Users/ggcstaff/CarND-Term1-Starter-Kit/CarND-Behavioral-Cloning-P3/dataCW/IMG/center_2017_09_04_12_12_16_757.jpg,/Users/ggcstaff/CarND-Term1-Starter-Kit/CarND-Behavioral-Cloning-P3/dataCW/IMG/left_2017_09_04_12_12_16_757.jpg,/Users/ggcstaff/CarND-Term1-Starter-Kit/CarND-Behavioral-Cloning-P3/dataCW/IMG/right_2017_09_04_12_12_16_757.jpg,0.03478774,1,0,30.19025
/Users/ggcstaff/CarND-Term1-Starter-Kit/CarND-Behavioral-Cloning-P3/dataCW/IMG/center_2017_09_04_12_12_16_824.jpg,/Users/ggcstaff/CarND-Term1-Starter-Kit/CarND-Behavioral-Cloning-P3/dataCW/IMG/left_2017_09_04_12_12_16_824.jpg,/Users/ggcstaff/CarND-Term1-Starter-Kit/CarND-Behavioral-Cloning-P3/dataCW/IMG/right_2017_09_04_12_12_16_824.jpg,0.03478774,1,0,30.19024
/Users/ggcstaff/CarND-Term1-Starter-Kit/CarND-Behavioral-Cloning-P3/dataCW/IMG/center_2017_09_04_12_12_16_894.jpg,/Users/ggcstaff/CarND-Term1-Starter-Kit/CarND-Behavioral-Cloning-P3/dataCW/IMG/left_2017_09_04_12_12_16_894.jpg,/Users/ggcstaff/CarND-Term1-Starter-Kit/CarND-Behavioral-Cloning-P3/dataCW/IMG/right_2017_09_04_12_12_16_894.jpg,0.03478774,1,0,30.19025
/Users/ggcstaff/CarND-Term1-Starter-Kit/CarND-Behavioral-Cloning-P3/dataCW/IMG/center_2017_09_04_12_12_16_965.jpg,/Users/ggcstaff/CarND-Term1-Starter-Kit/CarND-Behavioral-Cloning-P3/dataCW/IMG/left_2017_09_04_12_12_16_965.jpg,/Users/ggcstaff/CarND-Term1-Starter-Kit/CarND-Behavioral-Cloning-P3/dataCW/IMG/right_2017_09_04_12_12_16_965.jpg,0.03478774,1,0,30.19026
/Users/ggcstaff/CarND-Term1-Starter-Kit/CarND-Behavioral-Cloning-P3/dataCW/IMG/center_2017_09_04_12_12_17_038.jpg,/Users/ggcstaff/CarND-Term1-Starter-Kit/CarND-Behavioral-Cloning-P3/dataCW/IMG/left_2017_09_04_12_12_17_038.jpg,/Users/ggcstaff/CarND-Term1-Starter-Kit/CarND-Behavioral-Cloning-P3/dataCW/IMG/right_2017_09_04_12_12_17_038.jpg,0.03478774,1,0,30.19027
/Users/ggcstaff/CarND-Term1-Starter-Kit/CarND-Behavioral-Cloning-P3/dataCW/IMG/center_2017_09_04_12_12_17_107.jpg,/Users/ggcstaff/CarND-Term1-Starter-Kit/CarND-Behavioral-Cloning-P3/dataCW/IMG/left_2017_09_04_12_12_17_107.jpg,/Users/ggcstaff/CarND-Term1-Starter-Kit/CarND-Behavioral-Cloning-P3/dataCW/IMG/right_2017_09_04_12_12_17_107.jpg,0.03478774,1,0,30.19027
/Users/ggcstaff/CarND-Term1-Starter-Kit/CarND-Behavioral-Cloning-P3/dataCW/IMG/center_2017_09_04_12_12_17_174.jpg,/Users/ggcstaff/CarND-Term1-Starter-Kit/CarND-Behavioral-Cloning-P3/dataCW/IMG/left_2017_09_04_12_12_17_174.jpg,/Users/ggcstaff/CarND-Term1-Starter-Kit/CarND-Behavioral-Cloning-P3/dataCW/IMG/right_2017_09_04_12_12_17_174.jpg,0.02152123,1,0,30.19033
/Users/ggcstaff/CarND-Term1-Starter-Kit/CarND-Behavioral-Cloning-P3/dataCW/IMG/center_2017_09_04_12_12_17_244.jpg,/Users/ggcstaff/CarND-Term1-Starter-Kit/CarND-Behavioral-Cloning-P3/dataCW/IMG/left_2017_09_04_12_12_17_244.jpg,/Users/ggcstaff/CarND-Term1-Starter-Kit/CarND-Behavioral-Cloning-P3/dataCW/IMG/right_2017_09_04_12_12_17_244.jpg,0.02152123,1,0,30.19033
/Users/ggcstaff/CarND-Term1-Starter-Kit/CarND-Behavioral-Cloning-P3/dataCW/IMG/center_2017_09_04_12_12_17_311.jpg,/Users/ggcstaff/CarND-Term1-Starter-Kit/CarND-Behavioral-Cloning-P3/dataCW/IMG/left_2017_09_04_12_12_17_311.jpg,/Users/ggcstaff/CarND-Term1-Starter-Kit/CarND-Behavioral-Cloning-P3/dataCW/IMG/right_2017_09_04_12_12_17_311.jpg,0.02152123,1,0,30.19031
/Users/ggcstaff/CarND-Term1-Starter-Kit/CarND-Behavioral-Cloning-P3/dataCW/IMG/center_2017_09_04_12_12_17_378.jpg,/Users/ggcstaff/CarND-Term1-Starter-Kit/CarND-Behavioral-Cloning-P3/dataCW/IMG/left_2017_09_04_12_12_17_378.jpg,/Users/ggcstaff/CarND-Term1-Starter-Kit/CarND-Behavioral-Cloning-P3/dataCW/IMG/right_2017_09_04_12_12_17_378.jpg,0.02152123,1,0,30.1903
/Users/ggcstaff/CarND-Term1-Starter-Kit/CarND-Behavioral-Cloning-P3/dataCW/IMG/center_2017_09_04_12_12_17_451.jpg,/Users/ggcstaff/CarND-Term1-Starter-Kit/CarND-Behavioral-Cloning-P3/dataCW/IMG/left_2017_09_04_12_12_17_451.jpg,/Users/ggcstaff/CarND-Term1-Starter-Kit/CarND-Behavioral-Cloning-P3/dataCW/IMG/right_2017_09_04_12_12_17_451.jpg,0.02152123,1,0,30.19031
/Users/ggcstaff/CarND-Term1-Starter-Kit/CarND-Behavioral-Cloning-P3/dataCW/IMG/center_2017_09_04_12_12_17_519.jpg,/Users/ggcstaff/CarND-Term1-Starter-Kit/CarND-Behavioral-Cloning-P3/dataCW/IMG/left_2017_09_04_12_12_17_519.jpg,/Users/ggcstaff/CarND-Term1-Starter-Kit/CarND-Behavioral-Cloning-P3/dataCW/IMG/right_2017_09_04_12_12_17_519.jpg,0.02152123,1,0,30.1903
/Users/ggcstaff/CarND-Term1-Starter-Kit/CarND-Behavioral-Cloning-P3/dataCW/IMG/center_2017_09_04_12_12_17_587.jpg,/Users/ggcstaff/CarND-Term1-Starter-Kit/CarND-Behavioral-Cloning-P3/dataCW/IMG/left_2017_09_04_12_12_17_587.jpg,/Users/ggcstaff/CarND-Term1-Starter-Kit/CarND-Behavioral-Cloning-P3/dataCW/IMG/right_2017_09_04_12_12_17_587.jpg,0.02152123,1,0,30.19028
/Users/ggcstaff/CarND-Term1-Starter-Kit/CarND-Behavioral-Cloning-P3/dataCW/IMG/center_2017_09_04_12_12_17_654.jpg,/Users/ggcstaff/CarND-Term1-Starter-Kit/CarND-Behavioral-Cloning-P3/dataCW/IMG/left_2017_09_04_12_12_17_654.jpg,/Users/ggcstaff/CarND-Term1-Starter-Kit/CarND-Behavioral-Cloning-P3/dataCW/IMG/right_2017_09_04_12_12_17_654.jpg,0.02152123,1,0,30.19027
/Users/ggcstaff/CarND-Term1-Starter-Kit/CarND-Behavioral-Cloning-P3/dataCW/IMG/center_2017_09_04_12_12_17_723.jpg,/Users/ggcstaff/CarND-Term1-Starter-Kit/CarND-Behavioral-Cloning-P3/dataCW/IMG/left_2017_09_04_12_12_17_723.jpg,/Users/ggcstaff/CarND-Term1-Starter-Kit/CarND-Behavioral-Cloning-P3/dataCW/IMG/right_2017_09_04_12_12_17_723.jpg,0.02152123,1,0,30.1903
/Users/ggcstaff/CarND-Term1-Starter-Kit/CarND-Behavioral-Cloning-P3/dataCW/IMG/center_2017_09_04_12_12_17_798.jpg,/Users/ggcstaff/CarND-Term1-Starter-Kit/CarND-Behavioral-Cloning-P3/dataCW/IMG/left_2017_09_04_12_12_17_798.jpg,/Users/ggcstaff/CarND-Term1-Starter-Kit/CarND-Behavioral-Cloning-P3/dataCW/IMG/right_2017_09_04_12_12_17_798.jpg,0.02152123,1,0,30.19029
/Users/ggcstaff/CarND-Term1-Starter-Kit/CarND-Behavioral-Cloning-P3/dataCW/IMG/center_2017_09_04_12_12_17_872.jpg,/Users/ggcstaff/CarND-Term1-Starter-Kit/CarND-Behavioral-Cloning-P3/dataCW/IMG/left_2017_09_04_12_12_17_872.jpg,/Users/ggcstaff/CarND-Term1-Starter-Kit/CarND-Behavioral-Cloning-P3/dataCW/IMG/right_2017_09_04_12_12_17_872.jpg,0.02152123,1,0,30.19029
/Users/ggcstaff/CarND-Term1-Starter-Kit/CarND-Behavioral-Cloning-P3/dataCW/IMG/center_2017_09_04_12_12_17_939.jpg,/Users/ggcstaff/CarND-Term1-Starter-Kit/CarND-Behavioral-Cloning-P3/dataCW/IMG/left_2017_09_04_12_12_17_939.jpg,/Users/ggcstaff/CarND-Term1-Starter-Kit/CarND-Behavioral-Cloning-P3/dataCW/IMG/right_2017_09_04_12_12_17_939.jpg,0.02152123,1,0,30.19029
/Users/ggcstaff/CarND-Term1-Starter-Kit/CarND-Behavioral-Cloning-P3/dataCW/IMG/center_2017_09_04_12_12_18_009.jpg,/Users/ggcstaff/CarND-Term1-Starter-Kit/CarND-Behavioral-Cloning-P3/dataCW/IMG/left_2017_09_04_12_12_18_009.jpg,/Users/ggcstaff/CarND-Term1-Starter-Kit/CarND-Behavioral-Cloning-P3/dataCW/IMG/right_2017_09_04_12_12_18_009.jpg,0.02152123,1,0,30.19029
/Users/ggcstaff/CarND-Term1-Starter-Kit/CarND-Behavioral-Cloning-P3/dataCW/IMG/center_2017_09_04_12_12_18_080.jpg,/Users/ggcstaff/CarND-Term1-Starter-Kit/CarND-Behavioral-Cloning-P3/dataCW/IMG/left_2017_09_04_12_12_18_080.jpg,/Users/ggcstaff/CarND-Term1-Starter-Kit/CarND-Behavioral-Cloning-P3/dataCW/IMG/right_2017_09_04_12_12_18_080.jpg,0.02152123,1,0,30.19028
/Users/ggcstaff/CarND-Term1-Starter-Kit/CarND-Behavioral-Cloning-P3/dataCW/IMG/center_2017_09_04_12_12_18_148.jpg,/Users/ggcstaff/CarND-Term1-Starter-Kit/CarND-Behavioral-Cloning-P3/dataCW/IMG/left_2017_09_04_12_12_18_148.jpg,/Users/ggcstaff/CarND-Term1-Starter-Kit/CarND-Behavioral-Cloning-P3/dataCW/IMG/right_2017_09_04_12_12_18_148.jpg,0.02152123,1,0,30.1903
/Users/ggcstaff/CarND-Term1-Starter-Kit/CarND-Behavioral-Cloning-P3/dataCW/IMG/center_2017_09_04_12_12_18_218.jpg,/Users/ggcstaff/CarND-Term1-Starter-Kit/CarND-Behavioral-Cloning-P3/dataCW/IMG/left_2017_09_04_12_12_18_218.jpg,/Users/ggcstaff/CarND-Term1-Starter-Kit/CarND-Behavioral-Cloning-P3/dataCW/IMG/right_2017_09_04_12_12_18_218.jpg,0.02152123,1,0,30.19031
/Users/ggcstaff/CarND-Term1-Starter-Kit/CarND-Behavioral-Cloning-P3/dataCW/IMG/center_2017_09_04_12_12_18_285.jpg,/Users/ggcstaff/CarND-Term1-Starter-Kit/CarND-Behavioral-Cloning-P3/dataCW/IMG/left_2017_09_04_12_12_18_285.jpg,/Users/ggcstaff/CarND-Term1-Starter-Kit/CarND-Behavioral-Cloning-P3/dataCW/IMG/right_2017_09_04_12_12_18_285.jpg,0.02152123,1,0,30.19029
/Users/ggcstaff/CarND-Term1-Starter-Kit/CarND-Behavioral-Cloning-P3/dataCW/IMG/center_2017_09_04_12_12_18_353.jpg,/Users/ggcstaff/CarND-Term1-Starter-Kit/CarND-Behavioral-Cloning-P3/dataCW/IMG/left_2017_09_04_12_12_18_353.jpg,/Users/ggcstaff/CarND-Term1-Starter-Kit/CarND-Behavioral-Cloning-P3/dataCW/IMG/right_2017_09_04_12_12_18_353.jpg,0.02152123,1,0,30.19029
/Users/ggcstaff/CarND-Term1-Starter-Kit/CarND-Behavioral-Cloning-P3/dataCW/IMG/center_2017_09_04_12_12_18_423.jpg,/Users/ggcstaff/CarND-Term1-Starter-Kit/CarND-Behavioral-Cloning-P3/dataCW/IMG/left_2017_09_04_12_12_18_423.jpg,/Users/ggcstaff/CarND-Term1-Starter-Kit/CarND-Behavioral-Cloning-P3/dataCW/IMG/right_2017_09_04_12_12_18_423.jpg,0.02152123,1,0,30.19029
/Users/ggcstaff/CarND-Term1-Starter-Kit/CarND-Behavioral-Cloning-P3/dataCW/IMG/center_2017_09_04_12_12_18_491.jpg,/Users/ggcstaff/CarND-Term1-Starter-Kit/CarND-Behavioral-Cloning-P3/dataCW/IMG/left_2017_09_04_12_12_18_491.jpg,/Users/ggcstaff/CarND-Term1-Starter-Kit/CarND-Behavioral-Cloning-P3/dataCW/IMG/right_2017_09_04_12_12_18_491.jpg,0.02152123,1,0,30.19029
/Users/ggcstaff/CarND-Term1-Starter-Kit/CarND-Behavioral-Cloning-P3/dataCW/IMG/center_2017_09_04_12_12_18_567.jpg,/Users/ggcstaff/CarND-Term1-Starter-Kit/CarND-Behavioral-Cloning-P3/dataCW/IMG/left_2017_09_04_12_12_18_567.jpg,/Users/ggcstaff/CarND-Term1-Starter-Kit/CarND-Behavioral-Cloning-P3/dataCW/IMG/right_2017_09_04_12_12_18_567.jpg,0.02152123,1,0,30.19027
/Users/ggcstaff/CarND-Term1-Starter-Kit/CarND-Behavioral-Cloning-P3/dataCW/IMG/center_2017_09_04_12_12_18_638.jpg,/Users/ggcstaff/CarND-Term1-Starter-Kit/CarND-Behavioral-Cloning-P3/dataCW/IMG/left_2017_09_04_12_12_18_638.jpg,/Users/ggcstaff/CarND-Term1-Starter-Kit/CarND-Behavioral-Cloning-P3/dataCW/IMG/right_2017_09_04_12_12_18_638.jpg,0.02152123,1,0,30.1903
/Users/ggcstaff/CarND-Term1-Starter-Kit/CarND-Behavioral-Cloning-P3/dataCW/IMG/center_2017_09_04_12_12_18_706.jpg,/Users/ggcstaff/CarND-Term1-Starter-Kit/CarND-Behavioral-Cloning-P3/dataCW/IMG/left_2017_09_04_12_12_18_706.jpg,/Users/ggcstaff/CarND-Term1-Starter-Kit/CarND-Behavioral-Cloning-P3/dataCW/IMG/right_2017_09_04_12_12_18_706.jpg,0.02152123,1,0,30.19029
/Users/ggcstaff/CarND-Term1-Starter-Kit/CarND-Behavioral-Cloning-P3/dataCW/IMG/center_2017_09_04_12_12_18_780.jpg,/Users/ggcstaff/CarND-Term1-Starter-Kit/CarND-Behavioral-Cloning-P3/dataCW/IMG/left_2017_09_04_12_12_18_780.jpg,/Users/ggcstaff/CarND-Term1-Starter-Kit/CarND-Behavioral-Cloning-P3/dataCW/IMG/right_2017_09_04_12_12_18_780.jpg,0.02152123,1,0,30.19027
/Users/ggcstaff/CarND-Term1-Starter-Kit/CarND-Behavioral-Cloning-P3/dataCW/IMG/center_2017_09_04_12_12_18_855.jpg,/Users/ggcstaff/CarND-Term1-Starter-Kit/CarND-Behavioral-Cloning-P3/dataCW/IMG/left_2017_09_04_12_12_18_855.jpg,/Users/ggcstaff/CarND-Term1-Starter-Kit/CarND-Behavioral-Cloning-P3/dataCW/IMG/right_2017_09_04_12_12_18_855.jpg,0.02152123,1,0,30.19029
/Users/ggcstaff/CarND-Term1-Starter-Kit/CarND-Behavioral-Cloning-P3/dataCW/IMG/center_2017_09_04_12_12_18_922.jpg,/Users/ggcstaff/CarND-Term1-Starter-Kit/CarND-Behavioral-Cloning-P3/dataCW/IMG/left_2017_09_04_12_12_18_922.jpg,/Users/ggcstaff/CarND-Term1-Starter-Kit/CarND-Behavioral-Cloning-P3/dataCW/IMG/right_2017_09_04_12_12_18_922.jpg,0.02152123,1,0,30.19025
/Users/ggcstaff/CarND-Term1-Starter-Kit/CarND-Behavioral-Cloning-P3/dataCW/IMG/center_2017_09_04_12_12_18_990.jpg,/Users/ggcstaff/CarND-Term1-Starter-Kit/CarND-Behavioral-Cloning-P3/dataCW/IMG/left_2017_09_04_12_12_18_990.jpg,/Users/ggcstaff/CarND-Term1-Starter-Kit/CarND-Behavioral-Cloning-P3/dataCW/IMG/right_2017_09_04_12_12_18_990.jpg,0.02152123,1,0,30.19028
/Users/ggcstaff/CarND-Term1-Starter-Kit/CarND-Behavioral-Cloning-P3/dataCW/IMG/center_2017_09_04_12_12_19_061.jpg,/Users/ggcstaff/CarND-Term1-Starter-Kit/CarND-Behavioral-Cloning-P3/dataCW/IMG/left_2017_09_04_12_12_19_061.jpg,/Users/ggcstaff/CarND-Term1-Starter-Kit/CarND-Behavioral-Cloning-P3/dataCW/IMG/right_2017_09_04_12_12_19_061.jpg,0.02152123,1,0,30.19027
/Users/ggcstaff/CarND-Term1-Starter-Kit/CarND-Behavioral-Cloning-P3/dataCW/IMG/center_2017_09_04_12_12_19_136.jpg,/Users/ggcstaff/CarND-Term1-Starter-Kit/CarND-Behavioral-Cloning-P3/dataCW/IMG/left_2017_09_04_12_12_19_136.jpg,/Users/ggcstaff/CarND-Term1-Starter-Kit/CarND-Behavioral-Cloning-P3/dataCW/IMG/right_2017_09_04_12_12_19_136.jpg,0.02152123,1,0,30.19026
/Users/ggcstaff/CarND-Term1-Starter-Kit/CarND-Behavioral-Cloning-P3/dataCW/IMG/center_2017_09_04_12_12_19_203.jpg,/Users/ggcstaff/CarND-Term1-Starter-Kit/CarND-Behavioral-Cloning-P3/dataCW/IMG/left_2017_09_04_12_12_19_203.jpg,/Users/ggcstaff/CarND-Term1-Starter-Kit/CarND-Behavioral-Cloning-P3/dataCW/IMG/right_2017_09_04_12_12_19_203.jpg,0.02152123,1,0,30.1903
/Users/ggcstaff/CarND-Term1-Starter-Kit/CarND-Behavioral-Cloning-P3/dataCW/IMG/center_2017_09_04_12_12_19_276.jpg,/Users/ggcstaff/CarND-Term1-Starter-Kit/CarND-Behavioral-Cloning-P3/dataCW/IMG/left_2017_09_04_12_12_19_276.jpg,/Users/ggcstaff/CarND-Term1-Starter-Kit/CarND-Behavioral-Cloning-P3/dataCW/IMG/right_2017_09_04_12_12_19_276.jpg,0.02152123,1,0,30.19029
/Users/ggcstaff/CarND-Term1-Starter-Kit/CarND-Behavioral-Cloning-P3/dataCW/IMG/center_2017_09_04_12_12_19_343.jpg,/Users/ggcstaff/CarND-Term1-Starter-Kit/CarND-Behavioral-Cloning-P3/dataCW/IMG/left_2017_09_04_12_12_19_343.jpg,/Users/ggcstaff/CarND-Term1-Starter-Kit/CarND-Behavioral-Cloning-P3/dataCW/IMG/right_2017_09_04_12_12_19_343.jpg,0.02152123,1,0,30.19029
/Users/ggcstaff/CarND-Term1-Starter-Kit/CarND-Behavioral-Cloning-P3/dataCW/IMG/center_2017_09_04_12_12_19_412.jpg,/Users/ggcstaff/CarND-Term1-Starter-Kit/CarND-Behavioral-Cloning-P3/dataCW/IMG/left_2017_09_04_12_12_19_412.jpg,/Users/ggcstaff/CarND-Term1-Starter-Kit/CarND-Behavioral-Cloning-P3/dataCW/IMG/right_2017_09_04_12_12_19_412.jpg,0.02152123,1,0,30.19028
/Users/ggcstaff/CarND-Term1-Starter-Kit/CarND-Behavioral-Cloning-P3/dataCW/IMG/center_2017_09_04_12_12_19_481.jpg,/Users/ggcstaff/CarND-Term1-Starter-Kit/CarND-Behavioral-Cloning-P3/dataCW/IMG/left_2017_09_04_12_12_19_481.jpg,/Users/ggcstaff/CarND-Term1-Starter-Kit/CarND-Behavioral-Cloning-P3/dataCW/IMG/right_2017_09_04_12_12_19_481.jpg,0.02152123,1,0,30.19029
/Users/ggcstaff/CarND-Term1-Starter-Kit/CarND-Behavioral-Cloning-P3/dataCW/IMG/center_2017_09_04_12_12_19_550.jpg,/Users/ggcstaff/CarND-Term1-Starter-Kit/CarND-Behavioral-Cloning-P3/dataCW/IMG/left_2017_09_04_12_12_19_550.jpg,/Users/ggcstaff/CarND-Term1-Starter-Kit/CarND-Behavioral-Cloning-P3/dataCW/IMG/right_2017_09_04_12_12_19_550.jpg,0.02152123,1,0,30.19028
/Users/ggcstaff/CarND-Term1-Starter-Kit/CarND-Behavioral-Cloning-P3/dataCW/IMG/center_2017_09_04_12_12_19_618.jpg,/Users/ggcstaff/CarND-Term1-Starter-Kit/CarND-Behavioral-Cloning-P3/dataCW/IMG/left_2017_09_04_12_12_19_618.jpg,/Users/ggcstaff/CarND-Term1-Starter-Kit/CarND-Behavioral-Cloning-P3/dataCW/IMG/right_2017_09_04_12_12_19_618.jpg,0.02152123,1,0,30.19029
/Users/ggcstaff/CarND-Term1-Starter-Kit/CarND-Behavioral-Cloning-P3/dataCW/IMG/center_2017_09_04_12_12_19_691.jpg,/Users/ggcstaff/CarND-Term1-Starter-Kit/CarND-Behavioral-Cloning-P3/dataCW/IMG/left_2017_09_04_12_12_19_691.jpg,/Users/ggcstaff/CarND-Term1-Starter-Kit/CarND-Behavioral-Cloning-P3/dataCW/IMG/right_2017_09_04_12_12_19_691.jpg,0.02152123,1,0,30.19029
/Users/ggcstaff/CarND-Term1-Starter-Kit/CarND-Behavioral-Cloning-P3/dataCW/IMG/center_2017_09_04_12_12_19_761.jpg,/Users/ggcstaff/CarND-Term1-Starter-Kit/CarND-Behavioral-Cloning-P3/dataCW/IMG/left_2017_09_04_12_12_19_761.jpg,/Users/ggcstaff/CarND-Term1-Starter-Kit/CarND-Behavioral-Cloning-P3/dataCW/IMG/right_2017_09_04_12_12_19_761.jpg,0.02152123,1,0,30.19028
/Users/ggcstaff/CarND-Term1-Starter-Kit/CarND-Behavioral-Cloning-P3/dataCW/IMG/center_2017_09_04_12_12_19_828.jpg,/Users/ggcstaff/CarND-Term1-Starter-Kit/CarND-Behavioral-Cloning-P3/dataCW/IMG/left_2017_09_04_12_12_19_828.jpg,/Users/ggcstaff/CarND-Term1-Starter-Kit/CarND-Behavioral-Cloning-P3/dataCW/IMG/right_2017_09_04_12_12_19_828.jpg,0.02152123,1,0,30.19028
/Users/ggcstaff/CarND-Term1-Starter-Kit/CarND-Behavioral-Cloning-P3/dataCW/IMG/center_2017_09_04_12_12_19_898.jpg,/Users/ggcstaff/CarND-Term1-Starter-Kit/CarND-Behavioral-Cloning-P3/dataCW/IMG/left_2017_09_04_12_12_19_898.jpg,/Users/ggcstaff/CarND-Term1-Starter-Kit/CarND-Behavioral-Cloning-P3/dataCW/IMG/right_2017_09_04_12_12_19_898.jpg,0.02152123,1,0,30.19028
/Users/ggcstaff/CarND-Term1-Starter-Kit/CarND-Behavioral-Cloning-P3/dataCW/IMG/center_2017_09_04_12_12_19_967.jpg,/Users/ggcstaff/CarND-Term1-Starter-Kit/CarND-Behavioral-Cloning-P3/dataCW/IMG/left_2017_09_04_12_12_19_967.jpg,/Users/ggcstaff/CarND-Term1-Starter-Kit/CarND-Behavioral-Cloning-P3/dataCW/IMG/right_2017_09_04_12_12_19_967.jpg,0.02152123,1,0,30.1903
/Users/ggcstaff/CarND-Term1-Starter-Kit/CarND-Behavioral-Cloning-P3/dataCW/IMG/center_2017_09_04_12_12_20_035.jpg,/Users/ggcstaff/CarND-Term1-Starter-Kit/CarND-Behavioral-Cloning-P3/dataCW/IMG/left_2017_09_04_12_12_20_035.jpg,/Users/ggcstaff/CarND-Term1-Starter-Kit/CarND-Behavioral-Cloning-P3/dataCW/IMG/right_2017_09_04_12_12_20_035.jpg,0.02152123,1,0,30.19028
/Users/ggcstaff/CarND-Term1-Starter-Kit/CarND-Behavioral-Cloning-P3/dataCW/IMG/center_2017_09_04_12_12_20_105.jpg,/Users/ggcstaff/CarND-Term1-Starter-Kit/CarND-Behavioral-Cloning-P3/dataCW/IMG/left_2017_09_04_12_12_20_105.jpg,/Users/ggcstaff/CarND-Term1-Starter-Kit/CarND-Behavioral-Cloning-P3/dataCW/IMG/right_2017_09_04_12_12_20_105.jpg,0.02152123,1,0,30.19029
/Users/ggcstaff/CarND-Term1-Starter-Kit/CarND-Behavioral-Cloning-P3/dataCW/IMG/center_2017_09_04_12_12_20_172.jpg,/Users/ggcstaff/CarND-Term1-Starter-Kit/CarND-Behavioral-Cloning-P3/dataCW/IMG/left_2017_09_04_12_12_20_172.jpg,/Users/ggcstaff/CarND-Term1-Starter-Kit/CarND-Behavioral-Cloning-P3/dataCW/IMG/right_2017_09_04_12_12_20_172.jpg,0.02152123,1,0,30.19017
/Users/ggcstaff/CarND-Term1-Starter-Kit/CarND-Behavioral-Cloning-P3/dataCW/IMG/center_2017_09_04_12_12_20_240.jpg,/Users/ggcstaff/CarND-Term1-Starter-Kit/CarND-Behavioral-Cloning-P3/dataCW/IMG/left_2017_09_04_12_12_20_240.jpg,/Users/ggcstaff/CarND-Term1-Starter-Kit/CarND-Behavioral-Cloning-P3/dataCW/IMG/right_2017_09_04_12_12_20_240.jpg,0.02152123,1,0,30.19032
/Users/ggcstaff/CarND-Term1-Starter-Kit/CarND-Behavioral-Cloning-P3/dataCW/IMG/center_2017_09_04_12_12_20_313.jpg,/Users/ggcstaff/CarND-Term1-Starter-Kit/CarND-Behavioral-Cloning-P3/dataCW/IMG/left_2017_09_04_12_12_20_313.jpg,/Users/ggcstaff/CarND-Term1-Starter-Kit/CarND-Behavioral-Cloning-P3/dataCW/IMG/right_2017_09_04_12_12_20_313.jpg,0.02152123,1,0,30.19029
/Users/ggcstaff/CarND-Term1-Starter-Kit/CarND-Behavioral-Cloning-P3/dataCW/IMG/center_2017_09_04_12_12_20_379.jpg,/Users/ggcstaff/CarND-Term1-Starter-Kit/CarND-Behavioral-Cloning-P3/dataCW/IMG/left_2017_09_04_12_12_20_379.jpg,/Users/ggcstaff/CarND-Term1-Starter-Kit/CarND-Behavioral-Cloning-P3/dataCW/IMG/right_2017_09_04_12_12_20_379.jpg,0.02152123,1,0,30.19031
/Users/ggcstaff/CarND-Term1-Starter-Kit/CarND-Behavioral-Cloning-P3/dataCW/IMG/center_2017_09_04_12_12_20_450.jpg,/Users/ggcstaff/CarND-Term1-Starter-Kit/CarND-Behavioral-Cloning-P3/dataCW/IMG/left_2017_09_04_12_12_20_450.jpg,/Users/ggcstaff/CarND-Term1-Starter-Kit/CarND-Behavioral-Cloning-P3/dataCW/IMG/right_2017_09_04_12_12_20_450.jpg,0.02152123,1,0,30.19028
/Users/ggcstaff/CarND-Term1-Starter-Kit/CarND-Behavioral-Cloning-P3/dataCW/IMG/center_2017_09_04_12_12_20_520.jpg,/Users/ggcstaff/CarND-Term1-Starter-Kit/CarND-Behavioral-Cloning-P3/dataCW/IMG/left_2017_09_04_12_12_20_520.jpg,/Users/ggcstaff/CarND-Term1-Starter-Kit/CarND-Behavioral-Cloning-P3/dataCW/IMG/right_2017_09_04_12_12_20_520.jpg,0.02152123,1,0,30.1903
/Users/ggcstaff/CarND-Term1-Starter-Kit/CarND-Behavioral-Cloning-P3/dataCW/IMG/center_2017_09_04_12_12_20_594.jpg,/Users/ggcstaff/CarND-Term1-Starter-Kit/CarND-Behavioral-Cloning-P3/dataCW/IMG/left_2017_09_04_12_12_20_594.jpg,/Users/ggcstaff/CarND-Term1-Starter-Kit/CarND-Behavioral-Cloning-P3/dataCW/IMG/right_2017_09_04_12_12_20_594.jpg,0.02152123,1,0,30.1903
/Users/ggcstaff/CarND-Term1-Starter-Kit/CarND-Behavioral-Cloning-P3/dataCW/IMG/center_2017_09_04_12_12_20_668.jpg,/Users/ggcstaff/CarND-Term1-Starter-Kit/CarND-Behavioral-Cloning-P3/dataCW/IMG/left_2017_09_04_12_12_20_668.jpg,/Users/ggcstaff/CarND-Term1-Starter-Kit/CarND-Behavioral-Cloning-P3/dataCW/IMG/right_2017_09_04_12_12_20_668.jpg,0.02152123,1,0,30.19027
/Users/ggcstaff/CarND-Term1-Starter-Kit/CarND-Behavioral-Cloning-P3/dataCW/IMG/center_2017_09_04_12_12_20_742.jpg,/Users/ggcstaff/CarND-Term1-Starter-Kit/CarND-Behavioral-Cloning-P3/dataCW/IMG/left_2017_09_04_12_12_20_742.jpg,/Users/ggcstaff/CarND-Term1-Starter-Kit/CarND-Behavioral-Cloning-P3/dataCW/IMG/right_2017_09_04_12_12_20_742.jpg,0.03136056,1,0,30.19021
/Users/ggcstaff/CarND-Term1-Starter-Kit/CarND-Behavioral-Cloning-P3/dataCW/IMG/center_2017_09_04_12_12_20_816.jpg,/Users/ggcstaff/CarND-Term1-Starter-Kit/CarND-Behavioral-Cloning-P3/dataCW/IMG/left_2017_09_04_12_12_20_816.jpg,/Users/ggcstaff/CarND-Term1-Starter-Kit/CarND-Behavioral-Cloning-P3/dataCW/IMG/right_2017_09_04_12_12_20_816.jpg,0.04119988,1,0,30.19012
/Users/ggcstaff/CarND-Term1-Starter-Kit/CarND-Behavioral-Cloning-P3/dataCW/IMG/center_2017_09_04_12_12_20_885.jpg,/Users/ggcstaff/CarND-Term1-Starter-Kit/CarND-Behavioral-Cloning-P3/dataCW/IMG/left_2017_09_04_12_12_20_885.jpg,/Users/ggcstaff/CarND-Term1-Starter-Kit/CarND-Behavioral-Cloning-P3/dataCW/IMG/right_2017_09_04_12_12_20_885.jpg,0.04119988,1,0,30.19018
/Users/ggcstaff/CarND-Term1-Starter-Kit/CarND-Behavioral-Cloning-P3/dataCW/IMG/center_2017_09_04_12_12_20_959.jpg,/Users/ggcstaff/CarND-Term1-Starter-Kit/CarND-Behavioral-Cloning-P3/dataCW/IMG/left_2017_09_04_12_12_20_959.jpg,/Users/ggcstaff/CarND-Term1-Starter-Kit/CarND-Behavioral-Cloning-P3/dataCW/IMG/right_2017_09_04_12_12_20_959.jpg,0.04119988,1,0,30.19019
/Users/ggcstaff/CarND-Term1-Starter-Kit/CarND-Behavioral-Cloning-P3/dataCW/IMG/center_2017_09_04_12_12_21_029.jpg,/Users/ggcstaff/CarND-Term1-Starter-Kit/CarND-Behavioral-Cloning-P3/dataCW/IMG/left_2017_09_04_12_12_21_029.jpg,/Users/ggcstaff/CarND-Term1-Starter-Kit/CarND-Behavioral-Cloning-P3/dataCW/IMG/right_2017_09_04_12_12_21_029.jpg,0.04119988,1,0,30.19024
/Users/ggcstaff/CarND-Term1-Starter-Kit/CarND-Behavioral-Cloning-P3/dataCW/IMG/center_2017_09_04_12_12_21_100.jpg,/Users/ggcstaff/CarND-Term1-Starter-Kit/CarND-Behavioral-Cloning-P3/dataCW/IMG/left_2017_09_04_12_12_21_100.jpg,/Users/ggcstaff/CarND-Term1-Starter-Kit/CarND-Behavioral-Cloning-P3/dataCW/IMG/right_2017_09_04_12_12_21_100.jpg,0.04119988,1,0,30.19024
/Users/ggcstaff/CarND-Term1-Starter-Kit/CarND-Behavioral-Cloning-P3/dataCW/IMG/center_2017_09_04_12_12_21_168.jpg,/Users/ggcstaff/CarND-Term1-Starter-Kit/CarND-Behavioral-Cloning-P3/dataCW/IMG/left_2017_09_04_12_12_21_168.jpg,/Users/ggcstaff/CarND-Term1-Starter-Kit/CarND-Behavioral-Cloning-P3/dataCW/IMG/right_2017_09_04_12_12_21_168.jpg,0.04119988,1,0,30.19025
/Users/ggcstaff/CarND-Term1-Starter-Kit/CarND-Behavioral-Cloning-P3/dataCW/IMG/center_2017_09_04_12_12_21_238.jpg,/Users/ggcstaff/CarND-Term1-Starter-Kit/CarND-Behavioral-Cloning-P3/dataCW/IMG/left_2017_09_04_12_12_21_238.jpg,/Users/ggcstaff/CarND-Term1-Starter-Kit/CarND-Behavioral-Cloning-P3/dataCW/IMG/right_2017_09_04_12_12_21_238.jpg,0.05103921,1,0,30.19013
/Users/ggcstaff/CarND-Term1-Starter-Kit/CarND-Behavioral-Cloning-P3/dataCW/IMG/center_2017_09_04_12_12_21_306.jpg,/Users/ggcstaff/CarND-Term1-Starter-Kit/CarND-Behavioral-Cloning-P3/dataCW/IMG/left_2017_09_04_12_12_21_306.jpg,/Users/ggcstaff/CarND-Term1-Starter-Kit/CarND-Behavioral-Cloning-P3/dataCW/IMG/right_2017_09_04_12_12_21_306.jpg,0.05103921,1,0,30.19016
/Users/ggcstaff/CarND-Term1-Starter-Kit/CarND-Behavioral-Cloning-P3/dataCW/IMG/center_2017_09_04_12_12_21_378.jpg,/Users/ggcstaff/CarND-Term1-Starter-Kit/CarND-Behavioral-Cloning-P3/dataCW/IMG/left_2017_09_04_12_12_21_378.jpg,/Users/ggcstaff/CarND-Term1-Starter-Kit/CarND-Behavioral-Cloning-P3/dataCW/IMG/right_2017_09_04_12_12_21_378.jpg,0.06087854,1,0,30.19007
/Users/ggcstaff/CarND-Term1-Starter-Kit/CarND-Behavioral-Cloning-P3/dataCW/IMG/center_2017_09_04_12_12_21_452.jpg,/Users/ggcstaff/CarND-Term1-Starter-Kit/CarND-Behavioral-Cloning-P3/dataCW/IMG/left_2017_09_04_12_12_21_452.jpg,/Users/ggcstaff/CarND-Term1-Starter-Kit/CarND-Behavioral-Cloning-P3/dataCW/IMG/right_2017_09_04_12_12_21_452.jpg,0.07399764,1,0,30.18988
/Users/ggcstaff/CarND-Term1-Starter-Kit/CarND-Behavioral-Cloning-P3/dataCW/IMG/center_2017_09_04_12_12_21_522.jpg,/Users/ggcstaff/CarND-Term1-Starter-Kit/CarND-Behavioral-Cloning-P3/dataCW/IMG/left_2017_09_04_12_12_21_522.jpg,/Users/ggcstaff/CarND-Term1-Starter-Kit/CarND-Behavioral-Cloning-P3/dataCW/IMG/right_2017_09_04_12_12_21_522.jpg,0.0805572,1,0,30.18978
/Users/ggcstaff/CarND-Term1-Starter-Kit/CarND-Behavioral-Cloning-P3/dataCW/IMG/center_2017_09_04_12_12_21_599.jpg,/Users/ggcstaff/CarND-Term1-Starter-Kit/CarND-Behavioral-Cloning-P3/dataCW/IMG/left_2017_09_04_12_12_21_599.jpg,/Users/ggcstaff/CarND-Term1-Starter-Kit/CarND-Behavioral-Cloning-P3/dataCW/IMG/right_2017_09_04_12_12_21_599.jpg,0.09039652,1,0,30.18963
/Users/ggcstaff/CarND-Term1-Starter-Kit/CarND-Behavioral-Cloning-P3/dataCW/IMG/center_2017_09_04_12_12_21_678.jpg,/Users/ggcstaff/CarND-Term1-Starter-Kit/CarND-Behavioral-Cloning-P3/dataCW/IMG/left_2017_09_04_12_12_21_678.jpg,/Users/ggcstaff/CarND-Term1-Starter-Kit/CarND-Behavioral-Cloning-P3/dataCW/IMG/right_2017_09_04_12_12_21_678.jpg,0.09695607,1,0,30.1897
/Users/ggcstaff/CarND-Term1-Starter-Kit/CarND-Behavioral-Cloning-P3/dataCW/IMG/center_2017_09_04_12_12_21_745.jpg,/Users/ggcstaff/CarND-Term1-Starter-Kit/CarND-Behavioral-Cloning-P3/dataCW/IMG/left_2017_09_04_12_12_21_745.jpg,/Users/ggcstaff/CarND-Term1-Starter-Kit/CarND-Behavioral-Cloning-P3/dataCW/IMG/right_2017_09_04_12_12_21_745.jpg,0.09695607,1,0,30.18984
/Users/ggcstaff/CarND-Term1-Starter-Kit/CarND-Behavioral-Cloning-P3/dataCW/IMG/center_2017_09_04_12_12_21_813.jpg,/Users/ggcstaff/CarND-Term1-Starter-Kit/CarND-Behavioral-Cloning-P3/dataCW/IMG/left_2017_09_04_12_12_21_813.jpg,/Users/ggcstaff/CarND-Term1-Starter-Kit/CarND-Behavioral-Cloning-P3/dataCW/IMG/right_2017_09_04_12_12_21_813.jpg,0.09695607,1,0,30.18995
/Users/ggcstaff/CarND-Term1-Starter-Kit/CarND-Behavioral-Cloning-P3/dataCW/IMG/center_2017_09_04_12_12_21_882.jpg,/Users/ggcstaff/CarND-Term1-Starter-Kit/CarND-Behavioral-Cloning-P3/dataCW/IMG/left_2017_09_04_12_12_21_882.jpg,/Users/ggcstaff/CarND-Term1-Starter-Kit/CarND-Behavioral-Cloning-P3/dataCW/IMG/right_2017_09_04_12_12_21_882.jpg,0.08037294,1,0,30.19034
/Users/ggcstaff/CarND-Term1-Starter-Kit/CarND-Behavioral-Cloning-P3/dataCW/IMG/center_2017_09_04_12_12_21_955.jpg,/Users/ggcstaff/CarND-Term1-Starter-Kit/CarND-Behavioral-Cloning-P3/dataCW/IMG/left_2017_09_04_12_12_21_955.jpg,/Users/ggcstaff/CarND-Term1-Starter-Kit/CarND-Behavioral-Cloning-P3/dataCW/IMG/right_2017_09_04_12_12_21_955.jpg,0.06047317,1,0,30.19048
/Users/ggcstaff/CarND-Term1-Starter-Kit/CarND-Behavioral-Cloning-P3/dataCW/IMG/center_2017_09_04_12_12_22_034.jpg,/Users/ggcstaff/CarND-Term1-Starter-Kit/CarND-Behavioral-Cloning-P3/dataCW/IMG/left_2017_09_04_12_12_22_034.jpg,/Users/ggcstaff/CarND-Term1-Starter-Kit/CarND-Behavioral-Cloning-P3/dataCW/IMG/right_2017_09_04_12_12_22_034.jpg,0.04389004,1,0,30.19051
/Users/ggcstaff/CarND-Term1-Starter-Kit/CarND-Behavioral-Cloning-P3/dataCW/IMG/center_2017_09_04_12_12_22_103.jpg,/Users/ggcstaff/CarND-Term1-Starter-Kit/CarND-Behavioral-Cloning-P3/dataCW/IMG/left_2017_09_04_12_12_22_103.jpg,/Users/ggcstaff/CarND-Term1-Starter-Kit/CarND-Behavioral-Cloning-P3/dataCW/IMG/right_2017_09_04_12_12_22_103.jpg,0.03062353,1,0,30.19045
/Users/ggcstaff/CarND-Term1-Starter-Kit/CarND-Behavioral-Cloning-P3/dataCW/IMG/center_2017_09_04_12_12_22_177.jpg,/Users/ggcstaff/CarND-Term1-Starter-Kit/CarND-Behavioral-Cloning-P3/dataCW/IMG/left_2017_09_04_12_12_22_177.jpg,/Users/ggcstaff/CarND-Term1-Starter-Kit/CarND-Behavioral-Cloning-P3/dataCW/IMG/right_2017_09_04_12_12_22_177.jpg,0.01735702,1,0,30.19037
/Users/ggcstaff/CarND-Term1-Starter-Kit/CarND-Behavioral-Cloning-P3/dataCW/IMG/center_2017_09_04_12_12_22_250.jpg,/Users/ggcstaff/CarND-Term1-Starter-Kit/CarND-Behavioral-Cloning-P3/dataCW/IMG/left_2017_09_04_12_12_22_250.jpg,/Users/ggcstaff/CarND-Term1-Starter-Kit/CarND-Behavioral-Cloning-P3/dataCW/IMG/right_2017_09_04_12_12_22_250.jpg,0.01404039,1,0,30.19036
/Users/ggcstaff/CarND-Term1-Starter-Kit/CarND-Behavioral-Cloning-P3/dataCW/IMG/center_2017_09_04_12_12_22_320.jpg,/Users/ggcstaff/CarND-Term1-Starter-Kit/CarND-Behavioral-Cloning-P3/dataCW/IMG/left_2017_09_04_12_12_22_320.jpg,/Users/ggcstaff/CarND-Term1-Starter-Kit/CarND-Behavioral-Cloning-P3/dataCW/IMG/right_2017_09_04_12_12_22_320.jpg,0.01404039,1,0,30.19033
/Users/ggcstaff/CarND-Term1-Starter-Kit/CarND-Behavioral-Cloning-P3/dataCW/IMG/center_2017_09_04_12_12_22_393.jpg,/Users/ggcstaff/CarND-Term1-Starter-Kit/CarND-Behavioral-Cloning-P3/dataCW/IMG/left_2017_09_04_12_12_22_393.jpg,/Users/ggcstaff/CarND-Term1-Starter-Kit/CarND-Behavioral-Cloning-P3/dataCW/IMG/right_2017_09_04_12_12_22_393.jpg,0.01404039,1,0,30.19031
/Users/ggcstaff/CarND-Term1-Starter-Kit/CarND-Behavioral-Cloning-P3/dataCW/IMG/center_2017_09_04_12_12_22_464.jpg,/Users/ggcstaff/CarND-Term1-Starter-Kit/CarND-Behavioral-Cloning-P3/dataCW/IMG/left_2017_09_04_12_12_22_464.jpg,/Users/ggcstaff/CarND-Term1-Starter-Kit/CarND-Behavioral-Cloning-P3/dataCW/IMG/right_2017_09_04_12_12_22_464.jpg,0.01404039,1,0,30.19031
/Users/ggcstaff/CarND-Term1-Starter-Kit/CarND-Behavioral-Cloning-P3/dataCW/IMG/center_2017_09_04_12_12_22_541.jpg,/Users/ggcstaff/CarND-Term1-Starter-Kit/CarND-Behavioral-Cloning-P3/dataCW/IMG/left_2017_09_04_12_12_22_541.jpg,/Users/ggcstaff/CarND-Term1-Starter-Kit/CarND-Behavioral-Cloning-P3/dataCW/IMG/right_2017_09_04_12_12_22_541.jpg,0.01404039,1,0,30.1903
/Users/ggcstaff/CarND-Term1-Starter-Kit/CarND-Behavioral-Cloning-P3/dataCW/IMG/center_2017_09_04_12_12_22_612.jpg,/Users/ggcstaff/CarND-Term1-Starter-Kit/CarND-Behavioral-Cloning-P3/dataCW/IMG/left_2017_09_04_12_12_22_612.jpg,/Users/ggcstaff/CarND-Term1-Starter-Kit/CarND-Behavioral-Cloning-P3/dataCW/IMG/right_2017_09_04_12_12_22_612.jpg,0.01404039,1,0,30.19032
/Users/ggcstaff/CarND-Term1-Starter-Kit/CarND-Behavioral-Cloning-P3/dataCW/IMG/center_2017_09_04_12_12_22_682.jpg,/Users/ggcstaff/CarND-Term1-Starter-Kit/CarND-Behavioral-Cloning-P3/dataCW/IMG/left_2017_09_04_12_12_22_682.jpg,/Users/ggcstaff/CarND-Term1-Starter-Kit/CarND-Behavioral-Cloning-P3/dataCW/IMG/right_2017_09_04_12_12_22_682.jpg,0.01404039,1,0,30.1903
/Users/ggcstaff/CarND-Term1-Starter-Kit/CarND-Behavioral-Cloning-P3/dataCW/IMG/center_2017_09_04_12_12_22_750.jpg,/Users/ggcstaff/CarND-Term1-Starter-Kit/CarND-Behavioral-Cloning-P3/dataCW/IMG/left_2017_09_04_12_12_22_750.jpg,/Users/ggcstaff/CarND-Term1-Starter-Kit/CarND-Behavioral-Cloning-P3/dataCW/IMG/right_2017_09_04_12_12_22_750.jpg,0.01404039,1,0,30.19028
/Users/ggcstaff/CarND-Term1-Starter-Kit/CarND-Behavioral-Cloning-P3/dataCW/IMG/center_2017_09_04_12_12_22_817.jpg,/Users/ggcstaff/CarND-Term1-Starter-Kit/CarND-Behavioral-Cloning-P3/dataCW/IMG/left_2017_09_04_12_12_22_817.jpg,/Users/ggcstaff/CarND-Term1-Starter-Kit/CarND-Behavioral-Cloning-P3/dataCW/IMG/right_2017_09_04_12_12_22_817.jpg,0.01404039,1,0,30.1903
/Users/ggcstaff/CarND-Term1-Starter-Kit/CarND-Behavioral-Cloning-P3/dataCW/IMG/center_2017_09_04_12_12_22_885.jpg,/Users/ggcstaff/CarND-Term1-Starter-Kit/CarND-Behavioral-Cloning-P3/dataCW/IMG/left_2017_09_04_12_12_22_885.jpg,/Users/ggcstaff/CarND-Term1-Starter-Kit/CarND-Behavioral-Cloning-P3/dataCW/IMG/right_2017_09_04_12_12_22_885.jpg,0.01404039,1,0,30.19031
/Users/ggcstaff/CarND-Term1-Starter-Kit/CarND-Behavioral-Cloning-P3/dataCW/IMG/center_2017_09_04_12_12_22_955.jpg,/Users/ggcstaff/CarND-Term1-Starter-Kit/CarND-Behavioral-Cloning-P3/dataCW/IMG/left_2017_09_04_12_12_22_955.jpg,/Users/ggcstaff/CarND-Term1-Starter-Kit/CarND-Behavioral-Cloning-P3/dataCW/IMG/right_2017_09_04_12_12_22_955.jpg,0.01404039,1,0,30.19031
/Users/ggcstaff/CarND-Term1-Starter-Kit/CarND-Behavioral-Cloning-P3/dataCW/IMG/center_2017_09_04_12_12_23_026.jpg,/Users/ggcstaff/CarND-Term1-Starter-Kit/CarND-Behavioral-Cloning-P3/dataCW/IMG/left_2017_09_04_12_12_23_026.jpg,/Users/ggcstaff/CarND-Term1-Starter-Kit/CarND-Behavioral-Cloning-P3/dataCW/IMG/right_2017_09_04_12_12_23_026.jpg,0.01404039,1,0,30.19029
/Users/ggcstaff/CarND-Term1-Starter-Kit/CarND-Behavioral-Cloning-P3/dataCW/IMG/center_2017_09_04_12_12_23_093.jpg,/Users/ggcstaff/CarND-Term1-Starter-Kit/CarND-Behavioral-Cloning-P3/dataCW/IMG/left_2017_09_04_12_12_23_093.jpg,/Users/ggcstaff/CarND-Term1-Starter-Kit/CarND-Behavioral-Cloning-P3/dataCW/IMG/right_2017_09_04_12_12_23_093.jpg,0.01404039,1,0,30.19032
/Users/ggcstaff/CarND-Term1-Starter-Kit/CarND-Behavioral-Cloning-P3/dataCW/IMG/center_2017_09_04_12_12_23_165.jpg,/Users/ggcstaff/CarND-Term1-Starter-Kit/CarND-Behavioral-Cloning-P3/dataCW/IMG/left_2017_09_04_12_12_23_165.jpg,/Users/ggcstaff/CarND-Term1-Starter-Kit/CarND-Behavioral-Cloning-P3/dataCW/IMG/right_2017_09_04_12_12_23_165.jpg,0.01404039,1,0,30.19029
/Users/ggcstaff/CarND-Term1-Starter-Kit/CarND-Behavioral-Cloning-P3/dataCW/IMG/center_2017_09_04_12_12_23_232.jpg,/Users/ggcstaff/CarND-Term1-Starter-Kit/CarND-Behavioral-Cloning-P3/dataCW/IMG/left_2017_09_04_12_12_23_232.jpg,/Users/ggcstaff/CarND-Term1-Starter-Kit/CarND-Behavioral-Cloning-P3/dataCW/IMG/right_2017_09_04_12_12_23_232.jpg,0.01404039,1,0,30.1903
/Users/ggcstaff/CarND-Term1-Starter-Kit/CarND-Behavioral-Cloning-P3/dataCW/IMG/center_2017_09_04_12_12_23_314.jpg,/Users/ggcstaff/CarND-Term1-Starter-Kit/CarND-Behavioral-Cloning-P3/dataCW/IMG/left_2017_09_04_12_12_23_314.jpg,/Users/ggcstaff/CarND-Term1-Starter-Kit/CarND-Behavioral-Cloning-P3/dataCW/IMG/right_2017_09_04_12_12_23_314.jpg,0.01404039,1,0,30.19031
/Users/ggcstaff/CarND-Term1-Starter-Kit/CarND-Behavioral-Cloning-P3/dataCW/IMG/center_2017_09_04_12_12_23_383.jpg,/Users/ggcstaff/CarND-Term1-Starter-Kit/CarND-Behavioral-Cloning-P3/dataCW/IMG/left_2017_09_04_12_12_23_383.jpg,/Users/ggcstaff/CarND-Term1-Starter-Kit/CarND-Behavioral-Cloning-P3/dataCW/IMG/right_2017_09_04_12_12_23_383.jpg,0.01404039,1,0,30.19028
/Users/ggcstaff/CarND-Term1-Starter-Kit/CarND-Behavioral-Cloning-P3/dataCW/IMG/center_2017_09_04_12_12_23_457.jpg,/Users/ggcstaff/CarND-Term1-Starter-Kit/CarND-Behavioral-Cloning-P3/dataCW/IMG/left_2017_09_04_12_12_23_457.jpg,/Users/ggcstaff/CarND-Term1-Starter-Kit/CarND-Behavioral-Cloning-P3/dataCW/IMG/right_2017_09_04_12_12_23_457.jpg,0.01404039,1,0,30.1903
/Users/ggcstaff/CarND-Term1-Starter-Kit/CarND-Behavioral-Cloning-P3/dataCW/IMG/center_2017_09_04_12_12_23_524.jpg,/Users/ggcstaff/CarND-Term1-Starter-Kit/CarND-Behavioral-Cloning-P3/dataCW/IMG/left_2017_09_04_12_12_23_524.jpg,/Users/ggcstaff/CarND-Term1-Starter-Kit/CarND-Behavioral-Cloning-P3/dataCW/IMG/right_2017_09_04_12_12_23_524.jpg,0.01404039,1,0,30.19028
/Users/ggcstaff/CarND-Term1-Starter-Kit/CarND-Behavioral-Cloning-P3/dataCW/IMG/center_2017_09_04_12_12_23_596.jpg,/Users/ggcstaff/CarND-Term1-Starter-Kit/CarND-Behavioral-Cloning-P3/dataCW/IMG/left_2017_09_04_12_12_23_596.jpg,/Users/ggcstaff/CarND-Term1-Starter-Kit/CarND-Behavioral-Cloning-P3/dataCW/IMG/right_2017_09_04_12_12_23_596.jpg,0.0402786,1,0,30.19005
/Users/ggcstaff/CarND-Term1-Starter-Kit/CarND-Behavioral-Cloning-P3/dataCW/IMG/center_2017_09_04_12_12_23_668.jpg,/Users/ggcstaff/CarND-Term1-Starter-Kit/CarND-Behavioral-Cloning-P3/dataCW/IMG/left_2017_09_04_12_12_23_668.jpg,/Users/ggcstaff/CarND-Term1-Starter-Kit/CarND-Behavioral-Cloning-P3/dataCW/IMG/right_2017_09_04_12_12_23_668.jpg,0.04355837,1,0,30.19051
/Users/ggcstaff/CarND-Term1-Starter-Kit/CarND-Behavioral-Cloning-P3/dataCW/IMG/center_2017_09_04_12_12_23_739.jpg,/Users/ggcstaff/CarND-Term1-Starter-Kit/CarND-Behavioral-Cloning-P3/dataCW/IMG/left_2017_09_04_12_12_23_739.jpg,/Users/ggcstaff/CarND-Term1-Starter-Kit/CarND-Behavioral-Cloning-P3/dataCW/IMG/right_2017_09_04_12_12_23_739.jpg,0.04683815,1,0,30.19008
/Users/ggcstaff/CarND-Term1-Starter-Kit/CarND-Behavioral-Cloning-P3/dataCW/IMG/center_2017_09_04_12_12_23_806.jpg,/Users/ggcstaff/CarND-Term1-Starter-Kit/CarND-Behavioral-Cloning-P3/dataCW/IMG/left_2017_09_04_12_12_23_806.jpg,/Users/ggcstaff/CarND-Term1-Starter-Kit/CarND-Behavioral-Cloning-P3/dataCW/IMG/right_2017_09_04_12_12_23_806.jpg,0.04683815,1,0,30.19015
/Users/ggcstaff/CarND-Term1-Starter-Kit/CarND-Behavioral-Cloning-P3/dataCW/IMG/center_2017_09_04_12_12_23_877.jpg,/Users/ggcstaff/CarND-Term1-Starter-Kit/CarND-Behavioral-Cloning-P3/dataCW/IMG/left_2017_09_04_12_12_23_877.jpg,/Users/ggcstaff/CarND-Term1-Starter-Kit/CarND-Behavioral-Cloning-P3/dataCW/IMG/right_2017_09_04_12_12_23_877.jpg,0.04683815,1,0,30.18982
/Users/ggcstaff/CarND-Term1-Starter-Kit/CarND-Behavioral-Cloning-P3/dataCW/IMG/center_2017_09_04_12_12_23_947.jpg,/Users/ggcstaff/CarND-Term1-Starter-Kit/CarND-Behavioral-Cloning-P3/dataCW/IMG/left_2017_09_04_12_12_23_947.jpg,/Users/ggcstaff/CarND-Term1-Starter-Kit/CarND-Behavioral-Cloning-P3/dataCW/IMG/right_2017_09_04_12_12_23_947.jpg,0.04683815,1,0,30.19019
/Users/ggcstaff/CarND-Term1-Starter-Kit/CarND-Behavioral-Cloning-P3/dataCW/IMG/center_2017_09_04_12_12_24_016.jpg,/Users/ggcstaff/CarND-Term1-Starter-Kit/CarND-Behavioral-Cloning-P3/dataCW/IMG/left_2017_09_04_12_12_24_016.jpg,/Users/ggcstaff/CarND-Term1-Starter-Kit/CarND-Behavioral-Cloning-P3/dataCW/IMG/right_2017_09_04_12_12_24_016.jpg,0.04683815,1,0,30.19022
/Users/ggcstaff/CarND-Term1-Starter-Kit/CarND-Behavioral-Cloning-P3/dataCW/IMG/center_2017_09_04_12_12_24_084.jpg,/Users/ggcstaff/CarND-Term1-Starter-Kit/CarND-Behavioral-Cloning-P3/dataCW/IMG/left_2017_09_04_12_12_24_084.jpg,/Users/ggcstaff/CarND-Term1-Starter-Kit/CarND-Behavioral-Cloning-P3/dataCW/IMG/right_2017_09_04_12_12_24_084.jpg,0.04683815,1,0,30.19024
/Users/ggcstaff/CarND-Term1-Starter-Kit/CarND-Behavioral-Cloning-P3/dataCW/IMG/center_2017_09_04_12_12_24_153.jpg,/Users/ggcstaff/CarND-Term1-Starter-Kit/CarND-Behavioral-Cloning-P3/dataCW/IMG/left_2017_09_04_12_12_24_153.jpg,/Users/ggcstaff/CarND-Term1-Starter-Kit/CarND-Behavioral-Cloning-P3/dataCW/IMG/right_2017_09_04_12_12_24_153.jpg,0.04683815,1,0,30.19024
/Users/ggcstaff/CarND-Term1-Starter-Kit/CarND-Behavioral-Cloning-P3/dataCW/IMG/center_2017_09_04_12_12_24_225.jpg,/Users/ggcstaff/CarND-Term1-Starter-Kit/CarND-Behavioral-Cloning-P3/dataCW/IMG/left_2017_09_04_12_12_24_225.jpg,/Users/ggcstaff/CarND-Term1-Starter-Kit/CarND-Behavioral-Cloning-P3/dataCW/IMG/right_2017_09_04_12_12_24_225.jpg,0.04683815,1,0,30.19023
/Users/ggcstaff/CarND-Term1-Starter-Kit/CarND-Behavioral-Cloning-P3/dataCW/IMG/center_2017_09_04_12_12_24_295.jpg,/Users/ggcstaff/CarND-Term1-Starter-Kit/CarND-Behavioral-Cloning-P3/dataCW/IMG/left_2017_09_04_12_12_24_295.jpg,/Users/ggcstaff/CarND-Term1-Starter-Kit/CarND-Behavioral-Cloning-P3/dataCW/IMG/right_2017_09_04_12_12_24_295.jpg,0.0533977,1,0,30.19015
/Users/ggcstaff/CarND-Term1-Starter-Kit/CarND-Behavioral-Cloning-P3/dataCW/IMG/center_2017_09_04_12_12_24_371.jpg,/Users/ggcstaff/CarND-Term1-Starter-Kit/CarND-Behavioral-Cloning-P3/dataCW/IMG/left_2017_09_04_12_12_24_371.jpg,/Users/ggcstaff/CarND-Term1-Starter-Kit/CarND-Behavioral-Cloning-P3/dataCW/IMG/right_2017_09_04_12_12_24_371.jpg,0.06979658,1,0,30.18993
/Users/ggcstaff/CarND-Term1-Starter-Kit/CarND-Behavioral-Cloning-P3/dataCW/IMG/center_2017_09_04_12_12_24_438.jpg,/Users/ggcstaff/CarND-Term1-Starter-Kit/CarND-Behavioral-Cloning-P3/dataCW/IMG/left_2017_09_04_12_12_24_438.jpg,/Users/ggcstaff/CarND-Term1-Starter-Kit/CarND-Behavioral-Cloning-P3/dataCW/IMG/right_2017_09_04_12_12_24_438.jpg,0.07307635,1,0,30.1899
/Users/ggcstaff/CarND-Term1-Starter-Kit/CarND-Behavioral-Cloning-P3/dataCW/IMG/center_2017_09_04_12_12_24_509.jpg,/Users/ggcstaff/CarND-Term1-Starter-Kit/CarND-Behavioral-Cloning-P3/dataCW/IMG/left_2017_09_04_12_12_24_509.jpg,/Users/ggcstaff/CarND-Term1-Starter-Kit/CarND-Behavioral-Cloning-P3/dataCW/IMG/right_2017_09_04_12_12_24_509.jpg,0.07635614,1,0,30.18996
/Users/ggcstaff/CarND-Term1-Starter-Kit/CarND-Behavioral-Cloning-P3/dataCW/IMG/center_2017_09_04_12_12_24_582.jpg,/Users/ggcstaff/CarND-Term1-Starter-Kit/CarND-Behavioral-Cloning-P3/dataCW/IMG/left_2017_09_04_12_12_24_582.jpg,/Users/ggcstaff/CarND-Term1-Starter-Kit/CarND-Behavioral-Cloning-P3/dataCW/IMG/right_2017_09_04_12_12_24_582.jpg,0.07635614,1,0,30.19004
/Users/ggcstaff/CarND-Term1-Starter-Kit/CarND-Behavioral-Cloning-P3/dataCW/IMG/center_2017_09_04_12_12_24_652.jpg,/Users/ggcstaff/CarND-Term1-Starter-Kit/CarND-Behavioral-Cloning-P3/dataCW/IMG/left_2017_09_04_12_12_24_652.jpg,/Users/ggcstaff/CarND-Term1-Starter-Kit/CarND-Behavioral-Cloning-P3/dataCW/IMG/right_2017_09_04_12_12_24_652.jpg,0.07635614,1,0,30.19012
/Users/ggcstaff/CarND-Term1-Starter-Kit/CarND-Behavioral-Cloning-P3/dataCW/IMG/center_2017_09_04_12_12_24_723.jpg,/Users/ggcstaff/CarND-Term1-Starter-Kit/CarND-Behavioral-Cloning-P3/dataCW/IMG/left_2017_09_04_12_12_24_723.jpg,/Users/ggcstaff/CarND-Term1-Starter-Kit/CarND-Behavioral-Cloning-P3/dataCW/IMG/right_2017_09_04_12_12_24_723.jpg,0.07635614,1,0,30.18995
/Users/ggcstaff/CarND-Term1-Starter-Kit/CarND-Behavioral-Cloning-P3/dataCW/IMG/center_2017_09_04_12_12_24_791.jpg,/Users/ggcstaff/CarND-Term1-Starter-Kit/CarND-Behavioral-Cloning-P3/dataCW/IMG/left_2017_09_04_12_12_24_791.jpg,/Users/ggcstaff/CarND-Term1-Starter-Kit/CarND-Behavioral-Cloning-P3/dataCW/IMG/right_2017_09_04_12_12_24_791.jpg,0.07635614,1,0,30.19014
/Users/ggcstaff/CarND-Term1-Starter-Kit/CarND-Behavioral-Cloning-P3/dataCW/IMG/center_2017_09_04_12_12_24_858.jpg,/Users/ggcstaff/CarND-Term1-Starter-Kit/CarND-Behavioral-Cloning-P3/dataCW/IMG/left_2017_09_04_12_12_24_858.jpg,/Users/ggcstaff/CarND-Term1-Starter-Kit/CarND-Behavioral-Cloning-P3/dataCW/IMG/right_2017_09_04_12_12_24_858.jpg,0.07635614,1,0,30.19013
/Users/ggcstaff/CarND-Term1-Starter-Kit/CarND-Behavioral-Cloning-P3/dataCW/IMG/center_2017_09_04_12_12_24_925.jpg,/Users/ggcstaff/CarND-Term1-Starter-Kit/CarND-Behavioral-Cloning-P3/dataCW/IMG/left_2017_09_04_12_12_24_925.jpg,/Users/ggcstaff/CarND-Term1-Starter-Kit/CarND-Behavioral-Cloning-P3/dataCW/IMG/right_2017_09_04_12_12_24_925.jpg,0.07635614,1,0,30.19016
/Users/ggcstaff/CarND-Term1-Starter-Kit/CarND-Behavioral-Cloning-P3/dataCW/IMG/center_2017_09_04_12_12_24_996.jpg,/Users/ggcstaff/CarND-Term1-Starter-Kit/CarND-Behavioral-Cloning-P3/dataCW/IMG/left_2017_09_04_12_12_24_996.jpg,/Users/ggcstaff/CarND-Term1-Starter-Kit/CarND-Behavioral-Cloning-P3/dataCW/IMG/right_2017_09_04_12_12_24_996.jpg,0.07635614,1,0,30.19015
/Users/ggcstaff/CarND-Term1-Starter-Kit/CarND-Behavioral-Cloning-P3/dataCW/IMG/center_2017_09_04_12_12_25_066.jpg,/Users/ggcstaff/CarND-Term1-Starter-Kit/CarND-Behavioral-Cloning-P3/dataCW/IMG/left_2017_09_04_12_12_25_066.jpg,/Users/ggcstaff/CarND-Term1-Starter-Kit/CarND-Behavioral-Cloning-P3/dataCW/IMG/right_2017_09_04_12_12_25_066.jpg,0.07635614,1,0,30.19015
/Users/ggcstaff/CarND-Term1-Starter-Kit/CarND-Behavioral-Cloning-P3/dataCW/IMG/center_2017_09_04_12_12_25_137.jpg,/Users/ggcstaff/CarND-Term1-Starter-Kit/CarND-Behavioral-Cloning-P3/dataCW/IMG/left_2017_09_04_12_12_25_137.jpg,/Users/ggcstaff/CarND-Term1-Starter-Kit/CarND-Behavioral-Cloning-P3/dataCW/IMG/right_2017_09_04_12_12_25_137.jpg,0.07635614,1,0,30.19017
/Users/ggcstaff/CarND-Term1-Starter-Kit/CarND-Behavioral-Cloning-P3/dataCW/IMG/center_2017_09_04_12_12_25_205.jpg,/Users/ggcstaff/CarND-Term1-Starter-Kit/CarND-Behavioral-Cloning-P3/dataCW/IMG/left_2017_09_04_12_12_25_205.jpg,/Users/ggcstaff/CarND-Term1-Starter-Kit/CarND-Behavioral-Cloning-P3/dataCW/IMG/right_2017_09_04_12_12_25_205.jpg,0.07635614,1,0,30.19017
/Users/ggcstaff/CarND-Term1-Starter-Kit/CarND-Behavioral-Cloning-P3/dataCW/IMG/center_2017_09_04_12_12_25_274.jpg,/Users/ggcstaff/CarND-Term1-Starter-Kit/CarND-Behavioral-Cloning-P3/dataCW/IMG/left_2017_09_04_12_12_25_274.jpg,/Users/ggcstaff/CarND-Term1-Starter-Kit/CarND-Behavioral-Cloning-P3/dataCW/IMG/right_2017_09_04_12_12_25_274.jpg,0.07635614,1,0,30.19019
/Users/ggcstaff/CarND-Term1-Starter-Kit/CarND-Behavioral-Cloning-P3/dataCW/IMG/center_2017_09_04_12_12_25_342.jpg,/Users/ggcstaff/CarND-Term1-Starter-Kit/CarND-Behavioral-Cloning-P3/dataCW/IMG/left_2017_09_04_12_12_25_342.jpg,/Users/ggcstaff/CarND-Term1-Starter-Kit/CarND-Behavioral-Cloning-P3/dataCW/IMG/right_2017_09_04_12_12_25_342.jpg,0.07635614,1,0,30.19016
/Users/ggcstaff/CarND-Term1-Starter-Kit/CarND-Behavioral-Cloning-P3/dataCW/IMG/center_2017_09_04_12_12_25_412.jpg,/Users/ggcstaff/CarND-Term1-Starter-Kit/CarND-Behavioral-Cloning-P3/dataCW/IMG/left_2017_09_04_12_12_25_412.jpg,/Users/ggcstaff/CarND-Term1-Starter-Kit/CarND-Behavioral-Cloning-P3/dataCW/IMG/right_2017_09_04_12_12_25_412.jpg,0.07635614,1,0,30.19016
/Users/ggcstaff/CarND-Term1-Starter-Kit/CarND-Behavioral-Cloning-P3/dataCW/IMG/center_2017_09_04_12_12_25_479.jpg,/Users/ggcstaff/CarND-Term1-Starter-Kit/CarND-Behavioral-Cloning-P3/dataCW/IMG/left_2017_09_04_12_12_25_479.jpg,/Users/ggcstaff/CarND-Term1-Starter-Kit/CarND-Behavioral-Cloning-P3/dataCW/IMG/right_2017_09_04_12_12_25_479.jpg,0.07635614,1,0,30.19017
/Users/ggcstaff/CarND-Term1-Starter-Kit/CarND-Behavioral-Cloning-P3/dataCW/IMG/center_2017_09_04_12_12_25_551.jpg,/Users/ggcstaff/CarND-Term1-Starter-Kit/CarND-Behavioral-Cloning-P3/dataCW/IMG/left_2017_09_04_12_12_25_551.jpg,/Users/ggcstaff/CarND-Term1-Starter-Kit/CarND-Behavioral-Cloning-P3/dataCW/IMG/right_2017_09_04_12_12_25_551.jpg,0.06972288,1,0,30.19029
/Users/ggcstaff/CarND-Term1-Starter-Kit/CarND-Behavioral-Cloning-P3/dataCW/IMG/center_2017_09_04_12_12_25_619.jpg,/Users/ggcstaff/CarND-Term1-Starter-Kit/CarND-Behavioral-Cloning-P3/dataCW/IMG/left_2017_09_04_12_12_25_619.jpg,/Users/ggcstaff/CarND-Term1-Starter-Kit/CarND-Behavioral-Cloning-P3/dataCW/IMG/right_2017_09_04_12_12_25_619.jpg,0.06972288,1,0,30.19023
/Users/ggcstaff/CarND-Term1-Starter-Kit/CarND-Behavioral-Cloning-P3/dataCW/IMG/center_2017_09_04_12_12_25_687.jpg,/Users/ggcstaff/CarND-Term1-Starter-Kit/CarND-Behavioral-Cloning-P3/dataCW/IMG/left_2017_09_04_12_12_25_687.jpg,/Users/ggcstaff/CarND-Term1-Starter-Kit/CarND-Behavioral-Cloning-P3/dataCW/IMG/right_2017_09_04_12_12_25_687.jpg,0.06972288,1,0,30.1902
/Users/ggcstaff/CarND-Term1-Starter-Kit/CarND-Behavioral-Cloning-P3/dataCW/IMG/center_2017_09_04_12_12_25_754.jpg,/Users/ggcstaff/CarND-Term1-Starter-Kit/CarND-Behavioral-Cloning-P3/dataCW/IMG/left_2017_09_04_12_12_25_754.jpg,/Users/ggcstaff/CarND-Term1-Starter-Kit/CarND-Behavioral-Cloning-P3/dataCW/IMG/right_2017_09_04_12_12_25_754.jpg,0.06972288,1,0,30.19028
/Users/ggcstaff/CarND-Term1-Starter-Kit/CarND-Behavioral-Cloning-P3/dataCW/IMG/center_2017_09_04_12_12_25_825.jpg,/Users/ggcstaff/CarND-Term1-Starter-Kit/CarND-Behavioral-Cloning-P3/dataCW/IMG/left_2017_09_04_12_12_25_825.jpg,/Users/ggcstaff/CarND-Term1-Starter-Kit/CarND-Behavioral-Cloning-P3/dataCW/IMG/right_2017_09_04_12_12_25_825.jpg,0.06972288,1,0,30.19023
/Users/ggcstaff/CarND-Term1-Starter-Kit/CarND-Behavioral-Cloning-P3/dataCW/IMG/center_2017_09_04_12_12_25_895.jpg,/Users/ggcstaff/CarND-Term1-Starter-Kit/CarND-Behavioral-Cloning-P3/dataCW/IMG/left_2017_09_04_12_12_25_895.jpg,/Users/ggcstaff/CarND-Term1-Starter-Kit/CarND-Behavioral-Cloning-P3/dataCW/IMG/right_2017_09_04_12_12_25_895.jpg,0.06972288,1,0,30.1902
/Users/ggcstaff/CarND-Term1-Starter-Kit/CarND-Behavioral-Cloning-P3/dataCW/IMG/center_2017_09_04_12_12_25_964.jpg,/Users/ggcstaff/CarND-Term1-Starter-Kit/CarND-Behavioral-Cloning-P3/dataCW/IMG/left_2017_09_04_12_12_25_964.jpg,/Users/ggcstaff/CarND-Term1-Starter-Kit/CarND-Behavioral-Cloning-P3/dataCW/IMG/right_2017_09_04_12_12_25_964.jpg,0.06972288,1,0,30.18992
/Users/ggcstaff/CarND-Term1-Starter-Kit/CarND-Behavioral-Cloning-P3/dataCW/IMG/center_2017_09_04_12_12_26_031.jpg,/Users/ggcstaff/CarND-Term1-Starter-Kit/CarND-Behavioral-Cloning-P3/dataCW/IMG/left_2017_09_04_12_12_26_031.jpg,/Users/ggcstaff/CarND-Term1-Starter-Kit/CarND-Behavioral-Cloning-P3/dataCW/IMG/right_2017_09_04_12_12_26_031.jpg,0.06972288,1,0,30.19018
/Users/ggcstaff/CarND-Term1-Starter-Kit/CarND-Behavioral-Cloning-P3/dataCW/IMG/center_2017_09_04_12_12_26_102.jpg,/Users/ggcstaff/CarND-Term1-Starter-Kit/CarND-Behavioral-Cloning-P3/dataCW/IMG/left_2017_09_04_12_12_26_102.jpg,/Users/ggcstaff/CarND-Term1-Starter-Kit/CarND-Behavioral-Cloning-P3/dataCW/IMG/right_2017_09_04_12_12_26_102.jpg,0.06972288,1,0,30.19023
/Users/ggcstaff/CarND-Term1-Starter-Kit/CarND-Behavioral-Cloning-P3/dataCW/IMG/center_2017_09_04_12_12_26_170.jpg,/Users/ggcstaff/CarND-Term1-Starter-Kit/CarND-Behavioral-Cloning-P3/dataCW/IMG/left_2017_09_04_12_12_26_170.jpg,/Users/ggcstaff/CarND-Term1-Starter-Kit/CarND-Behavioral-Cloning-P3/dataCW/IMG/right_2017_09_04_12_12_26_170.jpg,0.06972288,1,0,30.19018
/Users/ggcstaff/CarND-Term1-Starter-Kit/CarND-Behavioral-Cloning-P3/dataCW/IMG/center_2017_09_04_12_12_26_240.jpg,/Users/ggcstaff/CarND-Term1-Starter-Kit/CarND-Behavioral-Cloning-P3/dataCW/IMG/left_2017_09_04_12_12_26_240.jpg,/Users/ggcstaff/CarND-Term1-Starter-Kit/CarND-Behavioral-Cloning-P3/dataCW/IMG/right_2017_09_04_12_12_26_240.jpg,0.06972288,1,0,30.19018
/Users/ggcstaff/CarND-Term1-Starter-Kit/CarND-Behavioral-Cloning-P3/dataCW/IMG/center_2017_09_04_12_12_26_312.jpg,/Users/ggcstaff/CarND-Term1-Starter-Kit/CarND-Behavioral-Cloning-P3/dataCW/IMG/left_2017_09_04_12_12_26_312.jpg,/Users/ggcstaff/CarND-Term1-Starter-Kit/CarND-Behavioral-Cloning-P3/dataCW/IMG/right_2017_09_04_12_12_26_312.jpg,0.06972288,1,0,30.19017
/Users/ggcstaff/CarND-Term1-Starter-Kit/CarND-Behavioral-Cloning-P3/dataCW/IMG/center_2017_09_04_12_12_26_381.jpg,/Users/ggcstaff/CarND-Term1-Starter-Kit/CarND-Behavioral-Cloning-P3/dataCW/IMG/left_2017_09_04_12_12_26_381.jpg,/Users/ggcstaff/CarND-Term1-Starter-Kit/CarND-Behavioral-Cloning-P3/dataCW/IMG/right_2017_09_04_12_12_26_381.jpg,0.06972288,1,0,30.1902
/Users/ggcstaff/CarND-Term1-Starter-Kit/CarND-Behavioral-Cloning-P3/dataCW/IMG/center_2017_09_04_12_12_26_453.jpg,/Users/ggcstaff/CarND-Term1-Starter-Kit/CarND-Behavioral-Cloning-P3/dataCW/IMG/left_2017_09_04_12_12_26_453.jpg,/Users/ggcstaff/CarND-Term1-Starter-Kit/CarND-Behavioral-Cloning-P3/dataCW/IMG/right_2017_09_04_12_12_26_453.jpg,0.06972288,1,0,30.1902
/Users/ggcstaff/CarND-Term1-Starter-Kit/CarND-Behavioral-Cloning-P3/dataCW/IMG/center_2017_09_04_12_12_26_519.jpg,/Users/ggcstaff/CarND-Term1-Starter-Kit/CarND-Behavioral-Cloning-P3/dataCW/IMG/left_2017_09_04_12_12_26_519.jpg,/Users/ggcstaff/CarND-Term1-Starter-Kit/CarND-Behavioral-Cloning-P3/dataCW/IMG/right_2017_09_04_12_12_26_519.jpg,0.06972288,1,0,30.19018
/Users/ggcstaff/CarND-Term1-Starter-Kit/CarND-Behavioral-Cloning-P3/dataCW/IMG/center_2017_09_04_12_12_26_586.jpg,/Users/ggcstaff/CarND-Term1-Starter-Kit/CarND-Behavioral-Cloning-P3/dataCW/IMG/left_2017_09_04_12_12_26_586.jpg,/Users/ggcstaff/CarND-Term1-Starter-Kit/CarND-Behavioral-Cloning-P3/dataCW/IMG/right_2017_09_04_12_12_26_586.jpg,0.06972288,1,0,30.19021
/Users/ggcstaff/CarND-Term1-Starter-Kit/CarND-Behavioral-Cloning-P3/dataCW/IMG/center_2017_09_04_12_12_26_655.jpg,/Users/ggcstaff/CarND-Term1-Starter-Kit/CarND-Behavioral-Cloning-P3/dataCW/IMG/left_2017_09_04_12_12_26_655.jpg,/Users/ggcstaff/CarND-Term1-Starter-Kit/CarND-Behavioral-Cloning-P3/dataCW/IMG/right_2017_09_04_12_12_26_655.jpg,0.04982311,1,0,30.19042
/Users/ggcstaff/CarND-Term1-Starter-Kit/CarND-Behavioral-Cloning-P3/dataCW/IMG/center_2017_09_04_12_12_26_725.jpg,/Users/ggcstaff/CarND-Term1-Starter-Kit/CarND-Behavioral-Cloning-P3/dataCW/IMG/left_2017_09_04_12_12_26_725.jpg,/Users/ggcstaff/CarND-Term1-Starter-Kit/CarND-Behavioral-Cloning-P3/dataCW/IMG/right_2017_09_04_12_12_26_725.jpg,0.03987323,1,0,30.19043
/Users/ggcstaff/CarND-Term1-Starter-Kit/CarND-Behavioral-Cloning-P3/dataCW/IMG/center_2017_09_04_12_12_26_796.jpg,/Users/ggcstaff/CarND-Term1-Starter-Kit/CarND-Behavioral-Cloning-P3/dataCW/IMG/left_2017_09_04_12_12_26_796.jpg,/Users/ggcstaff/CarND-Term1-Starter-Kit/CarND-Behavioral-Cloning-P3/dataCW/IMG/right_2017_09_04_12_12_26_796.jpg,0.03987323,1,0,30.19044
/Users/ggcstaff/CarND-Term1-Starter-Kit/CarND-Behavioral-Cloning-P3/dataCW/IMG/center_2017_09_04_12_12_26_866.jpg,/Users/ggcstaff/CarND-Term1-Starter-Kit/CarND-Behavioral-Cloning-P3/dataCW/IMG/left_2017_09_04_12_12_26_866.jpg,/Users/ggcstaff/CarND-Term1-Starter-Kit/CarND-Behavioral-Cloning-P3/dataCW/IMG/right_2017_09_04_12_12_26_866.jpg,0.03987323,1,0,30.19032
/Users/ggcstaff/CarND-Term1-Starter-Kit/CarND-Behavioral-Cloning-P3/dataCW/IMG/center_2017_09_04_12_12_26_936.jpg,/Users/ggcstaff/CarND-Term1-Starter-Kit/CarND-Behavioral-Cloning-P3/dataCW/IMG/left_2017_09_04_12_12_26_936.jpg,/Users/ggcstaff/CarND-Term1-Starter-Kit/CarND-Behavioral-Cloning-P3/dataCW/IMG/right_2017_09_04_12_12_26_936.jpg,0.03987323,1,0,30.19028
/Users/ggcstaff/CarND-Term1-Starter-Kit/CarND-Behavioral-Cloning-P3/dataCW/IMG/center_2017_09_04_12_12_27_005.jpg,/Users/ggcstaff/CarND-Term1-Starter-Kit/CarND-Behavioral-Cloning-P3/dataCW/IMG/left_2017_09_04_12_12_27_005.jpg,/Users/ggcstaff/CarND-Term1-Starter-Kit/CarND-Behavioral-Cloning-P3/dataCW/IMG/right_2017_09_04_12_12_27_005.jpg,0.03987323,1,0,30.19025
/Users/ggcstaff/CarND-Term1-Starter-Kit/CarND-Behavioral-Cloning-P3/dataCW/IMG/center_2017_09_04_12_12_27_076.jpg,/Users/ggcstaff/CarND-Term1-Starter-Kit/CarND-Behavioral-Cloning-P3/dataCW/IMG/left_2017_09_04_12_12_27_076.jpg,/Users/ggcstaff/CarND-Term1-Starter-Kit/CarND-Behavioral-Cloning-P3/dataCW/IMG/right_2017_09_04_12_12_27_076.jpg,0.03987323,1,0,30.19027
/Users/ggcstaff/CarND-Term1-Starter-Kit/CarND-Behavioral-Cloning-P3/dataCW/IMG/center_2017_09_04_12_12_27_145.jpg,/Users/ggcstaff/CarND-Term1-Starter-Kit/CarND-Behavioral-Cloning-P3/dataCW/IMG/left_2017_09_04_12_12_27_145.jpg,/Users/ggcstaff/CarND-Term1-Starter-Kit/CarND-Behavioral-Cloning-P3/dataCW/IMG/right_2017_09_04_12_12_27_145.jpg,0.03987323,1,0,30.19028
/Users/ggcstaff/CarND-Term1-Starter-Kit/CarND-Behavioral-Cloning-P3/dataCW/IMG/center_2017_09_04_12_12_27_214.jpg,/Users/ggcstaff/CarND-Term1-Starter-Kit/CarND-Behavioral-Cloning-P3/dataCW/IMG/left_2017_09_04_12_12_27_214.jpg,/Users/ggcstaff/CarND-Term1-Starter-Kit/CarND-Behavioral-Cloning-P3/dataCW/IMG/right_2017_09_04_12_12_27_214.jpg,0.03987323,1,0,30.19029
/Users/ggcstaff/CarND-Term1-Starter-Kit/CarND-Behavioral-Cloning-P3/dataCW/IMG/center_2017_09_04_12_12_27_282.jpg,/Users/ggcstaff/CarND-Term1-Starter-Kit/CarND-Behavioral-Cloning-P3/dataCW/IMG/left_2017_09_04_12_12_27_282.jpg,/Users/ggcstaff/CarND-Term1-Starter-Kit/CarND-Behavioral-Cloning-P3/dataCW/IMG/right_2017_09_04_12_12_27_282.jpg,0.03987323,1,0,30.19028
/Users/ggcstaff/CarND-Term1-Starter-Kit/CarND-Behavioral-Cloning-P3/dataCW/IMG/center_2017_09_04_12_12_27_351.jpg,/Users/ggcstaff/CarND-Term1-Starter-Kit/CarND-Behavioral-Cloning-P3/dataCW/IMG/left_2017_09_04_12_12_27_351.jpg,/Users/ggcstaff/CarND-Term1-Starter-Kit/CarND-Behavioral-Cloning-P3/dataCW/IMG/right_2017_09_04_12_12_27_351.jpg,0.03987323,1,0,30.19024
/Users/ggcstaff/CarND-Term1-Starter-Kit/CarND-Behavioral-Cloning-P3/dataCW/IMG/center_2017_09_04_12_12_27_418.jpg,/Users/ggcstaff/CarND-Term1-Starter-Kit/CarND-Behavioral-Cloning-P3/dataCW/IMG/left_2017_09_04_12_12_27_418.jpg,/Users/ggcstaff/CarND-Term1-Starter-Kit/CarND-Behavioral-Cloning-P3/dataCW/IMG/right_2017_09_04_12_12_27_418.jpg,0.03987323,1,0,30.19024
/Users/ggcstaff/CarND-Term1-Starter-Kit/CarND-Behavioral-Cloning-P3/dataCW/IMG/center_2017_09_04_12_12_27_488.jpg,/Users/ggcstaff/CarND-Term1-Starter-Kit/CarND-Behavioral-Cloning-P3/dataCW/IMG/left_2017_09_04_12_12_27_488.jpg,/Users/ggcstaff/CarND-Term1-Starter-Kit/CarND-Behavioral-Cloning-P3/dataCW/IMG/right_2017_09_04_12_12_27_488.jpg,0.03987323,1,0,30.19026
/Users/ggcstaff/CarND-Term1-Starter-Kit/CarND-Behavioral-Cloning-P3/dataCW/IMG/center_2017_09_04_12_12_27_558.jpg,/Users/ggcstaff/CarND-Term1-Starter-Kit/CarND-Behavioral-Cloning-P3/dataCW/IMG/left_2017_09_04_12_12_27_558.jpg,/Users/ggcstaff/CarND-Term1-Starter-Kit/CarND-Behavioral-Cloning-P3/dataCW/IMG/right_2017_09_04_12_12_27_558.jpg,0.03987323,1,0,30.19029
/Users/ggcstaff/CarND-Term1-Starter-Kit/CarND-Behavioral-Cloning-P3/dataCW/IMG/center_2017_09_04_12_12_27_628.jpg,/Users/ggcstaff/CarND-Term1-Starter-Kit/CarND-Behavioral-Cloning-P3/dataCW/IMG/left_2017_09_04_12_12_27_628.jpg,/Users/ggcstaff/CarND-Term1-Starter-Kit/CarND-Behavioral-Cloning-P3/dataCW/IMG/right_2017_09_04_12_12_27_628.jpg,0.05299233,1,0,30.19011
/Users/ggcstaff/CarND-Term1-Starter-Kit/CarND-Behavioral-Cloning-P3/dataCW/IMG/center_2017_09_04_12_12_27_696.jpg,/Users/ggcstaff/CarND-Term1-Starter-Kit/CarND-Behavioral-Cloning-P3/dataCW/IMG/left_2017_09_04_12_12_27_696.jpg,/Users/ggcstaff/CarND-Term1-Starter-Kit/CarND-Behavioral-Cloning-P3/dataCW/IMG/right_2017_09_04_12_12_27_696.jpg,0.05299233,1,0,30.1901
/Users/ggcstaff/CarND-Term1-Starter-Kit/CarND-Behavioral-Cloning-P3/dataCW/IMG/center_2017_09_04_12_12_27_765.jpg,/Users/ggcstaff/CarND-Term1-Starter-Kit/CarND-Behavioral-Cloning-P3/dataCW/IMG/left_2017_09_04_12_12_27_765.jpg,/Users/ggcstaff/CarND-Term1-Starter-Kit/CarND-Behavioral-Cloning-P3/dataCW/IMG/right_2017_09_04_12_12_27_765.jpg,0.05299233,1,0,30.19023
/Users/ggcstaff/CarND-Term1-Starter-Kit/CarND-Behavioral-Cloning-P3/dataCW/IMG/center_2017_09_04_12_12_27_834.jpg,/Users/ggcstaff/CarND-Term1-Starter-Kit/CarND-Behavioral-Cloning-P3/dataCW/IMG/left_2017_09_04_12_12_27_834.jpg,/Users/ggcstaff/CarND-Term1-Starter-Kit/CarND-Behavioral-Cloning-P3/dataCW/IMG/right_2017_09_04_12_12_27_834.jpg,0.05299233,1,0,30.19017
/Users/ggcstaff/CarND-Term1-Starter-Kit/CarND-Behavioral-Cloning-P3/dataCW/IMG/center_2017_09_04_12_12_27_902.jpg,/Users/ggcstaff/CarND-Term1-Starter-Kit/CarND-Behavioral-Cloning-P3/dataCW/IMG/left_2017_09_04_12_12_27_902.jpg,/Users/ggcstaff/CarND-Term1-Starter-Kit/CarND-Behavioral-Cloning-P3/dataCW/IMG/right_2017_09_04_12_12_27_902.jpg,0.05299233,1,0,30.18991
/Users/ggcstaff/CarND-Term1-Starter-Kit/CarND-Behavioral-Cloning-P3/dataCW/IMG/center_2017_09_04_12_12_27_988.jpg,/Users/ggcstaff/CarND-Term1-Starter-Kit/CarND-Behavioral-Cloning-P3/dataCW/IMG/left_2017_09_04_12_12_27_988.jpg,/Users/ggcstaff/CarND-Term1-Starter-Kit/CarND-Behavioral-Cloning-P3/dataCW/IMG/right_2017_09_04_12_12_27_988.jpg,0.03972583,1,0,30.19031
/Users/ggcstaff/CarND-Term1-Starter-Kit/CarND-Behavioral-Cloning-P3/dataCW/IMG/center_2017_09_04_12_12_28_056.jpg,/Users/ggcstaff/CarND-Term1-Starter-Kit/CarND-Behavioral-Cloning-P3/dataCW/IMG/left_2017_09_04_12_12_28_056.jpg,/Users/ggcstaff/CarND-Term1-Starter-Kit/CarND-Behavioral-Cloning-P3/dataCW/IMG/right_2017_09_04_12_12_28_056.jpg,0.03972583,1,0,30.19035
/Users/ggcstaff/CarND-Term1-Starter-Kit/CarND-Behavioral-Cloning-P3/dataCW/IMG/center_2017_09_04_12_12_28_126.jpg,/Users/ggcstaff/CarND-Term1-Starter-Kit/CarND-Behavioral-Cloning-P3/dataCW/IMG/left_2017_09_04_12_12_28_126.jpg,/Users/ggcstaff/CarND-Term1-Starter-Kit/CarND-Behavioral-Cloning-P3/dataCW/IMG/right_2017_09_04_12_12_28_126.jpg,0.03972583,1,0,30.19032
/Users/ggcstaff/CarND-Term1-Starter-Kit/CarND-Behavioral-Cloning-P3/dataCW/IMG/center_2017_09_04_12_12_28_193.jpg,/Users/ggcstaff/CarND-Term1-Starter-Kit/CarND-Behavioral-Cloning-P3/dataCW/IMG/left_2017_09_04_12_12_28_193.jpg,/Users/ggcstaff/CarND-Term1-Starter-Kit/CarND-Behavioral-Cloning-P3/dataCW/IMG/right_2017_09_04_12_12_28_193.jpg,0.03972583,1,0,30.19026
/Users/ggcstaff/CarND-Term1-Starter-Kit/CarND-Behavioral-Cloning-P3/dataCW/IMG/center_2017_09_04_12_12_28_263.jpg,/Users/ggcstaff/CarND-Term1-Starter-Kit/CarND-Behavioral-Cloning-P3/dataCW/IMG/left_2017_09_04_12_12_28_263.jpg,/Users/ggcstaff/CarND-Term1-Starter-Kit/CarND-Behavioral-Cloning-P3/dataCW/IMG/right_2017_09_04_12_12_28_263.jpg,0.03972583,1,0,30.19033
/Users/ggcstaff/CarND-Term1-Starter-Kit/CarND-Behavioral-Cloning-P3/dataCW/IMG/center_2017_09_04_12_12_28_332.jpg,/Users/ggcstaff/CarND-Term1-Starter-Kit/CarND-Behavioral-Cloning-P3/dataCW/IMG/left_2017_09_04_12_12_28_332.jpg,/Users/ggcstaff/CarND-Term1-Starter-Kit/CarND-Behavioral-Cloning-P3/dataCW/IMG/right_2017_09_04_12_12_28_332.jpg,0.03972583,1,0,30.19026
/Users/ggcstaff/CarND-Term1-Starter-Kit/CarND-Behavioral-Cloning-P3/dataCW/IMG/center_2017_09_04_12_12_28_401.jpg,/Users/ggcstaff/CarND-Term1-Starter-Kit/CarND-Behavioral-Cloning-P3/dataCW/IMG/left_2017_09_04_12_12_28_401.jpg,/Users/ggcstaff/CarND-Term1-Starter-Kit/CarND-Behavioral-Cloning-P3/dataCW/IMG/right_2017_09_04_12_12_28_401.jpg,0.03972583,1,0,30.19024
/Users/ggcstaff/CarND-Term1-Starter-Kit/CarND-Behavioral-Cloning-P3/dataCW/IMG/center_2017_09_04_12_12_28_472.jpg,/Users/ggcstaff/CarND-Term1-Starter-Kit/CarND-Behavioral-Cloning-P3/dataCW/IMG/left_2017_09_04_12_12_28_472.jpg,/Users/ggcstaff/CarND-Term1-Starter-Kit/CarND-Behavioral-Cloning-P3/dataCW/IMG/right_2017_09_04_12_12_28_472.jpg,0.04956515,1,0,30.19013
/Users/ggcstaff/CarND-Term1-Starter-Kit/CarND-Behavioral-Cloning-P3/dataCW/IMG/center_2017_09_04_12_12_28_542.jpg,/Users/ggcstaff/CarND-Term1-Starter-Kit/CarND-Behavioral-Cloning-P3/dataCW/IMG/left_2017_09_04_12_12_28_542.jpg,/Users/ggcstaff/CarND-Term1-Starter-Kit/CarND-Behavioral-Cloning-P3/dataCW/IMG/right_2017_09_04_12_12_28_542.jpg,0.06268426,1,0,30.18995
/Users/ggcstaff/CarND-Term1-Starter-Kit/CarND-Behavioral-Cloning-P3/dataCW/IMG/center_2017_09_04_12_12_28_614.jpg,/Users/ggcstaff/CarND-Term1-Starter-Kit/CarND-Behavioral-Cloning-P3/dataCW/IMG/left_2017_09_04_12_12_28_614.jpg,/Users/ggcstaff/CarND-Term1-Starter-Kit/CarND-Behavioral-Cloning-P3/dataCW/IMG/right_2017_09_04_12_12_28_614.jpg,0.06268426,1,0,30.18995
/Users/ggcstaff/CarND-Term1-Starter-Kit/CarND-Behavioral-Cloning-P3/dataCW/IMG/center_2017_09_04_12_12_28_687.jpg,/Users/ggcstaff/CarND-Term1-Starter-Kit/CarND-Behavioral-Cloning-P3/dataCW/IMG/left_2017_09_04_12_12_28_687.jpg,/Users/ggcstaff/CarND-Term1-Starter-Kit/CarND-Behavioral-Cloning-P3/dataCW/IMG/right_2017_09_04_12_12_28_687.jpg,0.06268426,1,0,30.19016
/Users/ggcstaff/CarND-Term1-Starter-Kit/CarND-Behavioral-Cloning-P3/dataCW/IMG/center_2017_09_04_12_12_28_757.jpg,/Users/ggcstaff/CarND-Term1-Starter-Kit/CarND-Behavioral-Cloning-P3/dataCW/IMG/left_2017_09_04_12_12_28_757.jpg,/Users/ggcstaff/CarND-Term1-Starter-Kit/CarND-Behavioral-Cloning-P3/dataCW/IMG/right_2017_09_04_12_12_28_757.jpg,0.06268426,1,0,30.19017
/Users/ggcstaff/CarND-Term1-Starter-Kit/CarND-Behavioral-Cloning-P3/dataCW/IMG/center_2017_09_04_12_12_28_826.jpg,/Users/ggcstaff/CarND-Term1-Starter-Kit/CarND-Behavioral-Cloning-P3/dataCW/IMG/left_2017_09_04_12_12_28_826.jpg,/Users/ggcstaff/CarND-Term1-Starter-Kit/CarND-Behavioral-Cloning-P3/dataCW/IMG/right_2017_09_04_12_12_28_826.jpg,0.06268426,1,0,30.18981
/Users/ggcstaff/CarND-Term1-Starter-Kit/CarND-Behavioral-Cloning-P3/dataCW/IMG/center_2017_09_04_12_12_28_895.jpg,/Users/ggcstaff/CarND-Term1-Starter-Kit/CarND-Behavioral-Cloning-P3/dataCW/IMG/left_2017_09_04_12_12_28_895.jpg,/Users/ggcstaff/CarND-Term1-Starter-Kit/CarND-Behavioral-Cloning-P3/dataCW/IMG/right_2017_09_04_12_12_28_895.jpg,0.06268426,1,0,30.19014
/Users/ggcstaff/CarND-Term1-Starter-Kit/CarND-Behavioral-Cloning-P3/dataCW/IMG/center_2017_09_04_12_12_28_968.jpg,/Users/ggcstaff/CarND-Term1-Starter-Kit/CarND-Behavioral-Cloning-P3/dataCW/IMG/left_2017_09_04_12_12_28_968.jpg,/Users/ggcstaff/CarND-Term1-Starter-Kit/CarND-Behavioral-Cloning-P3/dataCW/IMG/right_2017_09_04_12_12_28_968.jpg,0.06268426,1,0,30.19019
/Users/ggcstaff/CarND-Term1-Starter-Kit/CarND-Behavioral-Cloning-P3/dataCW/IMG/center_2017_09_04_12_12_29_036.jpg,/Users/ggcstaff/CarND-Term1-Starter-Kit/CarND-Behavioral-Cloning-P3/dataCW/IMG/left_2017_09_04_12_12_29_036.jpg,/Users/ggcstaff/CarND-Term1-Starter-Kit/CarND-Behavioral-Cloning-P3/dataCW/IMG/right_2017_09_04_12_12_29_036.jpg,0.06268426,1,0,30.1902
/Users/ggcstaff/CarND-Term1-Starter-Kit/CarND-Behavioral-Cloning-P3/dataCW/IMG/center_2017_09_04_12_12_29_106.jpg,/Users/ggcstaff/CarND-Term1-Starter-Kit/CarND-Behavioral-Cloning-P3/dataCW/IMG/left_2017_09_04_12_12_29_106.jpg,/Users/ggcstaff/CarND-Term1-Starter-Kit/CarND-Behavioral-Cloning-P3/dataCW/IMG/right_2017_09_04_12_12_29_106.jpg,0.08118366,1,0,30.1898
/Users/ggcstaff/CarND-Term1-Starter-Kit/CarND-Behavioral-Cloning-P3/dataCW/IMG/center_2017_09_04_12_12_29_178.jpg,/Users/ggcstaff/CarND-Term1-Starter-Kit/CarND-Behavioral-Cloning-P3/dataCW/IMG/left_2017_09_04_12_12_29_178.jpg,/Users/ggcstaff/CarND-Term1-Starter-Kit/CarND-Behavioral-Cloning-P3/dataCW/IMG/right_2017_09_04_12_12_29_178.jpg,0.09430277,1,0,30.18969
/Users/ggcstaff/CarND-Term1-Starter-Kit/CarND-Behavioral-Cloning-P3/dataCW/IMG/center_2017_09_04_12_12_29_258.jpg,/Users/ggcstaff/CarND-Term1-Starter-Kit/CarND-Behavioral-Cloning-P3/dataCW/IMG/left_2017_09_04_12_12_29_258.jpg,/Users/ggcstaff/CarND-Term1-Starter-Kit/CarND-Behavioral-Cloning-P3/dataCW/IMG/right_2017_09_04_12_12_29_258.jpg,0.09758255,1,0,30.18974
/Users/ggcstaff/CarND-Term1-Starter-Kit/CarND-Behavioral-Cloning-P3/dataCW/IMG/center_2017_09_04_12_12_29_327.jpg,/Users/ggcstaff/CarND-Term1-Starter-Kit/CarND-Behavioral-Cloning-P3/dataCW/IMG/left_2017_09_04_12_12_29_327.jpg,/Users/ggcstaff/CarND-Term1-Starter-Kit/CarND-Behavioral-Cloning-P3/dataCW/IMG/right_2017_09_04_12_12_29_327.jpg,0.1139814,1,0,30.18937
/Users/ggcstaff/CarND-Term1-Starter-Kit/CarND-Behavioral-Cloning-P3/dataCW/IMG/center_2017_09_04_12_12_29_395.jpg,/Users/ggcstaff/CarND-Term1-Starter-Kit/CarND-Behavioral-Cloning-P3/dataCW/IMG/left_2017_09_04_12_12_29_395.jpg,/Users/ggcstaff/CarND-Term1-Starter-Kit/CarND-Behavioral-Cloning-P3/dataCW/IMG/right_2017_09_04_12_12_29_395.jpg,0.1238208,1,0,30.18929
/Users/ggcstaff/CarND-Term1-Starter-Kit/CarND-Behavioral-Cloning-P3/dataCW/IMG/center_2017_09_04_12_12_29_469.jpg,/Users/ggcstaff/CarND-Term1-Starter-Kit/CarND-Behavioral-Cloning-P3/dataCW/IMG/left_2017_09_04_12_12_29_469.jpg,/Users/ggcstaff/CarND-Term1-Starter-Kit/CarND-Behavioral-Cloning-P3/dataCW/IMG/right_2017_09_04_12_12_29_469.jpg,0.1303803,1,0,30.18932
/Users/ggcstaff/CarND-Term1-Starter-Kit/CarND-Behavioral-Cloning-P3/dataCW/IMG/center_2017_09_04_12_12_29_536.jpg,/Users/ggcstaff/CarND-Term1-Starter-Kit/CarND-Behavioral-Cloning-P3/dataCW/IMG/left_2017_09_04_12_12_29_536.jpg,/Users/ggcstaff/CarND-Term1-Starter-Kit/CarND-Behavioral-Cloning-P3/dataCW/IMG/right_2017_09_04_12_12_29_536.jpg,0.1303803,1,0,30.18929
/Users/ggcstaff/CarND-Term1-Starter-Kit/CarND-Behavioral-Cloning-P3/dataCW/IMG/center_2017_09_04_12_12_29_606.jpg,/Users/ggcstaff/CarND-Term1-Starter-Kit/CarND-Behavioral-Cloning-P3/dataCW/IMG/left_2017_09_04_12_12_29_606.jpg,/Users/ggcstaff/CarND-Term1-Starter-Kit/CarND-Behavioral-Cloning-P3/dataCW/IMG/right_2017_09_04_12_12_29_606.jpg,0.1303803,1,0,30.18968
/Users/ggcstaff/CarND-Term1-Starter-Kit/CarND-Behavioral-Cloning-P3/dataCW/IMG/center_2017_09_04_12_12_29_681.jpg,/Users/ggcstaff/CarND-Term1-Starter-Kit/CarND-Behavioral-Cloning-P3/dataCW/IMG/left_2017_09_04_12_12_29_681.jpg,/Users/ggcstaff/CarND-Term1-Starter-Kit/CarND-Behavioral-Cloning-P3/dataCW/IMG/right_2017_09_04_12_12_29_681.jpg,0.1303803,1,0,30.18979
/Users/ggcstaff/CarND-Term1-Starter-Kit/CarND-Behavioral-Cloning-P3/dataCW/IMG/center_2017_09_04_12_12_29_749.jpg,/Users/ggcstaff/CarND-Term1-Starter-Kit/CarND-Behavioral-Cloning-P3/dataCW/IMG/left_2017_09_04_12_12_29_749.jpg,/Users/ggcstaff/CarND-Term1-Starter-Kit/CarND-Behavioral-Cloning-P3/dataCW/IMG/right_2017_09_04_12_12_29_749.jpg,0.1303803,1,0,30.18974
/Users/ggcstaff/CarND-Term1-Starter-Kit/CarND-Behavioral-Cloning-P3/dataCW/IMG/center_2017_09_04_12_12_29_820.jpg,/Users/ggcstaff/CarND-Term1-Starter-Kit/CarND-Behavioral-Cloning-P3/dataCW/IMG/left_2017_09_04_12_12_29_820.jpg,/Users/ggcstaff/CarND-Term1-Starter-Kit/CarND-Behavioral-Cloning-P3/dataCW/IMG/right_2017_09_04_12_12_29_820.jpg,0.1137972,1,0,30.1903
/Users/ggcstaff/CarND-Term1-Starter-Kit/CarND-Behavioral-Cloning-P3/dataCW/IMG/center_2017_09_04_12_12_29_890.jpg,/Users/ggcstaff/CarND-Term1-Starter-Kit/CarND-Behavioral-Cloning-P3/dataCW/IMG/left_2017_09_04_12_12_29_890.jpg,/Users/ggcstaff/CarND-Term1-Starter-Kit/CarND-Behavioral-Cloning-P3/dataCW/IMG/right_2017_09_04_12_12_29_890.jpg,0.1005307,1,0,30.19045
/Users/ggcstaff/CarND-Term1-Starter-Kit/CarND-Behavioral-Cloning-P3/dataCW/IMG/center_2017_09_04_12_12_29_957.jpg,/Users/ggcstaff/CarND-Term1-Starter-Kit/CarND-Behavioral-Cloning-P3/dataCW/IMG/left_2017_09_04_12_12_29_957.jpg,/Users/ggcstaff/CarND-Term1-Starter-Kit/CarND-Behavioral-Cloning-P3/dataCW/IMG/right_2017_09_04_12_12_29_957.jpg,0.09721403,1,0,30.19042
/Users/ggcstaff/CarND-Term1-Starter-Kit/CarND-Behavioral-Cloning-P3/dataCW/IMG/center_2017_09_04_12_12_30_026.jpg,/Users/ggcstaff/CarND-Term1-Starter-Kit/CarND-Behavioral-Cloning-P3/dataCW/IMG/left_2017_09_04_12_12_30_026.jpg,/Users/ggcstaff/CarND-Term1-Starter-Kit/CarND-Behavioral-Cloning-P3/dataCW/IMG/right_2017_09_04_12_12_30_026.jpg,0.09721403,1,0,30.19029
/Users/ggcstaff/CarND-Term1-Starter-Kit/CarND-Behavioral-Cloning-P3/dataCW/IMG/center_2017_09_04_12_12_30_102.jpg,/Users/ggcstaff/CarND-Term1-Starter-Kit/CarND-Behavioral-Cloning-P3/dataCW/IMG/left_2017_09_04_12_12_30_102.jpg,/Users/ggcstaff/CarND-Term1-Starter-Kit/CarND-Behavioral-Cloning-P3/dataCW/IMG/right_2017_09_04_12_12_30_102.jpg,0.09721403,1,0,30.19025
/Users/ggcstaff/CarND-Term1-Starter-Kit/CarND-Behavioral-Cloning-P3/dataCW/IMG/center_2017_09_04_12_12_30_170.jpg,/Users/ggcstaff/CarND-Term1-Starter-Kit/CarND-Behavioral-Cloning-P3/dataCW/IMG/left_2017_09_04_12_12_30_170.jpg,/Users/ggcstaff/CarND-Term1-Starter-Kit/CarND-Behavioral-Cloning-P3/dataCW/IMG/right_2017_09_04_12_12_30_170.jpg,0.09721403,1,0,30.19016
/Users/ggcstaff/CarND-Term1-Starter-Kit/CarND-Behavioral-Cloning-P3/dataCW/IMG/center_2017_09_04_12_12_30_239.jpg,/Users/ggcstaff/CarND-Term1-Starter-Kit/CarND-Behavioral-Cloning-P3/dataCW/IMG/left_2017_09_04_12_12_30_239.jpg,/Users/ggcstaff/CarND-Term1-Starter-Kit/CarND-Behavioral-Cloning-P3/dataCW/IMG/right_2017_09_04_12_12_30_239.jpg,0.09721403,1,0,30.19014
/Users/ggcstaff/CarND-Term1-Starter-Kit/CarND-Behavioral-Cloning-P3/dataCW/IMG/center_2017_09_04_12_12_30_311.jpg,/Users/ggcstaff/CarND-Term1-Starter-Kit/CarND-Behavioral-Cloning-P3/dataCW/IMG/left_2017_09_04_12_12_30_311.jpg,/Users/ggcstaff/CarND-Term1-Starter-Kit/CarND-Behavioral-Cloning-P3/dataCW/IMG/right_2017_09_04_12_12_30_311.jpg,0.09721403,1,0,30.18983
/Users/ggcstaff/CarND-Term1-Starter-Kit/CarND-Behavioral-Cloning-P3/dataCW/IMG/center_2017_09_04_12_12_30_383.jpg,/Users/ggcstaff/CarND-Term1-Starter-Kit/CarND-Behavioral-Cloning-P3/dataCW/IMG/left_2017_09_04_12_12_30_383.jpg,/Users/ggcstaff/CarND-Term1-Starter-Kit/CarND-Behavioral-Cloning-P3/dataCW/IMG/right_2017_09_04_12_12_30_383.jpg,0.09721403,1,0,30.19009
/Users/ggcstaff/CarND-Term1-Starter-Kit/CarND-Behavioral-Cloning-P3/dataCW/IMG/center_2017_09_04_12_12_30_453.jpg,/Users/ggcstaff/CarND-Term1-Starter-Kit/CarND-Behavioral-Cloning-P3/dataCW/IMG/left_2017_09_04_12_12_30_453.jpg,/Users/ggcstaff/CarND-Term1-Starter-Kit/CarND-Behavioral-Cloning-P3/dataCW/IMG/right_2017_09_04_12_12_30_453.jpg,0.09721403,1,0,30.19007
/Users/ggcstaff/CarND-Term1-Starter-Kit/CarND-Behavioral-Cloning-P3/dataCW/IMG/center_2017_09_04_12_12_30_522.jpg,/Users/ggcstaff/CarND-Term1-Starter-Kit/CarND-Behavioral-Cloning-P3/dataCW/IMG/left_2017_09_04_12_12_30_522.jpg,/Users/ggcstaff/CarND-Term1-Starter-Kit/CarND-Behavioral-Cloning-P3/dataCW/IMG/right_2017_09_04_12_12_30_522.jpg,0.09721403,1,0,30.19007
/Users/ggcstaff/CarND-Term1-Starter-Kit/CarND-Behavioral-Cloning-P3/dataCW/IMG/center_2017_09_04_12_12_30_589.jpg,/Users/ggcstaff/CarND-Term1-Starter-Kit/CarND-Behavioral-Cloning-P3/dataCW/IMG/left_2017_09_04_12_12_30_589.jpg,/Users/ggcstaff/CarND-Term1-Starter-Kit/CarND-Behavioral-Cloning-P3/dataCW/IMG/right_2017_09_04_12_12_30_589.jpg,0.09721403,1,0,30.19007
/Users/ggcstaff/CarND-Term1-Starter-Kit/CarND-Behavioral-Cloning-P3/dataCW/IMG/center_2017_09_04_12_12_30_656.jpg,/Users/ggcstaff/CarND-Term1-Starter-Kit/CarND-Behavioral-Cloning-P3/dataCW/IMG/left_2017_09_04_12_12_30_656.jpg,/Users/ggcstaff/CarND-Term1-Starter-Kit/CarND-Behavioral-Cloning-P3/dataCW/IMG/right_2017_09_04_12_12_30_656.jpg,0.09721403,1,0,30.19007
/Users/ggcstaff/CarND-Term1-Starter-Kit/CarND-Behavioral-Cloning-P3/dataCW/IMG/center_2017_09_04_12_12_30_724.jpg,/Users/ggcstaff/CarND-Term1-Starter-Kit/CarND-Behavioral-Cloning-P3/dataCW/IMG/left_2017_09_04_12_12_30_724.jpg,/Users/ggcstaff/CarND-Term1-Starter-Kit/CarND-Behavioral-Cloning-P3/dataCW/IMG/right_2017_09_04_12_12_30_724.jpg,0.09721403,1,0,30.19008
/Users/ggcstaff/CarND-Term1-Starter-Kit/CarND-Behavioral-Cloning-P3/dataCW/IMG/center_2017_09_04_12_12_30_794.jpg,/Users/ggcstaff/CarND-Term1-Starter-Kit/CarND-Behavioral-Cloning-P3/dataCW/IMG/left_2017_09_04_12_12_30_794.jpg,/Users/ggcstaff/CarND-Term1-Starter-Kit/CarND-Behavioral-Cloning-P3/dataCW/IMG/right_2017_09_04_12_12_30_794.jpg,0.09721403,1,0,30.19009
/Users/ggcstaff/CarND-Term1-Starter-Kit/CarND-Behavioral-Cloning-P3/dataCW/IMG/center_2017_09_04_12_12_30_864.jpg,/Users/ggcstaff/CarND-Term1-Starter-Kit/CarND-Behavioral-Cloning-P3/dataCW/IMG/left_2017_09_04_12_12_30_864.jpg,/Users/ggcstaff/CarND-Term1-Starter-Kit/CarND-Behavioral-Cloning-P3/dataCW/IMG/right_2017_09_04_12_12_30_864.jpg,0.09721403,1,0,30.1901
/Users/ggcstaff/CarND-Term1-Starter-Kit/CarND-Behavioral-Cloning-P3/dataCW/IMG/center_2017_09_04_12_12_30_941.jpg,/Users/ggcstaff/CarND-Term1-Starter-Kit/CarND-Behavioral-Cloning-P3/dataCW/IMG/left_2017_09_04_12_12_30_941.jpg,/Users/ggcstaff/CarND-Term1-Starter-Kit/CarND-Behavioral-Cloning-P3/dataCW/IMG/right_2017_09_04_12_12_30_941.jpg,0.09721403,1,0,30.1901
/Users/ggcstaff/CarND-Term1-Starter-Kit/CarND-Behavioral-Cloning-P3/dataCW/IMG/center_2017_09_04_12_12_31_011.jpg,/Users/ggcstaff/CarND-Term1-Starter-Kit/CarND-Behavioral-Cloning-P3/dataCW/IMG/left_2017_09_04_12_12_31_011.jpg,/Users/ggcstaff/CarND-Term1-Starter-Kit/CarND-Behavioral-Cloning-P3/dataCW/IMG/right_2017_09_04_12_12_31_011.jpg,0.09721403,1,0,30.1901
/Users/ggcstaff/CarND-Term1-Starter-Kit/CarND-Behavioral-Cloning-P3/dataCW/IMG/center_2017_09_04_12_12_31_078.jpg,/Users/ggcstaff/CarND-Term1-Starter-Kit/CarND-Behavioral-Cloning-P3/dataCW/IMG/left_2017_09_04_12_12_31_078.jpg,/Users/ggcstaff/CarND-Term1-Starter-Kit/CarND-Behavioral-Cloning-P3/dataCW/IMG/right_2017_09_04_12_12_31_078.jpg,0.09721403,1,0,30.18985
/Users/ggcstaff/CarND-Term1-Starter-Kit/CarND-Behavioral-Cloning-P3/dataCW/IMG/center_2017_09_04_12_12_31_146.jpg,/Users/ggcstaff/CarND-Term1-Starter-Kit/CarND-Behavioral-Cloning-P3/dataCW/IMG/left_2017_09_04_12_12_31_146.jpg,/Users/ggcstaff/CarND-Term1-Starter-Kit/CarND-Behavioral-Cloning-P3/dataCW/IMG/right_2017_09_04_12_12_31_146.jpg,0.09721403,1,0,30.19007
/Users/ggcstaff/CarND-Term1-Starter-Kit/CarND-Behavioral-Cloning-P3/dataCW/IMG/center_2017_09_04_12_12_31_214.jpg,/Users/ggcstaff/CarND-Term1-Starter-Kit/CarND-Behavioral-Cloning-P3/dataCW/IMG/left_2017_09_04_12_12_31_214.jpg,/Users/ggcstaff/CarND-Term1-Starter-Kit/CarND-Behavioral-Cloning-P3/dataCW/IMG/right_2017_09_04_12_12_31_214.jpg,0.09721403,1,0,30.19008
/Users/ggcstaff/CarND-Term1-Starter-Kit/CarND-Behavioral-Cloning-P3/dataCW/IMG/center_2017_09_04_12_12_31_285.jpg,/Users/ggcstaff/CarND-Term1-Starter-Kit/CarND-Behavioral-Cloning-P3/dataCW/IMG/left_2017_09_04_12_12_31_285.jpg,/Users/ggcstaff/CarND-Term1-Starter-Kit/CarND-Behavioral-Cloning-P3/dataCW/IMG/right_2017_09_04_12_12_31_285.jpg,0.09721403,1,0,30.19008
/Users/ggcstaff/CarND-Term1-Starter-Kit/CarND-Behavioral-Cloning-P3/dataCW/IMG/center_2017_09_04_12_12_31_352.jpg,/Users/ggcstaff/CarND-Term1-Starter-Kit/CarND-Behavioral-Cloning-P3/dataCW/IMG/left_2017_09_04_12_12_31_352.jpg,/Users/ggcstaff/CarND-Term1-Starter-Kit/CarND-Behavioral-Cloning-P3/dataCW/IMG/right_2017_09_04_12_12_31_352.jpg,0.09721403,1,0,30.19009
/Users/ggcstaff/CarND-Term1-Starter-Kit/CarND-Behavioral-Cloning-P3/dataCW/IMG/center_2017_09_04_12_12_31_419.jpg,/Users/ggcstaff/CarND-Term1-Starter-Kit/CarND-Behavioral-Cloning-P3/dataCW/IMG/left_2017_09_04_12_12_31_419.jpg,/Users/ggcstaff/CarND-Term1-Starter-Kit/CarND-Behavioral-Cloning-P3/dataCW/IMG/right_2017_09_04_12_12_31_419.jpg,0.09721403,1,0,30.19007
/Users/ggcstaff/CarND-Term1-Starter-Kit/CarND-Behavioral-Cloning-P3/dataCW/IMG/center_2017_09_04_12_12_31_487.jpg,/Users/ggcstaff/CarND-Term1-Starter-Kit/CarND-Behavioral-Cloning-P3/dataCW/IMG/left_2017_09_04_12_12_31_487.jpg,/Users/ggcstaff/CarND-Term1-Starter-Kit/CarND-Behavioral-Cloning-P3/dataCW/IMG/right_2017_09_04_12_12_31_487.jpg,0.09721403,1,0,30.19011
/Users/ggcstaff/CarND-Term1-Starter-Kit/CarND-Behavioral-Cloning-P3/dataCW/IMG/center_2017_09_04_12_12_31_566.jpg,/Users/ggcstaff/CarND-Term1-Starter-Kit/CarND-Behavioral-Cloning-P3/dataCW/IMG/left_2017_09_04_12_12_31_566.jpg,/Users/ggcstaff/CarND-Term1-Starter-Kit/CarND-Behavioral-Cloning-P3/dataCW/IMG/right_2017_09_04_12_12_31_566.jpg,0.1070534,1,0,30.18987
/Users/ggcstaff/CarND-Term1-Starter-Kit/CarND-Behavioral-Cloning-P3/dataCW/IMG/center_2017_09_04_12_12_31_633.jpg,/Users/ggcstaff/CarND-Term1-Starter-Kit/CarND-Behavioral-Cloning-P3/dataCW/IMG/left_2017_09_04_12_12_31_633.jpg,/Users/ggcstaff/CarND-Term1-Starter-Kit/CarND-Behavioral-Cloning-P3/dataCW/IMG/right_2017_09_04_12_12_31_633.jpg,0.1103331,1,0,30.18985
/Users/ggcstaff/CarND-Term1-Starter-Kit/CarND-Behavioral-Cloning-P3/dataCW/IMG/center_2017_09_04_12_12_31_712.jpg,/Users/ggcstaff/CarND-Term1-Starter-Kit/CarND-Behavioral-Cloning-P3/dataCW/IMG/left_2017_09_04_12_12_31_712.jpg,/Users/ggcstaff/CarND-Term1-Starter-Kit/CarND-Behavioral-Cloning-P3/dataCW/IMG/right_2017_09_04_12_12_31_712.jpg,0.1103331,1,0,30.18993
/Users/ggcstaff/CarND-Term1-Starter-Kit/CarND-Behavioral-Cloning-P3/dataCW/IMG/center_2017_09_04_12_12_31_788.jpg,/Users/ggcstaff/CarND-Term1-Starter-Kit/CarND-Behavioral-Cloning-P3/dataCW/IMG/left_2017_09_04_12_12_31_788.jpg,/Users/ggcstaff/CarND-Term1-Starter-Kit/CarND-Behavioral-Cloning-P3/dataCW/IMG/right_2017_09_04_12_12_31_788.jpg,0.1103331,1,0,30.19084
/Users/ggcstaff/CarND-Term1-Starter-Kit/CarND-Behavioral-Cloning-P3/dataCW/IMG/center_2017_09_04_12_12_31_867.jpg,/Users/ggcstaff/CarND-Term1-Starter-Kit/CarND-Behavioral-Cloning-P3/dataCW/IMG/left_2017_09_04_12_12_31_867.jpg,/Users/ggcstaff/CarND-Term1-Starter-Kit/CarND-Behavioral-Cloning-P3/dataCW/IMG/right_2017_09_04_12_12_31_867.jpg,0.1103331,1,0,30.18993
/Users/ggcstaff/CarND-Term1-Starter-Kit/CarND-Behavioral-Cloning-P3/dataCW/IMG/center_2017_09_04_12_12_31_945.jpg,/Users/ggcstaff/CarND-Term1-Starter-Kit/CarND-Behavioral-Cloning-P3/dataCW/IMG/left_2017_09_04_12_12_31_945.jpg,/Users/ggcstaff/CarND-Term1-Starter-Kit/CarND-Behavioral-Cloning-P3/dataCW/IMG/right_2017_09_04_12_12_31_945.jpg,0.1103331,1,0,30.19001
/Users/ggcstaff/CarND-Term1-Starter-Kit/CarND-Behavioral-Cloning-P3/dataCW/IMG/center_2017_09_04_12_12_32_023.jpg,/Users/ggcstaff/CarND-Term1-Starter-Kit/CarND-Behavioral-Cloning-P3/dataCW/IMG/left_2017_09_04_12_12_32_023.jpg,/Users/ggcstaff/CarND-Term1-Starter-Kit/CarND-Behavioral-Cloning-P3/dataCW/IMG/right_2017_09_04_12_12_32_023.jpg,0.1103331,1,0,30.19036
/Users/ggcstaff/CarND-Term1-Starter-Kit/CarND-Behavioral-Cloning-P3/dataCW/IMG/center_2017_09_04_12_12_32_094.jpg,/Users/ggcstaff/CarND-Term1-Starter-Kit/CarND-Behavioral-Cloning-P3/dataCW/IMG/left_2017_09_04_12_12_32_094.jpg,/Users/ggcstaff/CarND-Term1-Starter-Kit/CarND-Behavioral-Cloning-P3/dataCW/IMG/right_2017_09_04_12_12_32_094.jpg,0.1103331,1,0,30.19002
/Users/ggcstaff/CarND-Term1-Starter-Kit/CarND-Behavioral-Cloning-P3/dataCW/IMG/center_2017_09_04_12_12_32_170.jpg,/Users/ggcstaff/CarND-Term1-Starter-Kit/CarND-Behavioral-Cloning-P3/dataCW/IMG/left_2017_09_04_12_12_32_170.jpg,/Users/ggcstaff/CarND-Term1-Starter-Kit/CarND-Behavioral-Cloning-P3/dataCW/IMG/right_2017_09_04_12_12_32_170.jpg,0.1103331,1,0,30.19003
/Users/ggcstaff/CarND-Term1-Starter-Kit/CarND-Behavioral-Cloning-P3/dataCW/IMG/center_2017_09_04_12_12_32_240.jpg,/Users/ggcstaff/CarND-Term1-Starter-Kit/CarND-Behavioral-Cloning-P3/dataCW/IMG/left_2017_09_04_12_12_32_240.jpg,/Users/ggcstaff/CarND-Term1-Starter-Kit/CarND-Behavioral-Cloning-P3/dataCW/IMG/right_2017_09_04_12_12_32_240.jpg,0.1103331,1,0,30.19003
/Users/ggcstaff/CarND-Term1-Starter-Kit/CarND-Behavioral-Cloning-P3/dataCW/IMG/center_2017_09_04_12_12_32_308.jpg,/Users/ggcstaff/CarND-Term1-Starter-Kit/CarND-Behavioral-Cloning-P3/dataCW/IMG/left_2017_09_04_12_12_32_308.jpg,/Users/ggcstaff/CarND-Term1-Starter-Kit/CarND-Behavioral-Cloning-P3/dataCW/IMG/right_2017_09_04_12_12_32_308.jpg,0.1103331,1,0,30.19001
/Users/ggcstaff/CarND-Term1-Starter-Kit/CarND-Behavioral-Cloning-P3/dataCW/IMG/center_2017_09_04_12_12_32_381.jpg,/Users/ggcstaff/CarND-Term1-Starter-Kit/CarND-Behavioral-Cloning-P3/dataCW/IMG/left_2017_09_04_12_12_32_381.jpg,/Users/ggcstaff/CarND-Term1-Starter-Kit/CarND-Behavioral-Cloning-P3/dataCW/IMG/right_2017_09_04_12_12_32_381.jpg,0.1201725,1,0,30.18974
/Users/ggcstaff/CarND-Term1-Starter-Kit/CarND-Behavioral-Cloning-P3/dataCW/IMG/center_2017_09_04_12_12_32_449.jpg,/Users/ggcstaff/CarND-Term1-Starter-Kit/CarND-Behavioral-Cloning-P3/dataCW/IMG/left_2017_09_04_12_12_32_449.jpg,/Users/ggcstaff/CarND-Term1-Starter-Kit/CarND-Behavioral-Cloning-P3/dataCW/IMG/right_2017_09_04_12_12_32_449.jpg,0.1332916,1,0,30.18955
/Users/ggcstaff/CarND-Term1-Starter-Kit/CarND-Behavioral-Cloning-P3/dataCW/IMG/center_2017_09_04_12_12_32_519.jpg,/Users/ggcstaff/CarND-Term1-Starter-Kit/CarND-Behavioral-Cloning-P3/dataCW/IMG/left_2017_09_04_12_12_32_519.jpg,/Users/ggcstaff/CarND-Term1-Starter-Kit/CarND-Behavioral-Cloning-P3/dataCW/IMG/right_2017_09_04_12_12_32_519.jpg,0.1365713,1,0,30.18942
/Users/ggcstaff/CarND-Term1-Starter-Kit/CarND-Behavioral-Cloning-P3/dataCW/IMG/center_2017_09_04_12_12_32_590.jpg,/Users/ggcstaff/CarND-Term1-Starter-Kit/CarND-Behavioral-Cloning-P3/dataCW/IMG/left_2017_09_04_12_12_32_590.jpg,/Users/ggcstaff/CarND-Term1-Starter-Kit/CarND-Behavioral-Cloning-P3/dataCW/IMG/right_2017_09_04_12_12_32_590.jpg,0.1431309,1,0,30.18943
/Users/ggcstaff/CarND-Term1-Starter-Kit/CarND-Behavioral-Cloning-P3/dataCW/IMG/center_2017_09_04_12_12_32_663.jpg,/Users/ggcstaff/CarND-Term1-Starter-Kit/CarND-Behavioral-Cloning-P3/dataCW/IMG/left_2017_09_04_12_12_32_663.jpg,/Users/ggcstaff/CarND-Term1-Starter-Kit/CarND-Behavioral-Cloning-P3/dataCW/IMG/right_2017_09_04_12_12_32_663.jpg,0.1431309,1,0,30.18948
/Users/ggcstaff/CarND-Term1-Starter-Kit/CarND-Behavioral-Cloning-P3/dataCW/IMG/center_2017_09_04_12_12_32_735.jpg,/Users/ggcstaff/CarND-Term1-Starter-Kit/CarND-Behavioral-Cloning-P3/dataCW/IMG/left_2017_09_04_12_12_32_735.jpg,/Users/ggcstaff/CarND-Term1-Starter-Kit/CarND-Behavioral-Cloning-P3/dataCW/IMG/right_2017_09_04_12_12_32_735.jpg,0.1431309,1,0,30.18963
/Users/ggcstaff/CarND-Term1-Starter-Kit/CarND-Behavioral-Cloning-P3/dataCW/IMG/center_2017_09_04_12_12_32_806.jpg,/Users/ggcstaff/CarND-Term1-Starter-Kit/CarND-Behavioral-Cloning-P3/dataCW/IMG/left_2017_09_04_12_12_32_806.jpg,/Users/ggcstaff/CarND-Term1-Starter-Kit/CarND-Behavioral-Cloning-P3/dataCW/IMG/right_2017_09_04_12_12_32_806.jpg,0.1431309,1,0,30.18976
/Users/ggcstaff/CarND-Term1-Starter-Kit/CarND-Behavioral-Cloning-P3/dataCW/IMG/center_2017_09_04_12_12_32_877.jpg,/Users/ggcstaff/CarND-Term1-Starter-Kit/CarND-Behavioral-Cloning-P3/dataCW/IMG/left_2017_09_04_12_12_32_877.jpg,/Users/ggcstaff/CarND-Term1-Starter-Kit/CarND-Behavioral-Cloning-P3/dataCW/IMG/right_2017_09_04_12_12_32_877.jpg,0.1431309,1,0,30.18981
/Users/ggcstaff/CarND-Term1-Starter-Kit/CarND-Behavioral-Cloning-P3/dataCW/IMG/center_2017_09_04_12_12_32_944.jpg,/Users/ggcstaff/CarND-Term1-Starter-Kit/CarND-Behavioral-Cloning-P3/dataCW/IMG/left_2017_09_04_12_12_32_944.jpg,/Users/ggcstaff/CarND-Term1-Starter-Kit/CarND-Behavioral-Cloning-P3/dataCW/IMG/right_2017_09_04_12_12_32_944.jpg,0.1616303,1,0,30.18868
/Users/ggcstaff/CarND-Term1-Starter-Kit/CarND-Behavioral-Cloning-P3/dataCW/IMG/center_2017_09_04_12_12_33_011.jpg,/Users/ggcstaff/CarND-Term1-Starter-Kit/CarND-Behavioral-Cloning-P3/dataCW/IMG/left_2017_09_04_12_12_33_011.jpg,/Users/ggcstaff/CarND-Term1-Starter-Kit/CarND-Behavioral-Cloning-P3/dataCW/IMG/right_2017_09_04_12_12_33_011.jpg,0.1681899,1,0,30.18901
/Users/ggcstaff/CarND-Term1-Starter-Kit/CarND-Behavioral-Cloning-P3/dataCW/IMG/center_2017_09_04_12_12_33_078.jpg,/Users/ggcstaff/CarND-Term1-Starter-Kit/CarND-Behavioral-Cloning-P3/dataCW/IMG/left_2017_09_04_12_12_33_078.jpg,/Users/ggcstaff/CarND-Term1-Starter-Kit/CarND-Behavioral-Cloning-P3/dataCW/IMG/right_2017_09_04_12_12_33_078.jpg,0.1681899,1,0,30.18927
/Users/ggcstaff/CarND-Term1-Starter-Kit/CarND-Behavioral-Cloning-P3/dataCW/IMG/center_2017_09_04_12_12_33_152.jpg,/Users/ggcstaff/CarND-Term1-Starter-Kit/CarND-Behavioral-Cloning-P3/dataCW/IMG/left_2017_09_04_12_12_33_152.jpg,/Users/ggcstaff/CarND-Term1-Starter-Kit/CarND-Behavioral-Cloning-P3/dataCW/IMG/right_2017_09_04_12_12_33_152.jpg,0.1681899,1,0,30.18919
/Users/ggcstaff/CarND-Term1-Starter-Kit/CarND-Behavioral-Cloning-P3/dataCW/IMG/center_2017_09_04_12_12_33_224.jpg,/Users/ggcstaff/CarND-Term1-Starter-Kit/CarND-Behavioral-Cloning-P3/dataCW/IMG/left_2017_09_04_12_12_33_224.jpg,/Users/ggcstaff/CarND-Term1-Starter-Kit/CarND-Behavioral-Cloning-P3/dataCW/IMG/right_2017_09_04_12_12_33_224.jpg,0.1681899,1,0,30.1895
/Users/ggcstaff/CarND-Term1-Starter-Kit/CarND-Behavioral-Cloning-P3/dataCW/IMG/center_2017_09_04_12_12_33_294.jpg,/Users/ggcstaff/CarND-Term1-Starter-Kit/CarND-Behavioral-Cloning-P3/dataCW/IMG/left_2017_09_04_12_12_33_294.jpg,/Users/ggcstaff/CarND-Term1-Starter-Kit/CarND-Behavioral-Cloning-P3/dataCW/IMG/right_2017_09_04_12_12_33_294.jpg,0.1944281,1,0,30.18833
/Users/ggcstaff/CarND-Term1-Starter-Kit/CarND-Behavioral-Cloning-P3/dataCW/IMG/center_2017_09_04_12_12_33_364.jpg,/Users/ggcstaff/CarND-Term1-Starter-Kit/CarND-Behavioral-Cloning-P3/dataCW/IMG/left_2017_09_04_12_12_33_364.jpg,/Users/ggcstaff/CarND-Term1-Starter-Kit/CarND-Behavioral-Cloning-P3/dataCW/IMG/right_2017_09_04_12_12_33_364.jpg,0.1977078,1,0,30.18858
/Users/ggcstaff/CarND-Term1-Starter-Kit/CarND-Behavioral-Cloning-P3/dataCW/IMG/center_2017_09_04_12_12_33_435.jpg,/Users/ggcstaff/CarND-Term1-Starter-Kit/CarND-Behavioral-Cloning-P3/dataCW/IMG/left_2017_09_04_12_12_33_435.jpg,/Users/ggcstaff/CarND-Term1-Starter-Kit/CarND-Behavioral-Cloning-P3/dataCW/IMG/right_2017_09_04_12_12_33_435.jpg,0.2042674,1,0,30.1886
/Users/ggcstaff/CarND-Term1-Starter-Kit/CarND-Behavioral-Cloning-P3/dataCW/IMG/center_2017_09_04_12_12_33_510.jpg,/Users/ggcstaff/CarND-Term1-Starter-Kit/CarND-Behavioral-Cloning-P3/dataCW/IMG/left_2017_09_04_12_12_33_510.jpg,/Users/ggcstaff/CarND-Term1-Starter-Kit/CarND-Behavioral-Cloning-P3/dataCW/IMG/right_2017_09_04_12_12_33_510.jpg,0.2173865,1,0,30.18824
/Users/ggcstaff/CarND-Term1-Starter-Kit/CarND-Behavioral-Cloning-P3/dataCW/IMG/center_2017_09_04_12_12_33_579.jpg,/Users/ggcstaff/CarND-Term1-Starter-Kit/CarND-Behavioral-Cloning-P3/dataCW/IMG/left_2017_09_04_12_12_33_579.jpg,/Users/ggcstaff/CarND-Term1-Starter-Kit/CarND-Behavioral-Cloning-P3/dataCW/IMG/right_2017_09_04_12_12_33_579.jpg,0.223946,1,0,30.1882
/Users/ggcstaff/CarND-Term1-Starter-Kit/CarND-Behavioral-Cloning-P3/dataCW/IMG/center_2017_09_04_12_12_33_647.jpg,/Users/ggcstaff/CarND-Term1-Starter-Kit/CarND-Behavioral-Cloning-P3/dataCW/IMG/left_2017_09_04_12_12_33_647.jpg,/Users/ggcstaff/CarND-Term1-Starter-Kit/CarND-Behavioral-Cloning-P3/dataCW/IMG/right_2017_09_04_12_12_33_647.jpg,0.2305056,1,0,30.18816
/Users/ggcstaff/CarND-Term1-Starter-Kit/CarND-Behavioral-Cloning-P3/dataCW/IMG/center_2017_09_04_12_12_33_717.jpg,/Users/ggcstaff/CarND-Term1-Starter-Kit/CarND-Behavioral-Cloning-P3/dataCW/IMG/left_2017_09_04_12_12_33_717.jpg,/Users/ggcstaff/CarND-Term1-Starter-Kit/CarND-Behavioral-Cloning-P3/dataCW/IMG/right_2017_09_04_12_12_33_717.jpg,0.2337854,1,0,30.18837
/Users/ggcstaff/CarND-Term1-Starter-Kit/CarND-Behavioral-Cloning-P3/dataCW/IMG/center_2017_09_04_12_12_33_797.jpg,/Users/ggcstaff/CarND-Term1-Starter-Kit/CarND-Behavioral-Cloning-P3/dataCW/IMG/left_2017_09_04_12_12_33_797.jpg,/Users/ggcstaff/CarND-Term1-Starter-Kit/CarND-Behavioral-Cloning-P3/dataCW/IMG/right_2017_09_04_12_12_33_797.jpg,0.2337854,1,0,30.18877
/Users/ggcstaff/CarND-Term1-Starter-Kit/CarND-Behavioral-Cloning-P3/dataCW/IMG/center_2017_09_04_12_12_33_871.jpg,/Users/ggcstaff/CarND-Term1-Starter-Kit/CarND-Behavioral-Cloning-P3/dataCW/IMG/left_2017_09_04_12_12_33_871.jpg,/Users/ggcstaff/CarND-Term1-Starter-Kit/CarND-Behavioral-Cloning-P3/dataCW/IMG/right_2017_09_04_12_12_33_871.jpg,0.2337854,1,0,30.1889
/Users/ggcstaff/CarND-Term1-Starter-Kit/CarND-Behavioral-Cloning-P3/dataCW/IMG/center_2017_09_04_12_12_33_941.jpg,/Users/ggcstaff/CarND-Term1-Starter-Kit/CarND-Behavioral-Cloning-P3/dataCW/IMG/left_2017_09_04_12_12_33_941.jpg,/Users/ggcstaff/CarND-Term1-Starter-Kit/CarND-Behavioral-Cloning-P3/dataCW/IMG/right_2017_09_04_12_12_33_941.jpg,0.2436247,1,0,30.1883
/Users/ggcstaff/CarND-Term1-Starter-Kit/CarND-Behavioral-Cloning-P3/dataCW/IMG/center_2017_09_04_12_12_34_011.jpg,/Users/ggcstaff/CarND-Term1-Starter-Kit/CarND-Behavioral-Cloning-P3/dataCW/IMG/left_2017_09_04_12_12_34_011.jpg,/Users/ggcstaff/CarND-Term1-Starter-Kit/CarND-Behavioral-Cloning-P3/dataCW/IMG/right_2017_09_04_12_12_34_011.jpg,0.2436247,1,0,30.18871
/Users/ggcstaff/CarND-Term1-Starter-Kit/CarND-Behavioral-Cloning-P3/dataCW/IMG/center_2017_09_04_12_12_34_080.jpg,/Users/ggcstaff/CarND-Term1-Starter-Kit/CarND-Behavioral-Cloning-P3/dataCW/IMG/left_2017_09_04_12_12_34_080.jpg,/Users/ggcstaff/CarND-Term1-Starter-Kit/CarND-Behavioral-Cloning-P3/dataCW/IMG/right_2017_09_04_12_12_34_080.jpg,0.2436247,1,0,30.1888
/Users/ggcstaff/CarND-Term1-Starter-Kit/CarND-Behavioral-Cloning-P3/dataCW/IMG/center_2017_09_04_12_12_34_151.jpg,/Users/ggcstaff/CarND-Term1-Starter-Kit/CarND-Behavioral-Cloning-P3/dataCW/IMG/left_2017_09_04_12_12_34_151.jpg,/Users/ggcstaff/CarND-Term1-Starter-Kit/CarND-Behavioral-Cloning-P3/dataCW/IMG/right_2017_09_04_12_12_34_151.jpg,0.2469045,1,0,30.18941
/Users/ggcstaff/CarND-Term1-Starter-Kit/CarND-Behavioral-Cloning-P3/dataCW/IMG/center_2017_09_04_12_12_34_219.jpg,/Users/ggcstaff/CarND-Term1-Starter-Kit/CarND-Behavioral-Cloning-P3/dataCW/IMG/left_2017_09_04_12_12_34_219.jpg,/Users/ggcstaff/CarND-Term1-Starter-Kit/CarND-Behavioral-Cloning-P3/dataCW/IMG/right_2017_09_04_12_12_34_219.jpg,0.2469045,1,0,30.18881
/Users/ggcstaff/CarND-Term1-Starter-Kit/CarND-Behavioral-Cloning-P3/dataCW/IMG/center_2017_09_04_12_12_34_290.jpg,/Users/ggcstaff/CarND-Term1-Starter-Kit/CarND-Behavioral-Cloning-P3/dataCW/IMG/left_2017_09_04_12_12_34_290.jpg,/Users/ggcstaff/CarND-Term1-Starter-Kit/CarND-Behavioral-Cloning-P3/dataCW/IMG/right_2017_09_04_12_12_34_290.jpg,0.233638,1,0,30.18977
/Users/ggcstaff/CarND-Term1-Starter-Kit/CarND-Behavioral-Cloning-P3/dataCW/IMG/center_2017_09_04_12_12_34_372.jpg,/Users/ggcstaff/CarND-Term1-Starter-Kit/CarND-Behavioral-Cloning-P3/dataCW/IMG/left_2017_09_04_12_12_34_372.jpg,/Users/ggcstaff/CarND-Term1-Starter-Kit/CarND-Behavioral-Cloning-P3/dataCW/IMG/right_2017_09_04_12_12_34_372.jpg,0.2236881,1,0,30.18993
/Users/ggcstaff/CarND-Term1-Starter-Kit/CarND-Behavioral-Cloning-P3/dataCW/IMG/center_2017_09_04_12_12_34_441.jpg,/Users/ggcstaff/CarND-Term1-Starter-Kit/CarND-Behavioral-Cloning-P3/dataCW/IMG/left_2017_09_04_12_12_34_441.jpg,/Users/ggcstaff/CarND-Term1-Starter-Kit/CarND-Behavioral-Cloning-P3/dataCW/IMG/right_2017_09_04_12_12_34_441.jpg,0.2236881,1,0,30.18983
/Users/ggcstaff/CarND-Term1-Starter-Kit/CarND-Behavioral-Cloning-P3/dataCW/IMG/center_2017_09_04_12_12_34_513.jpg,/Users/ggcstaff/CarND-Term1-Starter-Kit/CarND-Behavioral-Cloning-P3/dataCW/IMG/left_2017_09_04_12_12_34_513.jpg,/Users/ggcstaff/CarND-Term1-Starter-Kit/CarND-Behavioral-Cloning-P3/dataCW/IMG/right_2017_09_04_12_12_34_513.jpg,0.2236881,1,0,30.18948
/Users/ggcstaff/CarND-Term1-Starter-Kit/CarND-Behavioral-Cloning-P3/dataCW/IMG/center_2017_09_04_12_12_34_582.jpg,/Users/ggcstaff/CarND-Term1-Starter-Kit/CarND-Behavioral-Cloning-P3/dataCW/IMG/left_2017_09_04_12_12_34_582.jpg,/Users/ggcstaff/CarND-Term1-Starter-Kit/CarND-Behavioral-Cloning-P3/dataCW/IMG/right_2017_09_04_12_12_34_582.jpg,0.2236881,1,0,30.18943
/Users/ggcstaff/CarND-Term1-Starter-Kit/CarND-Behavioral-Cloning-P3/dataCW/IMG/center_2017_09_04_12_12_34_652.jpg,/Users/ggcstaff/CarND-Term1-Starter-Kit/CarND-Behavioral-Cloning-P3/dataCW/IMG/left_2017_09_04_12_12_34_652.jpg,/Users/ggcstaff/CarND-Term1-Starter-Kit/CarND-Behavioral-Cloning-P3/dataCW/IMG/right_2017_09_04_12_12_34_652.jpg,0.2236881,1,0,30.19007
/Users/ggcstaff/CarND-Term1-Starter-Kit/CarND-Behavioral-Cloning-P3/dataCW/IMG/center_2017_09_04_12_12_34_722.jpg,/Users/ggcstaff/CarND-Term1-Starter-Kit/CarND-Behavioral-Cloning-P3/dataCW/IMG/left_2017_09_04_12_12_34_722.jpg,/Users/ggcstaff/CarND-Term1-Starter-Kit/CarND-Behavioral-Cloning-P3/dataCW/IMG/right_2017_09_04_12_12_34_722.jpg,0.2236881,1,0,30.18944
/Users/ggcstaff/CarND-Term1-Starter-Kit/CarND-Behavioral-Cloning-P3/dataCW/IMG/center_2017_09_04_12_12_34_809.jpg,/Users/ggcstaff/CarND-Term1-Starter-Kit/CarND-Behavioral-Cloning-P3/dataCW/IMG/left_2017_09_04_12_12_34_809.jpg,/Users/ggcstaff/CarND-Term1-Starter-Kit/CarND-Behavioral-Cloning-P3/dataCW/IMG/right_2017_09_04_12_12_34_809.jpg,0.2236881,1,0,30.18927
/Users/ggcstaff/CarND-Term1-Starter-Kit/CarND-Behavioral-Cloning-P3/dataCW/IMG/center_2017_09_04_12_12_34_877.jpg,/Users/ggcstaff/CarND-Term1-Starter-Kit/CarND-Behavioral-Cloning-P3/dataCW/IMG/left_2017_09_04_12_12_34_877.jpg,/Users/ggcstaff/CarND-Term1-Starter-Kit/CarND-Behavioral-Cloning-P3/dataCW/IMG/right_2017_09_04_12_12_34_877.jpg,0.1533756,1,0,30.19199
/Users/ggcstaff/CarND-Term1-Starter-Kit/CarND-Behavioral-Cloning-P3/dataCW/IMG/center_2017_09_04_12_12_34_945.jpg,/Users/ggcstaff/CarND-Term1-Starter-Kit/CarND-Behavioral-Cloning-P3/dataCW/IMG/left_2017_09_04_12_12_34_945.jpg,/Users/ggcstaff/CarND-Term1-Starter-Kit/CarND-Behavioral-Cloning-P3/dataCW/IMG/right_2017_09_04_12_12_34_945.jpg,0.1314121,1,0,30.19169
/Users/ggcstaff/CarND-Term1-Starter-Kit/CarND-Behavioral-Cloning-P3/dataCW/IMG/center_2017_09_04_12_12_35_013.jpg,/Users/ggcstaff/CarND-Term1-Starter-Kit/CarND-Behavioral-Cloning-P3/dataCW/IMG/left_2017_09_04_12_12_35_013.jpg,/Users/ggcstaff/CarND-Term1-Starter-Kit/CarND-Behavioral-Cloning-P3/dataCW/IMG/right_2017_09_04_12_12_35_013.jpg,0.1214623,1,0,30.19111
/Users/ggcstaff/CarND-Term1-Starter-Kit/CarND-Behavioral-Cloning-P3/dataCW/IMG/center_2017_09_04_12_12_35_091.jpg,/Users/ggcstaff/CarND-Term1-Starter-Kit/CarND-Behavioral-Cloning-P3/dataCW/IMG/left_2017_09_04_12_12_35_091.jpg,/Users/ggcstaff/CarND-Term1-Starter-Kit/CarND-Behavioral-Cloning-P3/dataCW/IMG/right_2017_09_04_12_12_35_091.jpg,0.1214623,1,0,30.19071
/Users/ggcstaff/CarND-Term1-Starter-Kit/CarND-Behavioral-Cloning-P3/dataCW/IMG/center_2017_09_04_12_12_35_158.jpg,/Users/ggcstaff/CarND-Term1-Starter-Kit/CarND-Behavioral-Cloning-P3/dataCW/IMG/left_2017_09_04_12_12_35_158.jpg,/Users/ggcstaff/CarND-Term1-Starter-Kit/CarND-Behavioral-Cloning-P3/dataCW/IMG/right_2017_09_04_12_12_35_158.jpg,0.1214623,1,0,30.19051
/Users/ggcstaff/CarND-Term1-Starter-Kit/CarND-Behavioral-Cloning-P3/dataCW/IMG/center_2017_09_04_12_12_35_232.jpg,/Users/ggcstaff/CarND-Term1-Starter-Kit/CarND-Behavioral-Cloning-P3/dataCW/IMG/left_2017_09_04_12_12_35_232.jpg,/Users/ggcstaff/CarND-Term1-Starter-Kit/CarND-Behavioral-Cloning-P3/dataCW/IMG/right_2017_09_04_12_12_35_232.jpg,0.1214623,1,0,30.18944
/Users/ggcstaff/CarND-Term1-Starter-Kit/CarND-Behavioral-Cloning-P3/dataCW/IMG/center_2017_09_04_12_12_35_310.jpg,/Users/ggcstaff/CarND-Term1-Starter-Kit/CarND-Behavioral-Cloning-P3/dataCW/IMG/left_2017_09_04_12_12_35_310.jpg,/Users/ggcstaff/CarND-Term1-Starter-Kit/CarND-Behavioral-Cloning-P3/dataCW/IMG/right_2017_09_04_12_12_35_310.jpg,0.1214623,1,0,30.1897
/Users/ggcstaff/CarND-Term1-Starter-Kit/CarND-Behavioral-Cloning-P3/dataCW/IMG/center_2017_09_04_12_12_35_382.jpg,/Users/ggcstaff/CarND-Term1-Starter-Kit/CarND-Behavioral-Cloning-P3/dataCW/IMG/left_2017_09_04_12_12_35_382.jpg,/Users/ggcstaff/CarND-Term1-Starter-Kit/CarND-Behavioral-Cloning-P3/dataCW/IMG/right_2017_09_04_12_12_35_382.jpg,0.1214623,1,0,30.19016
/Users/ggcstaff/CarND-Term1-Starter-Kit/CarND-Behavioral-Cloning-P3/dataCW/IMG/center_2017_09_04_12_12_35_450.jpg,/Users/ggcstaff/CarND-Term1-Starter-Kit/CarND-Behavioral-Cloning-P3/dataCW/IMG/left_2017_09_04_12_12_35_450.jpg,/Users/ggcstaff/CarND-Term1-Starter-Kit/CarND-Behavioral-Cloning-P3/dataCW/IMG/right_2017_09_04_12_12_35_450.jpg,0.01326651,1,0,30.1896
/Users/ggcstaff/CarND-Term1-Starter-Kit/CarND-Behavioral-Cloning-P3/dataCW/IMG/center_2017_09_04_12_12_35_520.jpg,/Users/ggcstaff/CarND-Term1-Starter-Kit/CarND-Behavioral-Cloning-P3/dataCW/IMG/left_2017_09_04_12_12_35_520.jpg,/Users/ggcstaff/CarND-Term1-Starter-Kit/CarND-Behavioral-Cloning-P3/dataCW/IMG/right_2017_09_04_12_12_35_520.jpg,-0.008696934,1,0,30.18891
/Users/ggcstaff/CarND-Term1-Starter-Kit/CarND-Behavioral-Cloning-P3/dataCW/IMG/center_2017_09_04_12_12_35_597.jpg,/Users/ggcstaff/CarND-Term1-Starter-Kit/CarND-Behavioral-Cloning-P3/dataCW/IMG/left_2017_09_04_12_12_35_597.jpg,/Users/ggcstaff/CarND-Term1-Starter-Kit/CarND-Behavioral-Cloning-P3/dataCW/IMG/right_2017_09_04_12_12_35_597.jpg,-0.01864682,1,0,30.19005
/Users/ggcstaff/CarND-Term1-Starter-Kit/CarND-Behavioral-Cloning-P3/dataCW/IMG/center_2017_09_04_12_12_35_670.jpg,/Users/ggcstaff/CarND-Term1-Starter-Kit/CarND-Behavioral-Cloning-P3/dataCW/IMG/left_2017_09_04_12_12_35_670.jpg,/Users/ggcstaff/CarND-Term1-Starter-Kit/CarND-Behavioral-Cloning-P3/dataCW/IMG/right_2017_09_04_12_12_35_670.jpg,-0.01864682,1,0,30.1898
/Users/ggcstaff/CarND-Term1-Starter-Kit/CarND-Behavioral-Cloning-P3/dataCW/IMG/center_2017_09_04_12_12_35_740.jpg,/Users/ggcstaff/CarND-Term1-Starter-Kit/CarND-Behavioral-Cloning-P3/dataCW/IMG/left_2017_09_04_12_12_35_740.jpg,/Users/ggcstaff/CarND-Term1-Starter-Kit/CarND-Behavioral-Cloning-P3/dataCW/IMG/right_2017_09_04_12_12_35_740.jpg,-0.01864682,1,0,30.1894
/Users/ggcstaff/CarND-Term1-Starter-Kit/CarND-Behavioral-Cloning-P3/dataCW/IMG/center_2017_09_04_12_12_35_816.jpg,/Users/ggcstaff/CarND-Term1-Starter-Kit/CarND-Behavioral-Cloning-P3/dataCW/IMG/left_2017_09_04_12_12_35_816.jpg,/Users/ggcstaff/CarND-Term1-Starter-Kit/CarND-Behavioral-Cloning-P3/dataCW/IMG/right_2017_09_04_12_12_35_816.jpg,-0.01864682,1,0,30.19041
/Users/ggcstaff/CarND-Term1-Starter-Kit/CarND-Behavioral-Cloning-P3/dataCW/IMG/center_2017_09_04_12_12_35_886.jpg,/Users/ggcstaff/CarND-Term1-Starter-Kit/CarND-Behavioral-Cloning-P3/dataCW/IMG/left_2017_09_04_12_12_35_886.jpg,/Users/ggcstaff/CarND-Term1-Starter-Kit/CarND-Behavioral-Cloning-P3/dataCW/IMG/right_2017_09_04_12_12_35_886.jpg,-0.01864682,1,0,30.19004
/Users/ggcstaff/CarND-Term1-Starter-Kit/CarND-Behavioral-Cloning-P3/dataCW/IMG/center_2017_09_04_12_12_35_961.jpg,/Users/ggcstaff/CarND-Term1-Starter-Kit/CarND-Behavioral-Cloning-P3/dataCW/IMG/left_2017_09_04_12_12_35_961.jpg,/Users/ggcstaff/CarND-Term1-Starter-Kit/CarND-Behavioral-Cloning-P3/dataCW/IMG/right_2017_09_04_12_12_35_961.jpg,-0.01864682,1,0,30.18997
/Users/ggcstaff/CarND-Term1-Starter-Kit/CarND-Behavioral-Cloning-P3/dataCW/IMG/center_2017_09_04_12_12_36_035.jpg,/Users/ggcstaff/CarND-Term1-Starter-Kit/CarND-Behavioral-Cloning-P3/dataCW/IMG/left_2017_09_04_12_12_36_035.jpg,/Users/ggcstaff/CarND-Term1-Starter-Kit/CarND-Behavioral-Cloning-P3/dataCW/IMG/right_2017_09_04_12_12_36_035.jpg,-0.01864682,1,0,30.18998
/Users/ggcstaff/CarND-Term1-Starter-Kit/CarND-Behavioral-Cloning-P3/dataCW/IMG/center_2017_09_04_12_12_36_102.jpg,/Users/ggcstaff/CarND-Term1-Starter-Kit/CarND-Behavioral-Cloning-P3/dataCW/IMG/left_2017_09_04_12_12_36_102.jpg,/Users/ggcstaff/CarND-Term1-Starter-Kit/CarND-Behavioral-Cloning-P3/dataCW/IMG/right_2017_09_04_12_12_36_102.jpg,-0.01864682,1,0,30.18997
/Users/ggcstaff/CarND-Term1-Starter-Kit/CarND-Behavioral-Cloning-P3/dataCW/IMG/center_2017_09_04_12_12_36_170.jpg,/Users/ggcstaff/CarND-Term1-Starter-Kit/CarND-Behavioral-Cloning-P3/dataCW/IMG/left_2017_09_04_12_12_36_170.jpg,/Users/ggcstaff/CarND-Term1-Starter-Kit/CarND-Behavioral-Cloning-P3/dataCW/IMG/right_2017_09_04_12_12_36_170.jpg,-0.01864682,1,0,30.19021
/Users/ggcstaff/CarND-Term1-Starter-Kit/CarND-Behavioral-Cloning-P3/dataCW/IMG/center_2017_09_04_12_12_36_242.jpg,/Users/ggcstaff/CarND-Term1-Starter-Kit/CarND-Behavioral-Cloning-P3/dataCW/IMG/left_2017_09_04_12_12_36_242.jpg,/Users/ggcstaff/CarND-Term1-Starter-Kit/CarND-Behavioral-Cloning-P3/dataCW/IMG/right_2017_09_04_12_12_36_242.jpg,-0.008807488,1,0,30.19027
/Users/ggcstaff/CarND-Term1-Starter-Kit/CarND-Behavioral-Cloning-P3/dataCW/IMG/center_2017_09_04_12_12_36_310.jpg,/Users/ggcstaff/CarND-Term1-Starter-Kit/CarND-Behavioral-Cloning-P3/dataCW/IMG/left_2017_09_04_12_12_36_310.jpg,/Users/ggcstaff/CarND-Term1-Starter-Kit/CarND-Behavioral-Cloning-P3/dataCW/IMG/right_2017_09_04_12_12_36_310.jpg,-0.002247936,1,0,30.18995
/Users/ggcstaff/CarND-Term1-Starter-Kit/CarND-Behavioral-Cloning-P3/dataCW/IMG/center_2017_09_04_12_12_36_385.jpg,/Users/ggcstaff/CarND-Term1-Starter-Kit/CarND-Behavioral-Cloning-P3/dataCW/IMG/left_2017_09_04_12_12_36_385.jpg,/Users/ggcstaff/CarND-Term1-Starter-Kit/CarND-Behavioral-Cloning-P3/dataCW/IMG/right_2017_09_04_12_12_36_385.jpg,0.007591391,1,0,30.1907
/Users/ggcstaff/CarND-Term1-Starter-Kit/CarND-Behavioral-Cloning-P3/dataCW/IMG/center_2017_09_04_12_12_36_457.jpg,/Users/ggcstaff/CarND-Term1-Starter-Kit/CarND-Behavioral-Cloning-P3/dataCW/IMG/left_2017_09_04_12_12_36_457.jpg,/Users/ggcstaff/CarND-Term1-Starter-Kit/CarND-Behavioral-Cloning-P3/dataCW/IMG/right_2017_09_04_12_12_36_457.jpg,0.01415094,1,0,30.1903
/Users/ggcstaff/CarND-Term1-Starter-Kit/CarND-Behavioral-Cloning-P3/dataCW/IMG/center_2017_09_04_12_12_36_529.jpg,/Users/ggcstaff/CarND-Term1-Starter-Kit/CarND-Behavioral-Cloning-P3/dataCW/IMG/left_2017_09_04_12_12_36_529.jpg,/Users/ggcstaff/CarND-Term1-Starter-Kit/CarND-Behavioral-Cloning-P3/dataCW/IMG/right_2017_09_04_12_12_36_529.jpg,0.0338296,1,0,30.19003
/Users/ggcstaff/CarND-Term1-Starter-Kit/CarND-Behavioral-Cloning-P3/dataCW/IMG/center_2017_09_04_12_12_36_598.jpg,/Users/ggcstaff/CarND-Term1-Starter-Kit/CarND-Behavioral-Cloning-P3/dataCW/IMG/left_2017_09_04_12_12_36_598.jpg,/Users/ggcstaff/CarND-Term1-Starter-Kit/CarND-Behavioral-Cloning-P3/dataCW/IMG/right_2017_09_04_12_12_36_598.jpg,0.05022848,1,0,30.18976
/Users/ggcstaff/CarND-Term1-Starter-Kit/CarND-Behavioral-Cloning-P3/dataCW/IMG/center_2017_09_04_12_12_36_679.jpg,/Users/ggcstaff/CarND-Term1-Starter-Kit/CarND-Behavioral-Cloning-P3/dataCW/IMG/left_2017_09_04_12_12_36_679.jpg,/Users/ggcstaff/CarND-Term1-Starter-Kit/CarND-Behavioral-Cloning-P3/dataCW/IMG/right_2017_09_04_12_12_36_679.jpg,0.05350826,1,0,30.18991
/Users/ggcstaff/CarND-Term1-Starter-Kit/CarND-Behavioral-Cloning-P3/dataCW/IMG/center_2017_09_04_12_12_36_747.jpg,/Users/ggcstaff/CarND-Term1-Starter-Kit/CarND-Behavioral-Cloning-P3/dataCW/IMG/left_2017_09_04_12_12_36_747.jpg,/Users/ggcstaff/CarND-Term1-Starter-Kit/CarND-Behavioral-Cloning-P3/dataCW/IMG/right_2017_09_04_12_12_36_747.jpg,0.05350826,1,0,30.1902
/Users/ggcstaff/CarND-Term1-Starter-Kit/CarND-Behavioral-Cloning-P3/dataCW/IMG/center_2017_09_04_12_12_36_817.jpg,/Users/ggcstaff/CarND-Term1-Starter-Kit/CarND-Behavioral-Cloning-P3/dataCW/IMG/left_2017_09_04_12_12_36_817.jpg,/Users/ggcstaff/CarND-Term1-Starter-Kit/CarND-Behavioral-Cloning-P3/dataCW/IMG/right_2017_09_04_12_12_36_817.jpg,0.05350826,1,0,30.19023
/Users/ggcstaff/CarND-Term1-Starter-Kit/CarND-Behavioral-Cloning-P3/dataCW/IMG/center_2017_09_04_12_12_36_884.jpg,/Users/ggcstaff/CarND-Term1-Starter-Kit/CarND-Behavioral-Cloning-P3/dataCW/IMG/left_2017_09_04_12_12_36_884.jpg,/Users/ggcstaff/CarND-Term1-Starter-Kit/CarND-Behavioral-Cloning-P3/dataCW/IMG/right_2017_09_04_12_12_36_884.jpg,0.02491156,1,0,30.19041
/Users/ggcstaff/CarND-Term1-Starter-Kit/CarND-Behavioral-Cloning-P3/dataCW/IMG/center_2017_09_04_12_12_36_953.jpg,/Users/ggcstaff/CarND-Term1-Starter-Kit/CarND-Behavioral-Cloning-P3/dataCW/IMG/left_2017_09_04_12_12_36_953.jpg,/Users/ggcstaff/CarND-Term1-Starter-Kit/CarND-Behavioral-Cloning-P3/dataCW/IMG/right_2017_09_04_12_12_36_953.jpg,0.01496167,1,0,30.19078
/Users/ggcstaff/CarND-Term1-Starter-Kit/CarND-Behavioral-Cloning-P3/dataCW/IMG/center_2017_09_04_12_12_37_028.jpg,/Users/ggcstaff/CarND-Term1-Starter-Kit/CarND-Behavioral-Cloning-P3/dataCW/IMG/left_2017_09_04_12_12_37_028.jpg,/Users/ggcstaff/CarND-Term1-Starter-Kit/CarND-Behavioral-Cloning-P3/dataCW/IMG/right_2017_09_04_12_12_37_028.jpg,0.001695165,1,0,30.1904
/Users/ggcstaff/CarND-Term1-Starter-Kit/CarND-Behavioral-Cloning-P3/dataCW/IMG/center_2017_09_04_12_12_37_102.jpg,/Users/ggcstaff/CarND-Term1-Starter-Kit/CarND-Behavioral-Cloning-P3/dataCW/IMG/left_2017_09_04_12_12_37_102.jpg,/Users/ggcstaff/CarND-Term1-Starter-Kit/CarND-Behavioral-Cloning-P3/dataCW/IMG/right_2017_09_04_12_12_37_102.jpg,0.001695165,1,0,30.19039
/Users/ggcstaff/CarND-Term1-Starter-Kit/CarND-Behavioral-Cloning-P3/dataCW/IMG/center_2017_09_04_12_12_37_170.jpg,/Users/ggcstaff/CarND-Term1-Starter-Kit/CarND-Behavioral-Cloning-P3/dataCW/IMG/left_2017_09_04_12_12_37_170.jpg,/Users/ggcstaff/CarND-Term1-Starter-Kit/CarND-Behavioral-Cloning-P3/dataCW/IMG/right_2017_09_04_12_12_37_170.jpg,0.001695165,1,0,30.19034
/Users/ggcstaff/CarND-Term1-Starter-Kit/CarND-Behavioral-Cloning-P3/dataCW/IMG/center_2017_09_04_12_12_37_237.jpg,/Users/ggcstaff/CarND-Term1-Starter-Kit/CarND-Behavioral-Cloning-P3/dataCW/IMG/left_2017_09_04_12_12_37_237.jpg,/Users/ggcstaff/CarND-Term1-Starter-Kit/CarND-Behavioral-Cloning-P3/dataCW/IMG/right_2017_09_04_12_12_37_237.jpg,0.001695165,1,0,30.19037
/Users/ggcstaff/CarND-Term1-Starter-Kit/CarND-Behavioral-Cloning-P3/dataCW/IMG/center_2017_09_04_12_12_37_308.jpg,/Users/ggcstaff/CarND-Term1-Starter-Kit/CarND-Behavioral-Cloning-P3/dataCW/IMG/left_2017_09_04_12_12_37_308.jpg,/Users/ggcstaff/CarND-Term1-Starter-Kit/CarND-Behavioral-Cloning-P3/dataCW/IMG/right_2017_09_04_12_12_37_308.jpg,0.001695165,1,0,30.19036
/Users/ggcstaff/CarND-Term1-Starter-Kit/CarND-Behavioral-Cloning-P3/dataCW/IMG/center_2017_09_04_12_12_37_388.jpg,/Users/ggcstaff/CarND-Term1-Starter-Kit/CarND-Behavioral-Cloning-P3/dataCW/IMG/left_2017_09_04_12_12_37_388.jpg,/Users/ggcstaff/CarND-Term1-Starter-Kit/CarND-Behavioral-Cloning-P3/dataCW/IMG/right_2017_09_04_12_12_37_388.jpg,-0.01695165,1,0,30.19048
/Users/ggcstaff/CarND-Term1-Starter-Kit/CarND-Behavioral-Cloning-P3/dataCW/IMG/center_2017_09_04_12_12_37_458.jpg,/Users/ggcstaff/CarND-Term1-Starter-Kit/CarND-Behavioral-Cloning-P3/dataCW/IMG/left_2017_09_04_12_12_37_458.jpg,/Users/ggcstaff/CarND-Term1-Starter-Kit/CarND-Behavioral-Cloning-P3/dataCW/IMG/right_2017_09_04_12_12_37_458.jpg,-0.02358491,1,0,30.19038
/Users/ggcstaff/CarND-Term1-Starter-Kit/CarND-Behavioral-Cloning-P3/dataCW/IMG/center_2017_09_04_12_12_37_532.jpg,/Users/ggcstaff/CarND-Term1-Starter-Kit/CarND-Behavioral-Cloning-P3/dataCW/IMG/left_2017_09_04_12_12_37_532.jpg,/Users/ggcstaff/CarND-Term1-Starter-Kit/CarND-Behavioral-Cloning-P3/dataCW/IMG/right_2017_09_04_12_12_37_532.jpg,-0.03021816,1,0,30.19017
/Users/ggcstaff/CarND-Term1-Starter-Kit/CarND-Behavioral-Cloning-P3/dataCW/IMG/center_2017_09_04_12_12_37_599.jpg,/Users/ggcstaff/CarND-Term1-Starter-Kit/CarND-Behavioral-Cloning-P3/dataCW/IMG/left_2017_09_04_12_12_37_599.jpg,/Users/ggcstaff/CarND-Term1-Starter-Kit/CarND-Behavioral-Cloning-P3/dataCW/IMG/right_2017_09_04_12_12_37_599.jpg,-0.03021816,1,0,30.19059
/Users/ggcstaff/CarND-Term1-Starter-Kit/CarND-Behavioral-Cloning-P3/dataCW/IMG/center_2017_09_04_12_12_37_667.jpg,/Users/ggcstaff/CarND-Term1-Starter-Kit/CarND-Behavioral-Cloning-P3/dataCW/IMG/left_2017_09_04_12_12_37_667.jpg,/Users/ggcstaff/CarND-Term1-Starter-Kit/CarND-Behavioral-Cloning-P3/dataCW/IMG/right_2017_09_04_12_12_37_667.jpg,-0.03021816,1,0,30.19051
/Users/ggcstaff/CarND-Term1-Starter-Kit/CarND-Behavioral-Cloning-P3/dataCW/IMG/center_2017_09_04_12_12_37_736.jpg,/Users/ggcstaff/CarND-Term1-Starter-Kit/CarND-Behavioral-Cloning-P3/dataCW/IMG/left_2017_09_04_12_12_37_736.jpg,/Users/ggcstaff/CarND-Term1-Starter-Kit/CarND-Behavioral-Cloning-P3/dataCW/IMG/right_2017_09_04_12_12_37_736.jpg,-0.03021816,1,0,30.19049
/Users/ggcstaff/CarND-Term1-Starter-Kit/CarND-Behavioral-Cloning-P3/dataCW/IMG/center_2017_09_04_12_12_37_804.jpg,/Users/ggcstaff/CarND-Term1-Starter-Kit/CarND-Behavioral-Cloning-P3/dataCW/IMG/left_2017_09_04_12_12_37_804.jpg,/Users/ggcstaff/CarND-Term1-Starter-Kit/CarND-Behavioral-Cloning-P3/dataCW/IMG/right_2017_09_04_12_12_37_804.jpg,-0.03021816,1,0,30.1905
/Users/ggcstaff/CarND-Term1-Starter-Kit/CarND-Behavioral-Cloning-P3/dataCW/IMG/center_2017_09_04_12_12_37_880.jpg,/Users/ggcstaff/CarND-Term1-Starter-Kit/CarND-Behavioral-Cloning-P3/dataCW/IMG/left_2017_09_04_12_12_37_880.jpg,/Users/ggcstaff/CarND-Term1-Starter-Kit/CarND-Behavioral-Cloning-P3/dataCW/IMG/right_2017_09_04_12_12_37_880.jpg,-0.03021816,1,0,30.19055
/Users/ggcstaff/CarND-Term1-Starter-Kit/CarND-Behavioral-Cloning-P3/dataCW/IMG/center_2017_09_04_12_12_37_949.jpg,/Users/ggcstaff/CarND-Term1-Starter-Kit/CarND-Behavioral-Cloning-P3/dataCW/IMG/left_2017_09_04_12_12_37_949.jpg,/Users/ggcstaff/CarND-Term1-Starter-Kit/CarND-Behavioral-Cloning-P3/dataCW/IMG/right_2017_09_04_12_12_37_949.jpg,-0.007259729,1,0,30.19054
/Users/ggcstaff/CarND-Term1-Starter-Kit/CarND-Behavioral-Cloning-P3/dataCW/IMG/center_2017_09_04_12_12_38_016.jpg,/Users/ggcstaff/CarND-Term1-Starter-Kit/CarND-Behavioral-Cloning-P3/dataCW/IMG/left_2017_09_04_12_12_38_016.jpg,/Users/ggcstaff/CarND-Term1-Starter-Kit/CarND-Behavioral-Cloning-P3/dataCW/IMG/right_2017_09_04_12_12_38_016.jpg,0.009139151,1,0,30.19053
/Users/ggcstaff/CarND-Term1-Starter-Kit/CarND-Behavioral-Cloning-P3/dataCW/IMG/center_2017_09_04_12_12_38_095.jpg,/Users/ggcstaff/CarND-Term1-Starter-Kit/CarND-Behavioral-Cloning-P3/dataCW/IMG/left_2017_09_04_12_12_38_095.jpg,/Users/ggcstaff/CarND-Term1-Starter-Kit/CarND-Behavioral-Cloning-P3/dataCW/IMG/right_2017_09_04_12_12_38_095.jpg,0.02553803,1,0,30.1904
/Users/ggcstaff/CarND-Term1-Starter-Kit/CarND-Behavioral-Cloning-P3/dataCW/IMG/center_2017_09_04_12_12_38_163.jpg,/Users/ggcstaff/CarND-Term1-Starter-Kit/CarND-Behavioral-Cloning-P3/dataCW/IMG/left_2017_09_04_12_12_38_163.jpg,/Users/ggcstaff/CarND-Term1-Starter-Kit/CarND-Behavioral-Cloning-P3/dataCW/IMG/right_2017_09_04_12_12_38_163.jpg,0.03209758,1,0,30.19038
/Users/ggcstaff/CarND-Term1-Starter-Kit/CarND-Behavioral-Cloning-P3/dataCW/IMG/center_2017_09_04_12_12_38_231.jpg,/Users/ggcstaff/CarND-Term1-Starter-Kit/CarND-Behavioral-Cloning-P3/dataCW/IMG/left_2017_09_04_12_12_38_231.jpg,/Users/ggcstaff/CarND-Term1-Starter-Kit/CarND-Behavioral-Cloning-P3/dataCW/IMG/right_2017_09_04_12_12_38_231.jpg,0.03537736,1,0,30.19052
/Users/ggcstaff/CarND-Term1-Starter-Kit/CarND-Behavioral-Cloning-P3/dataCW/IMG/center_2017_09_04_12_12_38_309.jpg,/Users/ggcstaff/CarND-Term1-Starter-Kit/CarND-Behavioral-Cloning-P3/dataCW/IMG/left_2017_09_04_12_12_38_309.jpg,/Users/ggcstaff/CarND-Term1-Starter-Kit/CarND-Behavioral-Cloning-P3/dataCW/IMG/right_2017_09_04_12_12_38_309.jpg,0.03537736,1,0,30.19052
/Users/ggcstaff/CarND-Term1-Starter-Kit/CarND-Behavioral-Cloning-P3/dataCW/IMG/center_2017_09_04_12_12_38_377.jpg,/Users/ggcstaff/CarND-Term1-Starter-Kit/CarND-Behavioral-Cloning-P3/dataCW/IMG/left_2017_09_04_12_12_38_377.jpg,/Users/ggcstaff/CarND-Term1-Starter-Kit/CarND-Behavioral-Cloning-P3/dataCW/IMG/right_2017_09_04_12_12_38_377.jpg,0.03537736,1,0,30.1905
/Users/ggcstaff/CarND-Term1-Starter-Kit/CarND-Behavioral-Cloning-P3/dataCW/IMG/center_2017_09_04_12_12_38_444.jpg,/Users/ggcstaff/CarND-Term1-Starter-Kit/CarND-Behavioral-Cloning-P3/dataCW/IMG/left_2017_09_04_12_12_38_444.jpg,/Users/ggcstaff/CarND-Term1-Starter-Kit/CarND-Behavioral-Cloning-P3/dataCW/IMG/right_2017_09_04_12_12_38_444.jpg,0.03537736,1,0,30.19052
/Users/ggcstaff/CarND-Term1-Starter-Kit/CarND-Behavioral-Cloning-P3/dataCW/IMG/center_2017_09_04_12_12_38_519.jpg,/Users/ggcstaff/CarND-Term1-Starter-Kit/CarND-Behavioral-Cloning-P3/dataCW/IMG/left_2017_09_04_12_12_38_519.jpg,/Users/ggcstaff/CarND-Term1-Starter-Kit/CarND-Behavioral-Cloning-P3/dataCW/IMG/right_2017_09_04_12_12_38_519.jpg,0.03537736,1,0,30.19097
/Users/ggcstaff/CarND-Term1-Starter-Kit/CarND-Behavioral-Cloning-P3/dataCW/IMG/center_2017_09_04_12_12_38_587.jpg,/Users/ggcstaff/CarND-Term1-Starter-Kit/CarND-Behavioral-Cloning-P3/dataCW/IMG/left_2017_09_04_12_12_38_587.jpg,/Users/ggcstaff/CarND-Term1-Starter-Kit/CarND-Behavioral-Cloning-P3/dataCW/IMG/right_2017_09_04_12_12_38_587.jpg,0.03537736,1,0,30.19021
/Users/ggcstaff/CarND-Term1-Starter-Kit/CarND-Behavioral-Cloning-P3/dataCW/IMG/center_2017_09_04_12_12_38_661.jpg,/Users/ggcstaff/CarND-Term1-Starter-Kit/CarND-Behavioral-Cloning-P3/dataCW/IMG/left_2017_09_04_12_12_38_661.jpg,/Users/ggcstaff/CarND-Term1-Starter-Kit/CarND-Behavioral-Cloning-P3/dataCW/IMG/right_2017_09_04_12_12_38_661.jpg,0.02211085,1,0,30.1904
/Users/ggcstaff/CarND-Term1-Starter-Kit/CarND-Behavioral-Cloning-P3/dataCW/IMG/center_2017_09_04_12_12_38_733.jpg,/Users/ggcstaff/CarND-Term1-Starter-Kit/CarND-Behavioral-Cloning-P3/dataCW/IMG/left_2017_09_04_12_12_38_733.jpg,/Users/ggcstaff/CarND-Term1-Starter-Kit/CarND-Behavioral-Cloning-P3/dataCW/IMG/right_2017_09_04_12_12_38_733.jpg,0.01879422,1,0,30.1907
/Users/ggcstaff/CarND-Term1-Starter-Kit/CarND-Behavioral-Cloning-P3/dataCW/IMG/center_2017_09_04_12_12_38_799.jpg,/Users/ggcstaff/CarND-Term1-Starter-Kit/CarND-Behavioral-Cloning-P3/dataCW/IMG/left_2017_09_04_12_12_38_799.jpg,/Users/ggcstaff/CarND-Term1-Starter-Kit/CarND-Behavioral-Cloning-P3/dataCW/IMG/right_2017_09_04_12_12_38_799.jpg,0.01879422,1,0,30.19014
/Users/ggcstaff/CarND-Term1-Starter-Kit/CarND-Behavioral-Cloning-P3/dataCW/IMG/center_2017_09_04_12_12_38_879.jpg,/Users/ggcstaff/CarND-Term1-Starter-Kit/CarND-Behavioral-Cloning-P3/dataCW/IMG/left_2017_09_04_12_12_38_879.jpg,/Users/ggcstaff/CarND-Term1-Starter-Kit/CarND-Behavioral-Cloning-P3/dataCW/IMG/right_2017_09_04_12_12_38_879.jpg,0.01879422,1,0,30.1903
/Users/ggcstaff/CarND-Term1-Starter-Kit/CarND-Behavioral-Cloning-P3/dataCW/IMG/center_2017_09_04_12_12_38_957.jpg,/Users/ggcstaff/CarND-Term1-Starter-Kit/CarND-Behavioral-Cloning-P3/dataCW/IMG/left_2017_09_04_12_12_38_957.jpg,/Users/ggcstaff/CarND-Term1-Starter-Kit/CarND-Behavioral-Cloning-P3/dataCW/IMG/right_2017_09_04_12_12_38_957.jpg,0.01879422,1,0,30.19031
/Users/ggcstaff/CarND-Term1-Starter-Kit/CarND-Behavioral-Cloning-P3/dataCW/IMG/center_2017_09_04_12_12_39_026.jpg,/Users/ggcstaff/CarND-Term1-Starter-Kit/CarND-Behavioral-Cloning-P3/dataCW/IMG/left_2017_09_04_12_12_39_026.jpg,/Users/ggcstaff/CarND-Term1-Starter-Kit/CarND-Behavioral-Cloning-P3/dataCW/IMG/right_2017_09_04_12_12_39_026.jpg,0.01879422,1,0,30.19031
/Users/ggcstaff/CarND-Term1-Starter-Kit/CarND-Behavioral-Cloning-P3/dataCW/IMG/center_2017_09_04_12_12_39_097.jpg,/Users/ggcstaff/CarND-Term1-Starter-Kit/CarND-Behavioral-Cloning-P3/dataCW/IMG/left_2017_09_04_12_12_39_097.jpg,/Users/ggcstaff/CarND-Term1-Starter-Kit/CarND-Behavioral-Cloning-P3/dataCW/IMG/right_2017_09_04_12_12_39_097.jpg,0.01879422,1,0,30.19032
/Users/ggcstaff/CarND-Term1-Starter-Kit/CarND-Behavioral-Cloning-P3/dataCW/IMG/center_2017_09_04_12_12_39_182.jpg,/Users/ggcstaff/CarND-Term1-Starter-Kit/CarND-Behavioral-Cloning-P3/dataCW/IMG/left_2017_09_04_12_12_39_182.jpg,/Users/ggcstaff/CarND-Term1-Starter-Kit/CarND-Behavioral-Cloning-P3/dataCW/IMG/right_2017_09_04_12_12_39_182.jpg,0.01879422,1,0,30.19029
/Users/ggcstaff/CarND-Term1-Starter-Kit/CarND-Behavioral-Cloning-P3/dataCW/IMG/center_2017_09_04_12_12_39_258.jpg,/Users/ggcstaff/CarND-Term1-Starter-Kit/CarND-Behavioral-Cloning-P3/dataCW/IMG/left_2017_09_04_12_12_39_258.jpg,/Users/ggcstaff/CarND-Term1-Starter-Kit/CarND-Behavioral-Cloning-P3/dataCW/IMG/right_2017_09_04_12_12_39_258.jpg,0.01879422,1,0,30.19028
/Users/ggcstaff/CarND-Term1-Starter-Kit/CarND-Behavioral-Cloning-P3/dataCW/IMG/center_2017_09_04_12_12_39_328.jpg,/Users/ggcstaff/CarND-Term1-Starter-Kit/CarND-Behavioral-Cloning-P3/dataCW/IMG/left_2017_09_04_12_12_39_328.jpg,/Users/ggcstaff/CarND-Term1-Starter-Kit/CarND-Behavioral-Cloning-P3/dataCW/IMG/right_2017_09_04_12_12_39_328.jpg,0.01879422,1,0,30.19029
/Users/ggcstaff/CarND-Term1-Starter-Kit/CarND-Behavioral-Cloning-P3/dataCW/IMG/center_2017_09_04_12_12_39_397.jpg,/Users/ggcstaff/CarND-Term1-Starter-Kit/CarND-Behavioral-Cloning-P3/dataCW/IMG/left_2017_09_04_12_12_39_397.jpg,/Users/ggcstaff/CarND-Term1-Starter-Kit/CarND-Behavioral-Cloning-P3/dataCW/IMG/right_2017_09_04_12_12_39_397.jpg,0.01879422,1,0,30.19027
/Users/ggcstaff/CarND-Term1-Starter-Kit/CarND-Behavioral-Cloning-P3/dataCW/IMG/center_2017_09_04_12_12_39_466.jpg,/Users/ggcstaff/CarND-Term1-Starter-Kit/CarND-Behavioral-Cloning-P3/dataCW/IMG/left_2017_09_04_12_12_39_466.jpg,/Users/ggcstaff/CarND-Term1-Starter-Kit/CarND-Behavioral-Cloning-P3/dataCW/IMG/right_2017_09_04_12_12_39_466.jpg,0.01879422,1,0,30.19031
/Users/ggcstaff/CarND-Term1-Starter-Kit/CarND-Behavioral-Cloning-P3/dataCW/IMG/center_2017_09_04_12_12_39_535.jpg,/Users/ggcstaff/CarND-Term1-Starter-Kit/CarND-Behavioral-Cloning-P3/dataCW/IMG/left_2017_09_04_12_12_39_535.jpg,/Users/ggcstaff/CarND-Term1-Starter-Kit/CarND-Behavioral-Cloning-P3/dataCW/IMG/right_2017_09_04_12_12_39_535.jpg,0.01879422,1,0,30.19031
/Users/ggcstaff/CarND-Term1-Starter-Kit/CarND-Behavioral-Cloning-P3/dataCW/IMG/center_2017_09_04_12_12_39_605.jpg,/Users/ggcstaff/CarND-Term1-Starter-Kit/CarND-Behavioral-Cloning-P3/dataCW/IMG/left_2017_09_04_12_12_39_605.jpg,/Users/ggcstaff/CarND-Term1-Starter-Kit/CarND-Behavioral-Cloning-P3/dataCW/IMG/right_2017_09_04_12_12_39_605.jpg,0.01879422,1,0,30.19031
/Users/ggcstaff/CarND-Term1-Starter-Kit/CarND-Behavioral-Cloning-P3/dataCW/IMG/center_2017_09_04_12_12_39_674.jpg,/Users/ggcstaff/CarND-Term1-Starter-Kit/CarND-Behavioral-Cloning-P3/dataCW/IMG/left_2017_09_04_12_12_39_674.jpg,/Users/ggcstaff/CarND-Term1-Starter-Kit/CarND-Behavioral-Cloning-P3/dataCW/IMG/right_2017_09_04_12_12_39_674.jpg,0.01879422,1,0,30.1903
/Users/ggcstaff/CarND-Term1-Starter-Kit/CarND-Behavioral-Cloning-P3/dataCW/IMG/center_2017_09_04_12_12_39_743.jpg,/Users/ggcstaff/CarND-Term1-Starter-Kit/CarND-Behavioral-Cloning-P3/dataCW/IMG/left_2017_09_04_12_12_39_743.jpg,/Users/ggcstaff/CarND-Term1-Starter-Kit/CarND-Behavioral-Cloning-P3/dataCW/IMG/right_2017_09_04_12_12_39_743.jpg,0.01879422,1,0,30.19031
/Users/ggcstaff/CarND-Term1-Starter-Kit/CarND-Behavioral-Cloning-P3/dataCW/IMG/center_2017_09_04_12_12_39_810.jpg,/Users/ggcstaff/CarND-Term1-Starter-Kit/CarND-Behavioral-Cloning-P3/dataCW/IMG/left_2017_09_04_12_12_39_810.jpg,/Users/ggcstaff/CarND-Term1-Starter-Kit/CarND-Behavioral-Cloning-P3/dataCW/IMG/right_2017_09_04_12_12_39_810.jpg,0.01879422,1,0,30.19028
/Users/ggcstaff/CarND-Term1-Starter-Kit/CarND-Behavioral-Cloning-P3/dataCW/IMG/center_2017_09_04_12_12_39_877.jpg,/Users/ggcstaff/CarND-Term1-Starter-Kit/CarND-Behavioral-Cloning-P3/dataCW/IMG/left_2017_09_04_12_12_39_877.jpg,/Users/ggcstaff/CarND-Term1-Starter-Kit/CarND-Behavioral-Cloning-P3/dataCW/IMG/right_2017_09_04_12_12_39_877.jpg,0.01879422,1,0,30.19027
/Users/ggcstaff/CarND-Term1-Starter-Kit/CarND-Behavioral-Cloning-P3/dataCW/IMG/center_2017_09_04_12_12_39_951.jpg,/Users/ggcstaff/CarND-Term1-Starter-Kit/CarND-Behavioral-Cloning-P3/dataCW/IMG/left_2017_09_04_12_12_39_951.jpg,/Users/ggcstaff/CarND-Term1-Starter-Kit/CarND-Behavioral-Cloning-P3/dataCW/IMG/right_2017_09_04_12_12_39_951.jpg,0.008844339,1,0,30.19033
/Users/ggcstaff/CarND-Term1-Starter-Kit/CarND-Behavioral-Cloning-P3/dataCW/IMG/center_2017_09_04_12_12_40_019.jpg,/Users/ggcstaff/CarND-Term1-Starter-Kit/CarND-Behavioral-Cloning-P3/dataCW/IMG/left_2017_09_04_12_12_40_019.jpg,/Users/ggcstaff/CarND-Term1-Starter-Kit/CarND-Behavioral-Cloning-P3/dataCW/IMG/right_2017_09_04_12_12_40_019.jpg,0.002211085,1,0,30.19029
/Users/ggcstaff/CarND-Term1-Starter-Kit/CarND-Behavioral-Cloning-P3/dataCW/IMG/center_2017_09_04_12_12_40_090.jpg,/Users/ggcstaff/CarND-Term1-Starter-Kit/CarND-Behavioral-Cloning-P3/dataCW/IMG/left_2017_09_04_12_12_40_090.jpg,/Users/ggcstaff/CarND-Term1-Starter-Kit/CarND-Behavioral-Cloning-P3/dataCW/IMG/right_2017_09_04_12_12_40_090.jpg,-0.001105542,1,0,30.19023
/Users/ggcstaff/CarND-Term1-Starter-Kit/CarND-Behavioral-Cloning-P3/dataCW/IMG/center_2017_09_04_12_12_40_159.jpg,/Users/ggcstaff/CarND-Term1-Starter-Kit/CarND-Behavioral-Cloning-P3/dataCW/IMG/left_2017_09_04_12_12_40_159.jpg,/Users/ggcstaff/CarND-Term1-Starter-Kit/CarND-Behavioral-Cloning-P3/dataCW/IMG/right_2017_09_04_12_12_40_159.jpg,-0.001105542,1,0,30.1903
/Users/ggcstaff/CarND-Term1-Starter-Kit/CarND-Behavioral-Cloning-P3/dataCW/IMG/center_2017_09_04_12_12_40_227.jpg,/Users/ggcstaff/CarND-Term1-Starter-Kit/CarND-Behavioral-Cloning-P3/dataCW/IMG/left_2017_09_04_12_12_40_227.jpg,/Users/ggcstaff/CarND-Term1-Starter-Kit/CarND-Behavioral-Cloning-P3/dataCW/IMG/right_2017_09_04_12_12_40_227.jpg,-0.00442217,1,0,30.19028
/Users/ggcstaff/CarND-Term1-Starter-Kit/CarND-Behavioral-Cloning-P3/dataCW/IMG/center_2017_09_04_12_12_40_297.jpg,/Users/ggcstaff/CarND-Term1-Starter-Kit/CarND-Behavioral-Cloning-P3/dataCW/IMG/left_2017_09_04_12_12_40_297.jpg,/Users/ggcstaff/CarND-Term1-Starter-Kit/CarND-Behavioral-Cloning-P3/dataCW/IMG/right_2017_09_04_12_12_40_297.jpg,-0.02763856,1,0,30.19013
/Users/ggcstaff/CarND-Term1-Starter-Kit/CarND-Behavioral-Cloning-P3/dataCW/IMG/center_2017_09_04_12_12_40_366.jpg,/Users/ggcstaff/CarND-Term1-Starter-Kit/CarND-Behavioral-Cloning-P3/dataCW/IMG/left_2017_09_04_12_12_40_366.jpg,/Users/ggcstaff/CarND-Term1-Starter-Kit/CarND-Behavioral-Cloning-P3/dataCW/IMG/right_2017_09_04_12_12_40_366.jpg,-0.0442217,1,0,30.18995
/Users/ggcstaff/CarND-Term1-Starter-Kit/CarND-Behavioral-Cloning-P3/dataCW/IMG/center_2017_09_04_12_12_40_434.jpg,/Users/ggcstaff/CarND-Term1-Starter-Kit/CarND-Behavioral-Cloning-P3/dataCW/IMG/left_2017_09_04_12_12_40_434.jpg,/Users/ggcstaff/CarND-Term1-Starter-Kit/CarND-Behavioral-Cloning-P3/dataCW/IMG/right_2017_09_04_12_12_40_434.jpg,-0.06412146,1,0,30.18966
/Users/ggcstaff/CarND-Term1-Starter-Kit/CarND-Behavioral-Cloning-P3/dataCW/IMG/center_2017_09_04_12_12_40_504.jpg,/Users/ggcstaff/CarND-Term1-Starter-Kit/CarND-Behavioral-Cloning-P3/dataCW/IMG/left_2017_09_04_12_12_40_504.jpg,/Users/ggcstaff/CarND-Term1-Starter-Kit/CarND-Behavioral-Cloning-P3/dataCW/IMG/right_2017_09_04_12_12_40_504.jpg,-0.07075471,1,0,30.18965
/Users/ggcstaff/CarND-Term1-Starter-Kit/CarND-Behavioral-Cloning-P3/dataCW/IMG/center_2017_09_04_12_12_40_572.jpg,/Users/ggcstaff/CarND-Term1-Starter-Kit/CarND-Behavioral-Cloning-P3/dataCW/IMG/left_2017_09_04_12_12_40_572.jpg,/Users/ggcstaff/CarND-Term1-Starter-Kit/CarND-Behavioral-Cloning-P3/dataCW/IMG/right_2017_09_04_12_12_40_572.jpg,-0.07075471,1,0,30.18993
/Users/ggcstaff/CarND-Term1-Starter-Kit/CarND-Behavioral-Cloning-P3/dataCW/IMG/center_2017_09_04_12_12_40_640.jpg,/Users/ggcstaff/CarND-Term1-Starter-Kit/CarND-Behavioral-Cloning-P3/dataCW/IMG/left_2017_09_04_12_12_40_640.jpg,/Users/ggcstaff/CarND-Term1-Starter-Kit/CarND-Behavioral-Cloning-P3/dataCW/IMG/right_2017_09_04_12_12_40_640.jpg,-0.07407135,1,0,30.18994
/Users/ggcstaff/CarND-Term1-Starter-Kit/CarND-Behavioral-Cloning-P3/dataCW/IMG/center_2017_09_04_12_12_40_707.jpg,/Users/ggcstaff/CarND-Term1-Starter-Kit/CarND-Behavioral-Cloning-P3/dataCW/IMG/left_2017_09_04_12_12_40_707.jpg,/Users/ggcstaff/CarND-Term1-Starter-Kit/CarND-Behavioral-Cloning-P3/dataCW/IMG/right_2017_09_04_12_12_40_707.jpg,-0.0807046,1,0,30.18987
/Users/ggcstaff/CarND-Term1-Starter-Kit/CarND-Behavioral-Cloning-P3/dataCW/IMG/center_2017_09_04_12_12_40_776.jpg,/Users/ggcstaff/CarND-Term1-Starter-Kit/CarND-Behavioral-Cloning-P3/dataCW/IMG/left_2017_09_04_12_12_40_776.jpg,/Users/ggcstaff/CarND-Term1-Starter-Kit/CarND-Behavioral-Cloning-P3/dataCW/IMG/right_2017_09_04_12_12_40_776.jpg,-0.09065448,1,0,30.18974
/Users/ggcstaff/CarND-Term1-Starter-Kit/CarND-Behavioral-Cloning-P3/dataCW/IMG/center_2017_09_04_12_12_40_844.jpg,/Users/ggcstaff/CarND-Term1-Starter-Kit/CarND-Behavioral-Cloning-P3/dataCW/IMG/left_2017_09_04_12_12_40_844.jpg,/Users/ggcstaff/CarND-Term1-Starter-Kit/CarND-Behavioral-Cloning-P3/dataCW/IMG/right_2017_09_04_12_12_40_844.jpg,-0.09065448,1,0,30.18991
/Users/ggcstaff/CarND-Term1-Starter-Kit/CarND-Behavioral-Cloning-P3/dataCW/IMG/center_2017_09_04_12_12_40_918.jpg,/Users/ggcstaff/CarND-Term1-Starter-Kit/CarND-Behavioral-Cloning-P3/dataCW/IMG/left_2017_09_04_12_12_40_918.jpg,/Users/ggcstaff/CarND-Term1-Starter-Kit/CarND-Behavioral-Cloning-P3/dataCW/IMG/right_2017_09_04_12_12_40_918.jpg,-0.09397111,1,0,30.18992
/Users/ggcstaff/CarND-Term1-Starter-Kit/CarND-Behavioral-Cloning-P3/dataCW/IMG/center_2017_09_04_12_12_40_988.jpg,/Users/ggcstaff/CarND-Term1-Starter-Kit/CarND-Behavioral-Cloning-P3/dataCW/IMG/left_2017_09_04_12_12_40_988.jpg,/Users/ggcstaff/CarND-Term1-Starter-Kit/CarND-Behavioral-Cloning-P3/dataCW/IMG/right_2017_09_04_12_12_40_988.jpg,-0.07429245,1,0,30.19038
/Users/ggcstaff/CarND-Term1-Starter-Kit/CarND-Behavioral-Cloning-P3/dataCW/IMG/center_2017_09_04_12_12_41_057.jpg,/Users/ggcstaff/CarND-Term1-Starter-Kit/CarND-Behavioral-Cloning-P3/dataCW/IMG/left_2017_09_04_12_12_41_057.jpg,/Users/ggcstaff/CarND-Term1-Starter-Kit/CarND-Behavioral-Cloning-P3/dataCW/IMG/right_2017_09_04_12_12_41_057.jpg,-0.06117335,1,0,30.19047
/Users/ggcstaff/CarND-Term1-Starter-Kit/CarND-Behavioral-Cloning-P3/dataCW/IMG/center_2017_09_04_12_12_41_127.jpg,/Users/ggcstaff/CarND-Term1-Starter-Kit/CarND-Behavioral-Cloning-P3/dataCW/IMG/left_2017_09_04_12_12_41_127.jpg,/Users/ggcstaff/CarND-Term1-Starter-Kit/CarND-Behavioral-Cloning-P3/dataCW/IMG/right_2017_09_04_12_12_41_127.jpg,-0.05789357,1,0,30.19061
/Users/ggcstaff/CarND-Term1-Starter-Kit/CarND-Behavioral-Cloning-P3/dataCW/IMG/center_2017_09_04_12_12_41_196.jpg,/Users/ggcstaff/CarND-Term1-Starter-Kit/CarND-Behavioral-Cloning-P3/dataCW/IMG/left_2017_09_04_12_12_41_196.jpg,/Users/ggcstaff/CarND-Term1-Starter-Kit/CarND-Behavioral-Cloning-P3/dataCW/IMG/right_2017_09_04_12_12_41_196.jpg,-0.0546138,1,0,30.19037
/Users/ggcstaff/CarND-Term1-Starter-Kit/CarND-Behavioral-Cloning-P3/dataCW/IMG/center_2017_09_04_12_12_41_263.jpg,/Users/ggcstaff/CarND-Term1-Starter-Kit/CarND-Behavioral-Cloning-P3/dataCW/IMG/left_2017_09_04_12_12_41_263.jpg,/Users/ggcstaff/CarND-Term1-Starter-Kit/CarND-Behavioral-Cloning-P3/dataCW/IMG/right_2017_09_04_12_12_41_263.jpg,-0.0546138,1,0,30.19033
/Users/ggcstaff/CarND-Term1-Starter-Kit/CarND-Behavioral-Cloning-P3/dataCW/IMG/center_2017_09_04_12_12_41_333.jpg,/Users/ggcstaff/CarND-Term1-Starter-Kit/CarND-Behavioral-Cloning-P3/dataCW/IMG/left_2017_09_04_12_12_41_333.jpg,/Users/ggcstaff/CarND-Term1-Starter-Kit/CarND-Behavioral-Cloning-P3/dataCW/IMG/right_2017_09_04_12_12_41_333.jpg,-0.07119694,1,0,30.19002
/Users/ggcstaff/CarND-Term1-Starter-Kit/CarND-Behavioral-Cloning-P3/dataCW/IMG/center_2017_09_04_12_12_41_400.jpg,/Users/ggcstaff/CarND-Term1-Starter-Kit/CarND-Behavioral-Cloning-P3/dataCW/IMG/left_2017_09_04_12_12_41_400.jpg,/Users/ggcstaff/CarND-Term1-Starter-Kit/CarND-Behavioral-Cloning-P3/dataCW/IMG/right_2017_09_04_12_12_41_400.jpg,-0.08778007,1,0,30.18966
/Users/ggcstaff/CarND-Term1-Starter-Kit/CarND-Behavioral-Cloning-P3/dataCW/IMG/center_2017_09_04_12_12_41_469.jpg,/Users/ggcstaff/CarND-Term1-Starter-Kit/CarND-Behavioral-Cloning-P3/dataCW/IMG/left_2017_09_04_12_12_41_469.jpg,/Users/ggcstaff/CarND-Term1-Starter-Kit/CarND-Behavioral-Cloning-P3/dataCW/IMG/right_2017_09_04_12_12_41_469.jpg,-0.08778007,1,0,30.18987
/Users/ggcstaff/CarND-Term1-Starter-Kit/CarND-Behavioral-Cloning-P3/dataCW/IMG/center_2017_09_04_12_12_41_539.jpg,/Users/ggcstaff/CarND-Term1-Starter-Kit/CarND-Behavioral-Cloning-P3/dataCW/IMG/left_2017_09_04_12_12_41_539.jpg,/Users/ggcstaff/CarND-Term1-Starter-Kit/CarND-Behavioral-Cloning-P3/dataCW/IMG/right_2017_09_04_12_12_41_539.jpg,-0.08778007,1,0,30.18995
/Users/ggcstaff/CarND-Term1-Starter-Kit/CarND-Behavioral-Cloning-P3/dataCW/IMG/center_2017_09_04_12_12_41_609.jpg,/Users/ggcstaff/CarND-Term1-Starter-Kit/CarND-Behavioral-Cloning-P3/dataCW/IMG/left_2017_09_04_12_12_41_609.jpg,/Users/ggcstaff/CarND-Term1-Starter-Kit/CarND-Behavioral-Cloning-P3/dataCW/IMG/right_2017_09_04_12_12_41_609.jpg,-0.09441333,1,0,30.18992
/Users/ggcstaff/CarND-Term1-Starter-Kit/CarND-Behavioral-Cloning-P3/dataCW/IMG/center_2017_09_04_12_12_41_679.jpg,/Users/ggcstaff/CarND-Term1-Starter-Kit/CarND-Behavioral-Cloning-P3/dataCW/IMG/left_2017_09_04_12_12_41_679.jpg,/Users/ggcstaff/CarND-Term1-Starter-Kit/CarND-Behavioral-Cloning-P3/dataCW/IMG/right_2017_09_04_12_12_41_679.jpg,-0.1043632,1,0,30.18948
/Users/ggcstaff/CarND-Term1-Starter-Kit/CarND-Behavioral-Cloning-P3/dataCW/IMG/center_2017_09_04_12_12_41_748.jpg,/Users/ggcstaff/CarND-Term1-Starter-Kit/CarND-Behavioral-Cloning-P3/dataCW/IMG/left_2017_09_04_12_12_41_748.jpg,/Users/ggcstaff/CarND-Term1-Starter-Kit/CarND-Behavioral-Cloning-P3/dataCW/IMG/right_2017_09_04_12_12_41_748.jpg,-0.124263,1,0,30.18915
/Users/ggcstaff/CarND-Term1-Starter-Kit/CarND-Behavioral-Cloning-P3/dataCW/IMG/center_2017_09_04_12_12_41_817.jpg,/Users/ggcstaff/CarND-Term1-Starter-Kit/CarND-Behavioral-Cloning-P3/dataCW/IMG/left_2017_09_04_12_12_41_817.jpg,/Users/ggcstaff/CarND-Term1-Starter-Kit/CarND-Behavioral-Cloning-P3/dataCW/IMG/right_2017_09_04_12_12_41_817.jpg,-0.1275796,1,0,30.18933
/Users/ggcstaff/CarND-Term1-Starter-Kit/CarND-Behavioral-Cloning-P3/dataCW/IMG/center_2017_09_04_12_12_41_885.jpg,/Users/ggcstaff/CarND-Term1-Starter-Kit/CarND-Behavioral-Cloning-P3/dataCW/IMG/left_2017_09_04_12_12_41_885.jpg,/Users/ggcstaff/CarND-Term1-Starter-Kit/CarND-Behavioral-Cloning-P3/dataCW/IMG/right_2017_09_04_12_12_41_885.jpg,-0.1275796,1,0,30.18972
/Users/ggcstaff/CarND-Term1-Starter-Kit/CarND-Behavioral-Cloning-P3/dataCW/IMG/center_2017_09_04_12_12_41_955.jpg,/Users/ggcstaff/CarND-Term1-Starter-Kit/CarND-Behavioral-Cloning-P3/dataCW/IMG/left_2017_09_04_12_12_41_955.jpg,/Users/ggcstaff/CarND-Term1-Starter-Kit/CarND-Behavioral-Cloning-P3/dataCW/IMG/right_2017_09_04_12_12_41_955.jpg,-0.1275796,1,0,30.18972
/Users/ggcstaff/CarND-Term1-Starter-Kit/CarND-Behavioral-Cloning-P3/dataCW/IMG/center_2017_09_04_12_12_42_023.jpg,/Users/ggcstaff/CarND-Term1-Starter-Kit/CarND-Behavioral-Cloning-P3/dataCW/IMG/left_2017_09_04_12_12_42_023.jpg,/Users/ggcstaff/CarND-Term1-Starter-Kit/CarND-Behavioral-Cloning-P3/dataCW/IMG/right_2017_09_04_12_12_42_023.jpg,-0.1308962,1,0,30.1897
/Users/ggcstaff/CarND-Term1-Starter-Kit/CarND-Behavioral-Cloning-P3/dataCW/IMG/center_2017_09_04_12_12_42_091.jpg,/Users/ggcstaff/CarND-Term1-Starter-Kit/CarND-Behavioral-Cloning-P3/dataCW/IMG/left_2017_09_04_12_12_42_091.jpg,/Users/ggcstaff/CarND-Term1-Starter-Kit/CarND-Behavioral-Cloning-P3/dataCW/IMG/right_2017_09_04_12_12_42_091.jpg,-0.1342129,1,0,30.1897
/Users/ggcstaff/CarND-Term1-Starter-Kit/CarND-Behavioral-Cloning-P3/dataCW/IMG/center_2017_09_04_12_12_42_160.jpg,/Users/ggcstaff/CarND-Term1-Starter-Kit/CarND-Behavioral-Cloning-P3/dataCW/IMG/left_2017_09_04_12_12_42_160.jpg,/Users/ggcstaff/CarND-Term1-Starter-Kit/CarND-Behavioral-Cloning-P3/dataCW/IMG/right_2017_09_04_12_12_42_160.jpg,-0.1375295,1,0,30.19023
/Users/ggcstaff/CarND-Term1-Starter-Kit/CarND-Behavioral-Cloning-P3/dataCW/IMG/center_2017_09_04_12_12_42_227.jpg,/Users/ggcstaff/CarND-Term1-Starter-Kit/CarND-Behavioral-Cloning-P3/dataCW/IMG/left_2017_09_04_12_12_42_227.jpg,/Users/ggcstaff/CarND-Term1-Starter-Kit/CarND-Behavioral-Cloning-P3/dataCW/IMG/right_2017_09_04_12_12_42_227.jpg,-0.1375295,1,0,30.18985
/Users/ggcstaff/CarND-Term1-Starter-Kit/CarND-Behavioral-Cloning-P3/dataCW/IMG/center_2017_09_04_12_12_42_294.jpg,/Users/ggcstaff/CarND-Term1-Starter-Kit/CarND-Behavioral-Cloning-P3/dataCW/IMG/left_2017_09_04_12_12_42_294.jpg,/Users/ggcstaff/CarND-Term1-Starter-Kit/CarND-Behavioral-Cloning-P3/dataCW/IMG/right_2017_09_04_12_12_42_294.jpg,-0.1375295,1,0,30.18955
/Users/ggcstaff/CarND-Term1-Starter-Kit/CarND-Behavioral-Cloning-P3/dataCW/IMG/center_2017_09_04_12_12_42_361.jpg,/Users/ggcstaff/CarND-Term1-Starter-Kit/CarND-Behavioral-Cloning-P3/dataCW/IMG/left_2017_09_04_12_12_42_361.jpg,/Users/ggcstaff/CarND-Term1-Starter-Kit/CarND-Behavioral-Cloning-P3/dataCW/IMG/right_2017_09_04_12_12_42_361.jpg,-0.1375295,1,0,30.18873
/Users/ggcstaff/CarND-Term1-Starter-Kit/CarND-Behavioral-Cloning-P3/dataCW/IMG/center_2017_09_04_12_12_42_431.jpg,/Users/ggcstaff/CarND-Term1-Starter-Kit/CarND-Behavioral-Cloning-P3/dataCW/IMG/left_2017_09_04_12_12_42_431.jpg,/Users/ggcstaff/CarND-Term1-Starter-Kit/CarND-Behavioral-Cloning-P3/dataCW/IMG/right_2017_09_04_12_12_42_431.jpg,-0.1375295,1,0,30.18934
/Users/ggcstaff/CarND-Term1-Starter-Kit/CarND-Behavioral-Cloning-P3/dataCW/IMG/center_2017_09_04_12_12_42_502.jpg,/Users/ggcstaff/CarND-Term1-Starter-Kit/CarND-Behavioral-Cloning-P3/dataCW/IMG/left_2017_09_04_12_12_42_502.jpg,/Users/ggcstaff/CarND-Term1-Starter-Kit/CarND-Behavioral-Cloning-P3/dataCW/IMG/right_2017_09_04_12_12_42_502.jpg,-0.1375295,1,0,30.18933
/Users/ggcstaff/CarND-Term1-Starter-Kit/CarND-Behavioral-Cloning-P3/dataCW/IMG/center_2017_09_04_12_12_42_570.jpg,/Users/ggcstaff/CarND-Term1-Starter-Kit/CarND-Behavioral-Cloning-P3/dataCW/IMG/left_2017_09_04_12_12_42_570.jpg,/Users/ggcstaff/CarND-Term1-Starter-Kit/CarND-Behavioral-Cloning-P3/dataCW/IMG/right_2017_09_04_12_12_42_570.jpg,-0.1474794,1,0,30.18711
/Users/ggcstaff/CarND-Term1-Starter-Kit/CarND-Behavioral-Cloning-P3/dataCW/IMG/center_2017_09_04_12_12_42_637.jpg,/Users/ggcstaff/CarND-Term1-Starter-Kit/CarND-Behavioral-Cloning-P3/dataCW/IMG/left_2017_09_04_12_12_42_637.jpg,/Users/ggcstaff/CarND-Term1-Starter-Kit/CarND-Behavioral-Cloning-P3/dataCW/IMG/right_2017_09_04_12_12_42_637.jpg,-0.1661262,1,0,30.18894
/Users/ggcstaff/CarND-Term1-Starter-Kit/CarND-Behavioral-Cloning-P3/dataCW/IMG/center_2017_09_04_12_12_42_704.jpg,/Users/ggcstaff/CarND-Term1-Starter-Kit/CarND-Behavioral-Cloning-P3/dataCW/IMG/left_2017_09_04_12_12_42_704.jpg,/Users/ggcstaff/CarND-Term1-Starter-Kit/CarND-Behavioral-Cloning-P3/dataCW/IMG/right_2017_09_04_12_12_42_704.jpg,-0.2088001,1,0,30.1862
/Users/ggcstaff/CarND-Term1-Starter-Kit/CarND-Behavioral-Cloning-P3/dataCW/IMG/center_2017_09_04_12_12_42_771.jpg,/Users/ggcstaff/CarND-Term1-Starter-Kit/CarND-Behavioral-Cloning-P3/dataCW/IMG/left_2017_09_04_12_12_42_771.jpg,/Users/ggcstaff/CarND-Term1-Starter-Kit/CarND-Behavioral-Cloning-P3/dataCW/IMG/right_2017_09_04_12_12_42_771.jpg,-0.2320165,1,0,30.18524
/Users/ggcstaff/CarND-Term1-Starter-Kit/CarND-Behavioral-Cloning-P3/dataCW/IMG/center_2017_09_04_12_12_42_843.jpg,/Users/ggcstaff/CarND-Term1-Starter-Kit/CarND-Behavioral-Cloning-P3/dataCW/IMG/left_2017_09_04_12_12_42_843.jpg,/Users/ggcstaff/CarND-Term1-Starter-Kit/CarND-Behavioral-Cloning-P3/dataCW/IMG/right_2017_09_04_12_12_42_843.jpg,-0.2353331,1,0,30.18745
/Users/ggcstaff/CarND-Term1-Starter-Kit/CarND-Behavioral-Cloning-P3/dataCW/IMG/center_2017_09_04_12_12_42_913.jpg,/Users/ggcstaff/CarND-Term1-Starter-Kit/CarND-Behavioral-Cloning-P3/dataCW/IMG/left_2017_09_04_12_12_42_913.jpg,/Users/ggcstaff/CarND-Term1-Starter-Kit/CarND-Behavioral-Cloning-P3/dataCW/IMG/right_2017_09_04_12_12_42_913.jpg,-0.2386498,1,0,30.18733
/Users/ggcstaff/CarND-Term1-Starter-Kit/CarND-Behavioral-Cloning-P3/dataCW/IMG/center_2017_09_04_12_12_42_981.jpg,/Users/ggcstaff/CarND-Term1-Starter-Kit/CarND-Behavioral-Cloning-P3/dataCW/IMG/left_2017_09_04_12_12_42_981.jpg,/Users/ggcstaff/CarND-Term1-Starter-Kit/CarND-Behavioral-Cloning-P3/dataCW/IMG/right_2017_09_04_12_12_42_981.jpg,-0.2485996,1,0,30.18431
/Users/ggcstaff/CarND-Term1-Starter-Kit/CarND-Behavioral-Cloning-P3/dataCW/IMG/center_2017_09_04_12_12_43_059.jpg,/Users/ggcstaff/CarND-Term1-Starter-Kit/CarND-Behavioral-Cloning-P3/dataCW/IMG/left_2017_09_04_12_12_43_059.jpg,/Users/ggcstaff/CarND-Term1-Starter-Kit/CarND-Behavioral-Cloning-P3/dataCW/IMG/right_2017_09_04_12_12_43_059.jpg,-0.2751327,1,0,30.18626
/Users/ggcstaff/CarND-Term1-Starter-Kit/CarND-Behavioral-Cloning-P3/dataCW/IMG/center_2017_09_04_12_12_43_129.jpg,/Users/ggcstaff/CarND-Term1-Starter-Kit/CarND-Behavioral-Cloning-P3/dataCW/IMG/left_2017_09_04_12_12_43_129.jpg,/Users/ggcstaff/CarND-Term1-Starter-Kit/CarND-Behavioral-Cloning-P3/dataCW/IMG/right_2017_09_04_12_12_43_129.jpg,-0.2784493,1,0,30.18661
/Users/ggcstaff/CarND-Term1-Starter-Kit/CarND-Behavioral-Cloning-P3/dataCW/IMG/center_2017_09_04_12_12_43_204.jpg,/Users/ggcstaff/CarND-Term1-Starter-Kit/CarND-Behavioral-Cloning-P3/dataCW/IMG/left_2017_09_04_12_12_43_204.jpg,/Users/ggcstaff/CarND-Term1-Starter-Kit/CarND-Behavioral-Cloning-P3/dataCW/IMG/right_2017_09_04_12_12_43_204.jpg,-0.2784493,1,0,30.18312
/Users/ggcstaff/CarND-Term1-Starter-Kit/CarND-Behavioral-Cloning-P3/dataCW/IMG/center_2017_09_04_12_12_43_271.jpg,/Users/ggcstaff/CarND-Term1-Starter-Kit/CarND-Behavioral-Cloning-P3/dataCW/IMG/left_2017_09_04_12_12_43_271.jpg,/Users/ggcstaff/CarND-Term1-Starter-Kit/CarND-Behavioral-Cloning-P3/dataCW/IMG/right_2017_09_04_12_12_43_271.jpg,-0.2784493,1,0,30.18812
/Users/ggcstaff/CarND-Term1-Starter-Kit/CarND-Behavioral-Cloning-P3/dataCW/IMG/center_2017_09_04_12_12_43_341.jpg,/Users/ggcstaff/CarND-Term1-Starter-Kit/CarND-Behavioral-Cloning-P3/dataCW/IMG/left_2017_09_04_12_12_43_341.jpg,/Users/ggcstaff/CarND-Term1-Starter-Kit/CarND-Behavioral-Cloning-P3/dataCW/IMG/right_2017_09_04_12_12_43_341.jpg,-0.2751695,1,0,30.18816
/Users/ggcstaff/CarND-Term1-Starter-Kit/CarND-Behavioral-Cloning-P3/dataCW/IMG/center_2017_09_04_12_12_43_409.jpg,/Users/ggcstaff/CarND-Term1-Starter-Kit/CarND-Behavioral-Cloning-P3/dataCW/IMG/left_2017_09_04_12_12_43_409.jpg,/Users/ggcstaff/CarND-Term1-Starter-Kit/CarND-Behavioral-Cloning-P3/dataCW/IMG/right_2017_09_04_12_12_43_409.jpg,-0.2620504,1,0,30.19
/Users/ggcstaff/CarND-Term1-Starter-Kit/CarND-Behavioral-Cloning-P3/dataCW/IMG/center_2017_09_04_12_12_43_479.jpg,/Users/ggcstaff/CarND-Term1-Starter-Kit/CarND-Behavioral-Cloning-P3/dataCW/IMG/left_2017_09_04_12_12_43_479.jpg,/Users/ggcstaff/CarND-Term1-Starter-Kit/CarND-Behavioral-Cloning-P3/dataCW/IMG/right_2017_09_04_12_12_43_479.jpg,-0.2489313,1,0,30.18997
/Users/ggcstaff/CarND-Term1-Starter-Kit/CarND-Behavioral-Cloning-P3/dataCW/IMG/center_2017_09_04_12_12_43_550.jpg,/Users/ggcstaff/CarND-Term1-Starter-Kit/CarND-Behavioral-Cloning-P3/dataCW/IMG/left_2017_09_04_12_12_43_550.jpg,/Users/ggcstaff/CarND-Term1-Starter-Kit/CarND-Behavioral-Cloning-P3/dataCW/IMG/right_2017_09_04_12_12_43_550.jpg,-0.2489313,1,0,30.18937
/Users/ggcstaff/CarND-Term1-Starter-Kit/CarND-Behavioral-Cloning-P3/dataCW/IMG/center_2017_09_04_12_12_43_620.jpg,/Users/ggcstaff/CarND-Term1-Starter-Kit/CarND-Behavioral-Cloning-P3/dataCW/IMG/left_2017_09_04_12_12_43_620.jpg,/Users/ggcstaff/CarND-Term1-Starter-Kit/CarND-Behavioral-Cloning-P3/dataCW/IMG/right_2017_09_04_12_12_43_620.jpg,-0.2489313,1,0,30.19039
/Users/ggcstaff/CarND-Term1-Starter-Kit/CarND-Behavioral-Cloning-P3/dataCW/IMG/center_2017_09_04_12_12_43_687.jpg,/Users/ggcstaff/CarND-Term1-Starter-Kit/CarND-Behavioral-Cloning-P3/dataCW/IMG/left_2017_09_04_12_12_43_687.jpg,/Users/ggcstaff/CarND-Term1-Starter-Kit/CarND-Behavioral-Cloning-P3/dataCW/IMG/right_2017_09_04_12_12_43_687.jpg,-0.2489313,1,0,30.18933
/Users/ggcstaff/CarND-Term1-Starter-Kit/CarND-Behavioral-Cloning-P3/dataCW/IMG/center_2017_09_04_12_12_43_760.jpg,/Users/ggcstaff/CarND-Term1-Starter-Kit/CarND-Behavioral-Cloning-P3/dataCW/IMG/left_2017_09_04_12_12_43_760.jpg,/Users/ggcstaff/CarND-Term1-Starter-Kit/CarND-Behavioral-Cloning-P3/dataCW/IMG/right_2017_09_04_12_12_43_760.jpg,-0.2489313,1,0,30.19123
/Users/ggcstaff/CarND-Term1-Starter-Kit/CarND-Behavioral-Cloning-P3/dataCW/IMG/center_2017_09_04_12_12_43_832.jpg,/Users/ggcstaff/CarND-Term1-Starter-Kit/CarND-Behavioral-Cloning-P3/dataCW/IMG/left_2017_09_04_12_12_43_832.jpg,/Users/ggcstaff/CarND-Term1-Starter-Kit/CarND-Behavioral-Cloning-P3/dataCW/IMG/right_2017_09_04_12_12_43_832.jpg,-0.2489313,1,0,30.18927
/Users/ggcstaff/CarND-Term1-Starter-Kit/CarND-Behavioral-Cloning-P3/dataCW/IMG/center_2017_09_04_12_12_43_901.jpg,/Users/ggcstaff/CarND-Term1-Starter-Kit/CarND-Behavioral-Cloning-P3/dataCW/IMG/left_2017_09_04_12_12_43_901.jpg,/Users/ggcstaff/CarND-Term1-Starter-Kit/CarND-Behavioral-Cloning-P3/dataCW/IMG/right_2017_09_04_12_12_43_901.jpg,-0.2489313,1,0,30.18892
/Users/ggcstaff/CarND-Term1-Starter-Kit/CarND-Behavioral-Cloning-P3/dataCW/IMG/center_2017_09_04_12_12_43_969.jpg,/Users/ggcstaff/CarND-Term1-Starter-Kit/CarND-Behavioral-Cloning-P3/dataCW/IMG/left_2017_09_04_12_12_43_969.jpg,/Users/ggcstaff/CarND-Term1-Starter-Kit/CarND-Behavioral-Cloning-P3/dataCW/IMG/right_2017_09_04_12_12_43_969.jpg,-0.2489313,1,0,30.19078
/Users/ggcstaff/CarND-Term1-Starter-Kit/CarND-Behavioral-Cloning-P3/dataCW/IMG/center_2017_09_04_12_12_44_040.jpg,/Users/ggcstaff/CarND-Term1-Starter-Kit/CarND-Behavioral-Cloning-P3/dataCW/IMG/left_2017_09_04_12_12_44_040.jpg,/Users/ggcstaff/CarND-Term1-Starter-Kit/CarND-Behavioral-Cloning-P3/dataCW/IMG/right_2017_09_04_12_12_44_040.jpg,-0.2489313,1,0,30.18932
/Users/ggcstaff/CarND-Term1-Starter-Kit/CarND-Behavioral-Cloning-P3/dataCW/IMG/center_2017_09_04_12_12_44_107.jpg,/Users/ggcstaff/CarND-Term1-Starter-Kit/CarND-Behavioral-Cloning-P3/dataCW/IMG/left_2017_09_04_12_12_44_107.jpg,/Users/ggcstaff/CarND-Term1-Starter-Kit/CarND-Behavioral-Cloning-P3/dataCW/IMG/right_2017_09_04_12_12_44_107.jpg,-0.2489313,1,0,30.1889
/Users/ggcstaff/CarND-Term1-Starter-Kit/CarND-Behavioral-Cloning-P3/dataCW/IMG/center_2017_09_04_12_12_44_180.jpg,/Users/ggcstaff/CarND-Term1-Starter-Kit/CarND-Behavioral-Cloning-P3/dataCW/IMG/left_2017_09_04_12_12_44_180.jpg,/Users/ggcstaff/CarND-Term1-Starter-Kit/CarND-Behavioral-Cloning-P3/dataCW/IMG/right_2017_09_04_12_12_44_180.jpg,-0.2489313,1,0,30.18902
/Users/ggcstaff/CarND-Term1-Starter-Kit/CarND-Behavioral-Cloning-P3/dataCW/IMG/center_2017_09_04_12_12_44_247.jpg,/Users/ggcstaff/CarND-Term1-Starter-Kit/CarND-Behavioral-Cloning-P3/dataCW/IMG/left_2017_09_04_12_12_44_247.jpg,/Users/ggcstaff/CarND-Term1-Starter-Kit/CarND-Behavioral-Cloning-P3/dataCW/IMG/right_2017_09_04_12_12_44_247.jpg,-0.2489313,1,0,30.18911
/Users/ggcstaff/CarND-Term1-Starter-Kit/CarND-Behavioral-Cloning-P3/dataCW/IMG/center_2017_09_04_12_12_44_317.jpg,/Users/ggcstaff/CarND-Term1-Starter-Kit/CarND-Behavioral-Cloning-P3/dataCW/IMG/left_2017_09_04_12_12_44_317.jpg,/Users/ggcstaff/CarND-Term1-Starter-Kit/CarND-Behavioral-Cloning-P3/dataCW/IMG/right_2017_09_04_12_12_44_317.jpg,-0.2456515,1,0,30.18901
/Users/ggcstaff/CarND-Term1-Starter-Kit/CarND-Behavioral-Cloning-P3/dataCW/IMG/center_2017_09_04_12_12_44_389.jpg,/Users/ggcstaff/CarND-Term1-Starter-Kit/CarND-Behavioral-Cloning-P3/dataCW/IMG/left_2017_09_04_12_12_44_389.jpg,/Users/ggcstaff/CarND-Term1-Starter-Kit/CarND-Behavioral-Cloning-P3/dataCW/IMG/right_2017_09_04_12_12_44_389.jpg,-0.2161335,1,0,30.19112
/Users/ggcstaff/CarND-Term1-Starter-Kit/CarND-Behavioral-Cloning-P3/dataCW/IMG/center_2017_09_04_12_12_44_457.jpg,/Users/ggcstaff/CarND-Term1-Starter-Kit/CarND-Behavioral-Cloning-P3/dataCW/IMG/left_2017_09_04_12_12_44_457.jpg,/Users/ggcstaff/CarND-Term1-Starter-Kit/CarND-Behavioral-Cloning-P3/dataCW/IMG/right_2017_09_04_12_12_44_457.jpg,-0.209574,1,0,30.19052
/Users/ggcstaff/CarND-Term1-Starter-Kit/CarND-Behavioral-Cloning-P3/dataCW/IMG/center_2017_09_04_12_12_44_528.jpg,/Users/ggcstaff/CarND-Term1-Starter-Kit/CarND-Behavioral-Cloning-P3/dataCW/IMG/left_2017_09_04_12_12_44_528.jpg,/Users/ggcstaff/CarND-Term1-Starter-Kit/CarND-Behavioral-Cloning-P3/dataCW/IMG/right_2017_09_04_12_12_44_528.jpg,-0.1997347,1,0,30.1901
/Users/ggcstaff/CarND-Term1-Starter-Kit/CarND-Behavioral-Cloning-P3/dataCW/IMG/center_2017_09_04_12_12_44_595.jpg,/Users/ggcstaff/CarND-Term1-Starter-Kit/CarND-Behavioral-Cloning-P3/dataCW/IMG/left_2017_09_04_12_12_44_595.jpg,/Users/ggcstaff/CarND-Term1-Starter-Kit/CarND-Behavioral-Cloning-P3/dataCW/IMG/right_2017_09_04_12_12_44_595.jpg,-0.1898953,1,0,30.19134
/Users/ggcstaff/CarND-Term1-Starter-Kit/CarND-Behavioral-Cloning-P3/dataCW/IMG/center_2017_09_04_12_12_44_668.jpg,/Users/ggcstaff/CarND-Term1-Starter-Kit/CarND-Behavioral-Cloning-P3/dataCW/IMG/left_2017_09_04_12_12_44_668.jpg,/Users/ggcstaff/CarND-Term1-Starter-Kit/CarND-Behavioral-Cloning-P3/dataCW/IMG/right_2017_09_04_12_12_44_668.jpg,-0.1734965,1,0,30.19061
/Users/ggcstaff/CarND-Term1-Starter-Kit/CarND-Behavioral-Cloning-P3/dataCW/IMG/center_2017_09_04_12_12_44_740.jpg,/Users/ggcstaff/CarND-Term1-Starter-Kit/CarND-Behavioral-Cloning-P3/dataCW/IMG/left_2017_09_04_12_12_44_740.jpg,/Users/ggcstaff/CarND-Term1-Starter-Kit/CarND-Behavioral-Cloning-P3/dataCW/IMG/right_2017_09_04_12_12_44_740.jpg,-0.1603774,1,0,30.19051
/Users/ggcstaff/CarND-Term1-Starter-Kit/CarND-Behavioral-Cloning-P3/dataCW/IMG/center_2017_09_04_12_12_44_810.jpg,/Users/ggcstaff/CarND-Term1-Starter-Kit/CarND-Behavioral-Cloning-P3/dataCW/IMG/left_2017_09_04_12_12_44_810.jpg,/Users/ggcstaff/CarND-Term1-Starter-Kit/CarND-Behavioral-Cloning-P3/dataCW/IMG/right_2017_09_04_12_12_44_810.jpg,-0.1341392,1,0,30.19146
/Users/ggcstaff/CarND-Term1-Starter-Kit/CarND-Behavioral-Cloning-P3/dataCW/IMG/center_2017_09_04_12_12_44_884.jpg,/Users/ggcstaff/CarND-Term1-Starter-Kit/CarND-Behavioral-Cloning-P3/dataCW/IMG/left_2017_09_04_12_12_44_884.jpg,/Users/ggcstaff/CarND-Term1-Starter-Kit/CarND-Behavioral-Cloning-P3/dataCW/IMG/right_2017_09_04_12_12_44_884.jpg,-0.1144605,1,0,30.19109
/Users/ggcstaff/CarND-Term1-Starter-Kit/CarND-Behavioral-Cloning-P3/dataCW/IMG/center_2017_09_04_12_12_44_952.jpg,/Users/ggcstaff/CarND-Term1-Starter-Kit/CarND-Behavioral-Cloning-P3/dataCW/IMG/left_2017_09_04_12_12_44_952.jpg,/Users/ggcstaff/CarND-Term1-Starter-Kit/CarND-Behavioral-Cloning-P3/dataCW/IMG/right_2017_09_04_12_12_44_952.jpg,-0.09806161,1,0,30.19059
/Users/ggcstaff/CarND-Term1-Starter-Kit/CarND-Behavioral-Cloning-P3/dataCW/IMG/center_2017_09_04_12_12_45_023.jpg,/Users/ggcstaff/CarND-Term1-Starter-Kit/CarND-Behavioral-Cloning-P3/dataCW/IMG/left_2017_09_04_12_12_45_023.jpg,/Users/ggcstaff/CarND-Term1-Starter-Kit/CarND-Behavioral-Cloning-P3/dataCW/IMG/right_2017_09_04_12_12_45_023.jpg,-0.0664431,1,0,30.19061
/Users/ggcstaff/CarND-Term1-Starter-Kit/CarND-Behavioral-Cloning-P3/dataCW/IMG/center_2017_09_04_12_12_45_092.jpg,/Users/ggcstaff/CarND-Term1-Starter-Kit/CarND-Behavioral-Cloning-P3/dataCW/IMG/left_2017_09_04_12_12_45_092.jpg,/Users/ggcstaff/CarND-Term1-Starter-Kit/CarND-Behavioral-Cloning-P3/dataCW/IMG/right_2017_09_04_12_12_45_092.jpg,-0.03364534,1,0,30.1911
/Users/ggcstaff/CarND-Term1-Starter-Kit/CarND-Behavioral-Cloning-P3/dataCW/IMG/center_2017_09_04_12_12_45_165.jpg,/Users/ggcstaff/CarND-Term1-Starter-Kit/CarND-Behavioral-Cloning-P3/dataCW/IMG/left_2017_09_04_12_12_45_165.jpg,/Users/ggcstaff/CarND-Term1-Starter-Kit/CarND-Behavioral-Cloning-P3/dataCW/IMG/right_2017_09_04_12_12_45_165.jpg,-0.01396669,1,0,30.19031
/Users/ggcstaff/CarND-Term1-Starter-Kit/CarND-Behavioral-Cloning-P3/dataCW/IMG/center_2017_09_04_12_12_45_233.jpg,/Users/ggcstaff/CarND-Term1-Starter-Kit/CarND-Behavioral-Cloning-P3/dataCW/IMG/left_2017_09_04_12_12_45_233.jpg,/Users/ggcstaff/CarND-Term1-Starter-Kit/CarND-Behavioral-Cloning-P3/dataCW/IMG/right_2017_09_04_12_12_45_233.jpg,-0.0008475825,1,0,30.19001
/Users/ggcstaff/CarND-Term1-Starter-Kit/CarND-Behavioral-Cloning-P3/dataCW/IMG/center_2017_09_04_12_12_45_309.jpg,/Users/ggcstaff/CarND-Term1-Starter-Kit/CarND-Behavioral-Cloning-P3/dataCW/IMG/left_2017_09_04_12_12_45_309.jpg,/Users/ggcstaff/CarND-Term1-Starter-Kit/CarND-Behavioral-Cloning-P3/dataCW/IMG/right_2017_09_04_12_12_45_309.jpg,0.02211085,1,0,30.19047
/Users/ggcstaff/CarND-Term1-Starter-Kit/CarND-Behavioral-Cloning-P3/dataCW/IMG/center_2017_09_04_12_12_45_385.jpg,/Users/ggcstaff/CarND-Term1-Starter-Kit/CarND-Behavioral-Cloning-P3/dataCW/IMG/left_2017_09_04_12_12_45_385.jpg,/Users/ggcstaff/CarND-Term1-Starter-Kit/CarND-Behavioral-Cloning-P3/dataCW/IMG/right_2017_09_04_12_12_45_385.jpg,0.02211085,1,0,30.19016
/Users/ggcstaff/CarND-Term1-Starter-Kit/CarND-Behavioral-Cloning-P3/dataCW/IMG/center_2017_09_04_12_12_45_456.jpg,/Users/ggcstaff/CarND-Term1-Starter-Kit/CarND-Behavioral-Cloning-P3/dataCW/IMG/left_2017_09_04_12_12_45_456.jpg,/Users/ggcstaff/CarND-Term1-Starter-Kit/CarND-Behavioral-Cloning-P3/dataCW/IMG/right_2017_09_04_12_12_45_456.jpg,0.03195018,1,0,30.18999
/Users/ggcstaff/CarND-Term1-Starter-Kit/CarND-Behavioral-Cloning-P3/dataCW/IMG/center_2017_09_04_12_12_45_527.jpg,/Users/ggcstaff/CarND-Term1-Starter-Kit/CarND-Behavioral-Cloning-P3/dataCW/IMG/left_2017_09_04_12_12_45_527.jpg,/Users/ggcstaff/CarND-Term1-Starter-Kit/CarND-Behavioral-Cloning-P3/dataCW/IMG/right_2017_09_04_12_12_45_527.jpg,0.03195018,1,0,30.18969
/Users/ggcstaff/CarND-Term1-Starter-Kit/CarND-Behavioral-Cloning-P3/dataCW/IMG/center_2017_09_04_12_12_45_597.jpg,/Users/ggcstaff/CarND-Term1-Starter-Kit/CarND-Behavioral-Cloning-P3/dataCW/IMG/left_2017_09_04_12_12_45_597.jpg,/Users/ggcstaff/CarND-Term1-Starter-Kit/CarND-Behavioral-Cloning-P3/dataCW/IMG/right_2017_09_04_12_12_45_597.jpg,0.02531692,1,0,30.18851
/Users/ggcstaff/CarND-Term1-Starter-Kit/CarND-Behavioral-Cloning-P3/dataCW/IMG/center_2017_09_04_12_12_45_670.jpg,/Users/ggcstaff/CarND-Term1-Starter-Kit/CarND-Behavioral-Cloning-P3/dataCW/IMG/left_2017_09_04_12_12_45_670.jpg,/Users/ggcstaff/CarND-Term1-Starter-Kit/CarND-Behavioral-Cloning-P3/dataCW/IMG/right_2017_09_04_12_12_45_670.jpg,0.01536704,1,0,30.19051
/Users/ggcstaff/CarND-Term1-Starter-Kit/CarND-Behavioral-Cloning-P3/dataCW/IMG/center_2017_09_04_12_12_45_744.jpg,/Users/ggcstaff/CarND-Term1-Starter-Kit/CarND-Behavioral-Cloning-P3/dataCW/IMG/left_2017_09_04_12_12_45_744.jpg,/Users/ggcstaff/CarND-Term1-Starter-Kit/CarND-Behavioral-Cloning-P3/dataCW/IMG/right_2017_09_04_12_12_45_744.jpg,0.01536704,1,0,30.19068
/Users/ggcstaff/CarND-Term1-Starter-Kit/CarND-Behavioral-Cloning-P3/dataCW/IMG/center_2017_09_04_12_12_45_818.jpg,/Users/ggcstaff/CarND-Term1-Starter-Kit/CarND-Behavioral-Cloning-P3/dataCW/IMG/left_2017_09_04_12_12_45_818.jpg,/Users/ggcstaff/CarND-Term1-Starter-Kit/CarND-Behavioral-Cloning-P3/dataCW/IMG/right_2017_09_04_12_12_45_818.jpg,0.01536704,1,0,30.18976
/Users/ggcstaff/CarND-Term1-Starter-Kit/CarND-Behavioral-Cloning-P3/dataCW/IMG/center_2017_09_04_12_12_45_886.jpg,/Users/ggcstaff/CarND-Term1-Starter-Kit/CarND-Behavioral-Cloning-P3/dataCW/IMG/left_2017_09_04_12_12_45_886.jpg,/Users/ggcstaff/CarND-Term1-Starter-Kit/CarND-Behavioral-Cloning-P3/dataCW/IMG/right_2017_09_04_12_12_45_886.jpg,0.01536704,1,0,30.1904
/Users/ggcstaff/CarND-Term1-Starter-Kit/CarND-Behavioral-Cloning-P3/dataCW/IMG/center_2017_09_04_12_12_45_953.jpg,/Users/ggcstaff/CarND-Term1-Starter-Kit/CarND-Behavioral-Cloning-P3/dataCW/IMG/left_2017_09_04_12_12_45_953.jpg,/Users/ggcstaff/CarND-Term1-Starter-Kit/CarND-Behavioral-Cloning-P3/dataCW/IMG/right_2017_09_04_12_12_45_953.jpg,0.01536704,1,0,30.19045
/Users/ggcstaff/CarND-Term1-Starter-Kit/CarND-Behavioral-Cloning-P3/dataCW/IMG/center_2017_09_04_12_12_46_030.jpg,/Users/ggcstaff/CarND-Term1-Starter-Kit/CarND-Behavioral-Cloning-P3/dataCW/IMG/left_2017_09_04_12_12_46_030.jpg,/Users/ggcstaff/CarND-Term1-Starter-Kit/CarND-Behavioral-Cloning-P3/dataCW/IMG/right_2017_09_04_12_12_46_030.jpg,0.01536704,1,0,30.19045
/Users/ggcstaff/CarND-Term1-Starter-Kit/CarND-Behavioral-Cloning-P3/dataCW/IMG/center_2017_09_04_12_12_46_100.jpg,/Users/ggcstaff/CarND-Term1-Starter-Kit/CarND-Behavioral-Cloning-P3/dataCW/IMG/left_2017_09_04_12_12_46_100.jpg,/Users/ggcstaff/CarND-Term1-Starter-Kit/CarND-Behavioral-Cloning-P3/dataCW/IMG/right_2017_09_04_12_12_46_100.jpg,0.01536704,1,0,30.19045
/Users/ggcstaff/CarND-Term1-Starter-Kit/CarND-Behavioral-Cloning-P3/dataCW/IMG/center_2017_09_04_12_12_46_185.jpg,/Users/ggcstaff/CarND-Term1-Starter-Kit/CarND-Behavioral-Cloning-P3/dataCW/IMG/left_2017_09_04_12_12_46_185.jpg,/Users/ggcstaff/CarND-Term1-Starter-Kit/CarND-Behavioral-Cloning-P3/dataCW/IMG/right_2017_09_04_12_12_46_185.jpg,0.01536704,1,0,30.19068
/Users/ggcstaff/CarND-Term1-Starter-Kit/CarND-Behavioral-Cloning-P3/dataCW/IMG/center_2017_09_04_12_12_46_256.jpg,/Users/ggcstaff/CarND-Term1-Starter-Kit/CarND-Behavioral-Cloning-P3/dataCW/IMG/left_2017_09_04_12_12_46_256.jpg,/Users/ggcstaff/CarND-Term1-Starter-Kit/CarND-Behavioral-Cloning-P3/dataCW/IMG/right_2017_09_04_12_12_46_256.jpg,0.01536704,1,0,30.19057
/Users/ggcstaff/CarND-Term1-Starter-Kit/CarND-Behavioral-Cloning-P3/dataCW/IMG/center_2017_09_04_12_12_46_328.jpg,/Users/ggcstaff/CarND-Term1-Starter-Kit/CarND-Behavioral-Cloning-P3/dataCW/IMG/left_2017_09_04_12_12_46_328.jpg,/Users/ggcstaff/CarND-Term1-Starter-Kit/CarND-Behavioral-Cloning-P3/dataCW/IMG/right_2017_09_04_12_12_46_328.jpg,0.01536704,1,0,30.19054
/Users/ggcstaff/CarND-Term1-Starter-Kit/CarND-Behavioral-Cloning-P3/dataCW/IMG/center_2017_09_04_12_12_46_401.jpg,/Users/ggcstaff/CarND-Term1-Starter-Kit/CarND-Behavioral-Cloning-P3/dataCW/IMG/left_2017_09_04_12_12_46_401.jpg,/Users/ggcstaff/CarND-Term1-Starter-Kit/CarND-Behavioral-Cloning-P3/dataCW/IMG/right_2017_09_04_12_12_46_401.jpg,0.01536704,1,0,30.19077
/Users/ggcstaff/CarND-Term1-Starter-Kit/CarND-Behavioral-Cloning-P3/dataCW/IMG/center_2017_09_04_12_12_46_471.jpg,/Users/ggcstaff/CarND-Term1-Starter-Kit/CarND-Behavioral-Cloning-P3/dataCW/IMG/left_2017_09_04_12_12_46_471.jpg,/Users/ggcstaff/CarND-Term1-Starter-Kit/CarND-Behavioral-Cloning-P3/dataCW/IMG/right_2017_09_04_12_12_46_471.jpg,-0.05310289,1,0,30.18951
/Users/ggcstaff/CarND-Term1-Starter-Kit/CarND-Behavioral-Cloning-P3/dataCW/IMG/center_2017_09_04_12_12_46_544.jpg,/Users/ggcstaff/CarND-Term1-Starter-Kit/CarND-Behavioral-Cloning-P3/dataCW/IMG/left_2017_09_04_12_12_46_544.jpg,/Users/ggcstaff/CarND-Term1-Starter-Kit/CarND-Behavioral-Cloning-P3/dataCW/IMG/right_2017_09_04_12_12_46_544.jpg,-0.07631928,1,0,30.18922
/Users/ggcstaff/CarND-Term1-Starter-Kit/CarND-Behavioral-Cloning-P3/dataCW/IMG/center_2017_09_04_12_12_46_618.jpg,/Users/ggcstaff/CarND-Term1-Starter-Kit/CarND-Behavioral-Cloning-P3/dataCW/IMG/left_2017_09_04_12_12_46_618.jpg,/Users/ggcstaff/CarND-Term1-Starter-Kit/CarND-Behavioral-Cloning-P3/dataCW/IMG/right_2017_09_04_12_12_46_618.jpg,-0.07963591,1,0,30.18964
/Users/ggcstaff/CarND-Term1-Starter-Kit/CarND-Behavioral-Cloning-P3/dataCW/IMG/center_2017_09_04_12_12_46_687.jpg,/Users/ggcstaff/CarND-Term1-Starter-Kit/CarND-Behavioral-Cloning-P3/dataCW/IMG/left_2017_09_04_12_12_46_687.jpg,/Users/ggcstaff/CarND-Term1-Starter-Kit/CarND-Behavioral-Cloning-P3/dataCW/IMG/right_2017_09_04_12_12_46_687.jpg,-0.07963591,1,0,30.18991
/Users/ggcstaff/CarND-Term1-Starter-Kit/CarND-Behavioral-Cloning-P3/dataCW/IMG/center_2017_09_04_12_12_46_759.jpg,/Users/ggcstaff/CarND-Term1-Starter-Kit/CarND-Behavioral-Cloning-P3/dataCW/IMG/left_2017_09_04_12_12_46_759.jpg,/Users/ggcstaff/CarND-Term1-Starter-Kit/CarND-Behavioral-Cloning-P3/dataCW/IMG/right_2017_09_04_12_12_46_759.jpg,-0.07963591,1,0,30.19007
/Users/ggcstaff/CarND-Term1-Starter-Kit/CarND-Behavioral-Cloning-P3/dataCW/IMG/center_2017_09_04_12_12_46_827.jpg,/Users/ggcstaff/CarND-Term1-Starter-Kit/CarND-Behavioral-Cloning-P3/dataCW/IMG/left_2017_09_04_12_12_46_827.jpg,/Users/ggcstaff/CarND-Term1-Starter-Kit/CarND-Behavioral-Cloning-P3/dataCW/IMG/right_2017_09_04_12_12_46_827.jpg,-0.07963591,1,0,30.19015
/Users/ggcstaff/CarND-Term1-Starter-Kit/CarND-Behavioral-Cloning-P3/dataCW/IMG/center_2017_09_04_12_12_46_895.jpg,/Users/ggcstaff/CarND-Term1-Starter-Kit/CarND-Behavioral-Cloning-P3/dataCW/IMG/left_2017_09_04_12_12_46_895.jpg,/Users/ggcstaff/CarND-Term1-Starter-Kit/CarND-Behavioral-Cloning-P3/dataCW/IMG/right_2017_09_04_12_12_46_895.jpg,-0.07963591,1,0,30.19016
/Users/ggcstaff/CarND-Term1-Starter-Kit/CarND-Behavioral-Cloning-P3/dataCW/IMG/center_2017_09_04_12_12_46_965.jpg,/Users/ggcstaff/CarND-Term1-Starter-Kit/CarND-Behavioral-Cloning-P3/dataCW/IMG/left_2017_09_04_12_12_46_965.jpg,/Users/ggcstaff/CarND-Term1-Starter-Kit/CarND-Behavioral-Cloning-P3/dataCW/IMG/right_2017_09_04_12_12_46_965.jpg,-0.06323703,1,0,30.1905
/Users/ggcstaff/CarND-Term1-Starter-Kit/CarND-Behavioral-Cloning-P3/dataCW/IMG/center_2017_09_04_12_12_47_045.jpg,/Users/ggcstaff/CarND-Term1-Starter-Kit/CarND-Behavioral-Cloning-P3/dataCW/IMG/left_2017_09_04_12_12_47_045.jpg,/Users/ggcstaff/CarND-Term1-Starter-Kit/CarND-Behavioral-Cloning-P3/dataCW/IMG/right_2017_09_04_12_12_47_045.jpg,-0.04683815,1,0,30.1905
/Users/ggcstaff/CarND-Term1-Starter-Kit/CarND-Behavioral-Cloning-P3/dataCW/IMG/center_2017_09_04_12_12_47_118.jpg,/Users/ggcstaff/CarND-Term1-Starter-Kit/CarND-Behavioral-Cloning-P3/dataCW/IMG/left_2017_09_04_12_12_47_118.jpg,/Users/ggcstaff/CarND-Term1-Starter-Kit/CarND-Behavioral-Cloning-P3/dataCW/IMG/right_2017_09_04_12_12_47_118.jpg,-0.03699882,1,0,30.19046
/Users/ggcstaff/CarND-Term1-Starter-Kit/CarND-Behavioral-Cloning-P3/dataCW/IMG/center_2017_09_04_12_12_47_190.jpg,/Users/ggcstaff/CarND-Term1-Starter-Kit/CarND-Behavioral-Cloning-P3/dataCW/IMG/left_2017_09_04_12_12_47_190.jpg,/Users/ggcstaff/CarND-Term1-Starter-Kit/CarND-Behavioral-Cloning-P3/dataCW/IMG/right_2017_09_04_12_12_47_190.jpg,-0.01404039,1,0,30.19039
/Users/ggcstaff/CarND-Term1-Starter-Kit/CarND-Behavioral-Cloning-P3/dataCW/IMG/center_2017_09_04_12_12_47_261.jpg,/Users/ggcstaff/CarND-Term1-Starter-Kit/CarND-Behavioral-Cloning-P3/dataCW/IMG/left_2017_09_04_12_12_47_261.jpg,/Users/ggcstaff/CarND-Term1-Starter-Kit/CarND-Behavioral-Cloning-P3/dataCW/IMG/right_2017_09_04_12_12_47_261.jpg,0.002358491,1,0,30.19026
/Users/ggcstaff/CarND-Term1-Starter-Kit/CarND-Behavioral-Cloning-P3/dataCW/IMG/center_2017_09_04_12_12_47_333.jpg,/Users/ggcstaff/CarND-Term1-Starter-Kit/CarND-Behavioral-Cloning-P3/dataCW/IMG/left_2017_09_04_12_12_47_333.jpg,/Users/ggcstaff/CarND-Term1-Starter-Kit/CarND-Behavioral-Cloning-P3/dataCW/IMG/right_2017_09_04_12_12_47_333.jpg,0.01547759,1,0,30.1901
/Users/ggcstaff/CarND-Term1-Starter-Kit/CarND-Behavioral-Cloning-P3/dataCW/IMG/center_2017_09_04_12_12_47_407.jpg,/Users/ggcstaff/CarND-Term1-Starter-Kit/CarND-Behavioral-Cloning-P3/dataCW/IMG/left_2017_09_04_12_12_47_407.jpg,/Users/ggcstaff/CarND-Term1-Starter-Kit/CarND-Behavioral-Cloning-P3/dataCW/IMG/right_2017_09_04_12_12_47_407.jpg,0.02531692,1,0,30.19007
/Users/ggcstaff/CarND-Term1-Starter-Kit/CarND-Behavioral-Cloning-P3/dataCW/IMG/center_2017_09_04_12_12_47_493.jpg,/Users/ggcstaff/CarND-Term1-Starter-Kit/CarND-Behavioral-Cloning-P3/dataCW/IMG/left_2017_09_04_12_12_47_493.jpg,/Users/ggcstaff/CarND-Term1-Starter-Kit/CarND-Behavioral-Cloning-P3/dataCW/IMG/right_2017_09_04_12_12_47_493.jpg,0.02531692,1,0,30.19022
/Users/ggcstaff/CarND-Term1-Starter-Kit/CarND-Behavioral-Cloning-P3/dataCW/IMG/center_2017_09_04_12_12_47_561.jpg,/Users/ggcstaff/CarND-Term1-Starter-Kit/CarND-Behavioral-Cloning-P3/dataCW/IMG/left_2017_09_04_12_12_47_561.jpg,/Users/ggcstaff/CarND-Term1-Starter-Kit/CarND-Behavioral-Cloning-P3/dataCW/IMG/right_2017_09_04_12_12_47_561.jpg,0.02531692,1,0,30.19014
/Users/ggcstaff/CarND-Term1-Starter-Kit/CarND-Behavioral-Cloning-P3/dataCW/IMG/center_2017_09_04_12_12_47_640.jpg,/Users/ggcstaff/CarND-Term1-Starter-Kit/CarND-Behavioral-Cloning-P3/dataCW/IMG/left_2017_09_04_12_12_47_640.jpg,/Users/ggcstaff/CarND-Term1-Starter-Kit/CarND-Behavioral-Cloning-P3/dataCW/IMG/right_2017_09_04_12_12_47_640.jpg,0.03187647,1,0,30.19018
/Users/ggcstaff/CarND-Term1-Starter-Kit/CarND-Behavioral-Cloning-P3/dataCW/IMG/center_2017_09_04_12_12_47_710.jpg,/Users/ggcstaff/CarND-Term1-Starter-Kit/CarND-Behavioral-Cloning-P3/dataCW/IMG/left_2017_09_04_12_12_47_710.jpg,/Users/ggcstaff/CarND-Term1-Starter-Kit/CarND-Behavioral-Cloning-P3/dataCW/IMG/right_2017_09_04_12_12_47_710.jpg,0.03187647,1,0,30.19024
/Users/ggcstaff/CarND-Term1-Starter-Kit/CarND-Behavioral-Cloning-P3/dataCW/IMG/center_2017_09_04_12_12_47_779.jpg,/Users/ggcstaff/CarND-Term1-Starter-Kit/CarND-Behavioral-Cloning-P3/dataCW/IMG/left_2017_09_04_12_12_47_779.jpg,/Users/ggcstaff/CarND-Term1-Starter-Kit/CarND-Behavioral-Cloning-P3/dataCW/IMG/right_2017_09_04_12_12_47_779.jpg,0.03187647,1,0,30.19027
/Users/ggcstaff/CarND-Term1-Starter-Kit/CarND-Behavioral-Cloning-P3/dataCW/IMG/center_2017_09_04_12_12_47_847.jpg,/Users/ggcstaff/CarND-Term1-Starter-Kit/CarND-Behavioral-Cloning-P3/dataCW/IMG/left_2017_09_04_12_12_47_847.jpg,/Users/ggcstaff/CarND-Term1-Starter-Kit/CarND-Behavioral-Cloning-P3/dataCW/IMG/right_2017_09_04_12_12_47_847.jpg,0.03187647,1,0,30.19029
/Users/ggcstaff/CarND-Term1-Starter-Kit/CarND-Behavioral-Cloning-P3/dataCW/IMG/center_2017_09_04_12_12_47_928.jpg,/Users/ggcstaff/CarND-Term1-Starter-Kit/CarND-Behavioral-Cloning-P3/dataCW/IMG/left_2017_09_04_12_12_47_928.jpg,/Users/ggcstaff/CarND-Term1-Starter-Kit/CarND-Behavioral-Cloning-P3/dataCW/IMG/right_2017_09_04_12_12_47_928.jpg,0.03187647,1,0,30.19023
/Users/ggcstaff/CarND-Term1-Starter-Kit/CarND-Behavioral-Cloning-P3/dataCW/IMG/center_2017_09_04_12_12_48_000.jpg,/Users/ggcstaff/CarND-Term1-Starter-Kit/CarND-Behavioral-Cloning-P3/dataCW/IMG/left_2017_09_04_12_12_48_000.jpg,/Users/ggcstaff/CarND-Term1-Starter-Kit/CarND-Behavioral-Cloning-P3/dataCW/IMG/right_2017_09_04_12_12_48_000.jpg,0.03187647,1,0,30.1903
/Users/ggcstaff/CarND-Term1-Starter-Kit/CarND-Behavioral-Cloning-P3/dataCW/IMG/center_2017_09_04_12_12_48_068.jpg,/Users/ggcstaff/CarND-Term1-Starter-Kit/CarND-Behavioral-Cloning-P3/dataCW/IMG/left_2017_09_04_12_12_48_068.jpg,/Users/ggcstaff/CarND-Term1-Starter-Kit/CarND-Behavioral-Cloning-P3/dataCW/IMG/right_2017_09_04_12_12_48_068.jpg,0.03187647,1,0,30.19056
/Users/ggcstaff/CarND-Term1-Starter-Kit/CarND-Behavioral-Cloning-P3/dataCW/IMG/center_2017_09_04_12_12_48_144.jpg,/Users/ggcstaff/CarND-Term1-Starter-Kit/CarND-Behavioral-Cloning-P3/dataCW/IMG/left_2017_09_04_12_12_48_144.jpg,/Users/ggcstaff/CarND-Term1-Starter-Kit/CarND-Behavioral-Cloning-P3/dataCW/IMG/right_2017_09_04_12_12_48_144.jpg,0.0417158,1,0,30.19018
/Users/ggcstaff/CarND-Term1-Starter-Kit/CarND-Behavioral-Cloning-P3/dataCW/IMG/center_2017_09_04_12_12_48_216.jpg,/Users/ggcstaff/CarND-Term1-Starter-Kit/CarND-Behavioral-Cloning-P3/dataCW/IMG/left_2017_09_04_12_12_48_216.jpg,/Users/ggcstaff/CarND-Term1-Starter-Kit/CarND-Behavioral-Cloning-P3/dataCW/IMG/right_2017_09_04_12_12_48_216.jpg,0.0417158,1,0,30.19026
/Users/ggcstaff/CarND-Term1-Starter-Kit/CarND-Behavioral-Cloning-P3/dataCW/IMG/center_2017_09_04_12_12_48_284.jpg,/Users/ggcstaff/CarND-Term1-Starter-Kit/CarND-Behavioral-Cloning-P3/dataCW/IMG/left_2017_09_04_12_12_48_284.jpg,/Users/ggcstaff/CarND-Term1-Starter-Kit/CarND-Behavioral-Cloning-P3/dataCW/IMG/right_2017_09_04_12_12_48_284.jpg,0.0417158,1,0,30.1903
/Users/ggcstaff/CarND-Term1-Starter-Kit/CarND-Behavioral-Cloning-P3/dataCW/IMG/center_2017_09_04_12_12_48_356.jpg,/Users/ggcstaff/CarND-Term1-Starter-Kit/CarND-Behavioral-Cloning-P3/dataCW/IMG/left_2017_09_04_12_12_48_356.jpg,/Users/ggcstaff/CarND-Term1-Starter-Kit/CarND-Behavioral-Cloning-P3/dataCW/IMG/right_2017_09_04_12_12_48_356.jpg,0.0417158,1,0,30.19034
/Users/ggcstaff/CarND-Term1-Starter-Kit/CarND-Behavioral-Cloning-P3/dataCW/IMG/center_2017_09_04_12_12_48_427.jpg,/Users/ggcstaff/CarND-Term1-Starter-Kit/CarND-Behavioral-Cloning-P3/dataCW/IMG/left_2017_09_04_12_12_48_427.jpg,/Users/ggcstaff/CarND-Term1-Starter-Kit/CarND-Behavioral-Cloning-P3/dataCW/IMG/right_2017_09_04_12_12_48_427.jpg,0.0417158,1,0,30.19069
/Users/ggcstaff/CarND-Term1-Starter-Kit/CarND-Behavioral-Cloning-P3/dataCW/IMG/center_2017_09_04_12_12_48_496.jpg,/Users/ggcstaff/CarND-Term1-Starter-Kit/CarND-Behavioral-Cloning-P3/dataCW/IMG/left_2017_09_04_12_12_48_496.jpg,/Users/ggcstaff/CarND-Term1-Starter-Kit/CarND-Behavioral-Cloning-P3/dataCW/IMG/right_2017_09_04_12_12_48_496.jpg,0.0417158,1,0,30.19035
/Users/ggcstaff/CarND-Term1-Starter-Kit/CarND-Behavioral-Cloning-P3/dataCW/IMG/center_2017_09_04_12_12_48_567.jpg,/Users/ggcstaff/CarND-Term1-Starter-Kit/CarND-Behavioral-Cloning-P3/dataCW/IMG/left_2017_09_04_12_12_48_567.jpg,/Users/ggcstaff/CarND-Term1-Starter-Kit/CarND-Behavioral-Cloning-P3/dataCW/IMG/right_2017_09_04_12_12_48_567.jpg,0.0417158,1,0,30.19037
/Users/ggcstaff/CarND-Term1-Starter-Kit/CarND-Behavioral-Cloning-P3/dataCW/IMG/center_2017_09_04_12_12_48_649.jpg,/Users/ggcstaff/CarND-Term1-Starter-Kit/CarND-Behavioral-Cloning-P3/dataCW/IMG/left_2017_09_04_12_12_48_649.jpg,/Users/ggcstaff/CarND-Term1-Starter-Kit/CarND-Behavioral-Cloning-P3/dataCW/IMG/right_2017_09_04_12_12_48_649.jpg,0.0417158,1,0,30.19027
/Users/ggcstaff/CarND-Term1-Starter-Kit/CarND-Behavioral-Cloning-P3/dataCW/IMG/center_2017_09_04_12_12_48_717.jpg,/Users/ggcstaff/CarND-Term1-Starter-Kit/CarND-Behavioral-Cloning-P3/dataCW/IMG/left_2017_09_04_12_12_48_717.jpg,/Users/ggcstaff/CarND-Term1-Starter-Kit/CarND-Behavioral-Cloning-P3/dataCW/IMG/right_2017_09_04_12_12_48_717.jpg,0.0417158,1,0,30.19038
/Users/ggcstaff/CarND-Term1-Starter-Kit/CarND-Behavioral-Cloning-P3/dataCW/IMG/center_2017_09_04_12_12_48_796.jpg,/Users/ggcstaff/CarND-Term1-Starter-Kit/CarND-Behavioral-Cloning-P3/dataCW/IMG/left_2017_09_04_12_12_48_796.jpg,/Users/ggcstaff/CarND-Term1-Starter-Kit/CarND-Behavioral-Cloning-P3/dataCW/IMG/right_2017_09_04_12_12_48_796.jpg,0.04827536,1,0,30.19038
/Users/ggcstaff/CarND-Term1-Starter-Kit/CarND-Behavioral-Cloning-P3/dataCW/IMG/center_2017_09_04_12_12_48_870.jpg,/Users/ggcstaff/CarND-Term1-Starter-Kit/CarND-Behavioral-Cloning-P3/dataCW/IMG/left_2017_09_04_12_12_48_870.jpg,/Users/ggcstaff/CarND-Term1-Starter-Kit/CarND-Behavioral-Cloning-P3/dataCW/IMG/right_2017_09_04_12_12_48_870.jpg,0.05483491,1,0,30.19035
/Users/ggcstaff/CarND-Term1-Starter-Kit/CarND-Behavioral-Cloning-P3/dataCW/IMG/center_2017_09_04_12_12_48_949.jpg,/Users/ggcstaff/CarND-Term1-Starter-Kit/CarND-Behavioral-Cloning-P3/dataCW/IMG/left_2017_09_04_12_12_48_949.jpg,/Users/ggcstaff/CarND-Term1-Starter-Kit/CarND-Behavioral-Cloning-P3/dataCW/IMG/right_2017_09_04_12_12_48_949.jpg,0.05811468,1,0,30.19027
/Users/ggcstaff/CarND-Term1-Starter-Kit/CarND-Behavioral-Cloning-P3/dataCW/IMG/center_2017_09_04_12_12_49_021.jpg,/Users/ggcstaff/CarND-Term1-Starter-Kit/CarND-Behavioral-Cloning-P3/dataCW/IMG/left_2017_09_04_12_12_49_021.jpg,/Users/ggcstaff/CarND-Term1-Starter-Kit/CarND-Behavioral-Cloning-P3/dataCW/IMG/right_2017_09_04_12_12_49_021.jpg,0.05811468,1,0,30.19032
/Users/ggcstaff/CarND-Term1-Starter-Kit/CarND-Behavioral-Cloning-P3/dataCW/IMG/center_2017_09_04_12_12_49_092.jpg,/Users/ggcstaff/CarND-Term1-Starter-Kit/CarND-Behavioral-Cloning-P3/dataCW/IMG/left_2017_09_04_12_12_49_092.jpg,/Users/ggcstaff/CarND-Term1-Starter-Kit/CarND-Behavioral-Cloning-P3/dataCW/IMG/right_2017_09_04_12_12_49_092.jpg,0.05811468,1,0,30.19042
/Users/ggcstaff/CarND-Term1-Starter-Kit/CarND-Behavioral-Cloning-P3/dataCW/IMG/center_2017_09_04_12_12_49_162.jpg,/Users/ggcstaff/CarND-Term1-Starter-Kit/CarND-Behavioral-Cloning-P3/dataCW/IMG/left_2017_09_04_12_12_49_162.jpg,/Users/ggcstaff/CarND-Term1-Starter-Kit/CarND-Behavioral-Cloning-P3/dataCW/IMG/right_2017_09_04_12_12_49_162.jpg,0.05811468,1,0,30.19091
/Users/ggcstaff/CarND-Term1-Starter-Kit/CarND-Behavioral-Cloning-P3/dataCW/IMG/center_2017_09_04_12_12_49_236.jpg,/Users/ggcstaff/CarND-Term1-Starter-Kit/CarND-Behavioral-Cloning-P3/dataCW/IMG/left_2017_09_04_12_12_49_236.jpg,/Users/ggcstaff/CarND-Term1-Starter-Kit/CarND-Behavioral-Cloning-P3/dataCW/IMG/right_2017_09_04_12_12_49_236.jpg,0.04484817,1,0,30.19054
/Users/ggcstaff/CarND-Term1-Starter-Kit/CarND-Behavioral-Cloning-P3/dataCW/IMG/center_2017_09_04_12_12_49_304.jpg,/Users/ggcstaff/CarND-Term1-Starter-Kit/CarND-Behavioral-Cloning-P3/dataCW/IMG/left_2017_09_04_12_12_49_304.jpg,/Users/ggcstaff/CarND-Term1-Starter-Kit/CarND-Behavioral-Cloning-P3/dataCW/IMG/right_2017_09_04_12_12_49_304.jpg,0.04484817,1,0,30.19057
/Users/ggcstaff/CarND-Term1-Starter-Kit/CarND-Behavioral-Cloning-P3/dataCW/IMG/center_2017_09_04_12_12_49_374.jpg,/Users/ggcstaff/CarND-Term1-Starter-Kit/CarND-Behavioral-Cloning-P3/dataCW/IMG/left_2017_09_04_12_12_49_374.jpg,/Users/ggcstaff/CarND-Term1-Starter-Kit/CarND-Behavioral-Cloning-P3/dataCW/IMG/right_2017_09_04_12_12_49_374.jpg,0.04484817,1,0,30.19067
/Users/ggcstaff/CarND-Term1-Starter-Kit/CarND-Behavioral-Cloning-P3/dataCW/IMG/center_2017_09_04_12_12_49_441.jpg,/Users/ggcstaff/CarND-Term1-Starter-Kit/CarND-Behavioral-Cloning-P3/dataCW/IMG/left_2017_09_04_12_12_49_441.jpg,/Users/ggcstaff/CarND-Term1-Starter-Kit/CarND-Behavioral-Cloning-P3/dataCW/IMG/right_2017_09_04_12_12_49_441.jpg,0.04484817,1,0,30.19037
/Users/ggcstaff/CarND-Term1-Starter-Kit/CarND-Behavioral-Cloning-P3/dataCW/IMG/center_2017_09_04_12_12_49_517.jpg,/Users/ggcstaff/CarND-Term1-Starter-Kit/CarND-Behavioral-Cloning-P3/dataCW/IMG/left_2017_09_04_12_12_49_517.jpg,/Users/ggcstaff/CarND-Term1-Starter-Kit/CarND-Behavioral-Cloning-P3/dataCW/IMG/right_2017_09_04_12_12_49_517.jpg,0.04484817,1,0,30.19116
/Users/ggcstaff/CarND-Term1-Starter-Kit/CarND-Behavioral-Cloning-P3/dataCW/IMG/center_2017_09_04_12_12_49_588.jpg,/Users/ggcstaff/CarND-Term1-Starter-Kit/CarND-Behavioral-Cloning-P3/dataCW/IMG/left_2017_09_04_12_12_49_588.jpg,/Users/ggcstaff/CarND-Term1-Starter-Kit/CarND-Behavioral-Cloning-P3/dataCW/IMG/right_2017_09_04_12_12_49_588.jpg,0.04484817,1,0,30.19053
/Users/ggcstaff/CarND-Term1-Starter-Kit/CarND-Behavioral-Cloning-P3/dataCW/IMG/center_2017_09_04_12_12_49_659.jpg,/Users/ggcstaff/CarND-Term1-Starter-Kit/CarND-Behavioral-Cloning-P3/dataCW/IMG/left_2017_09_04_12_12_49_659.jpg,/Users/ggcstaff/CarND-Term1-Starter-Kit/CarND-Behavioral-Cloning-P3/dataCW/IMG/right_2017_09_04_12_12_49_659.jpg,0.04484817,1,0,30.19019
/Users/ggcstaff/CarND-Term1-Starter-Kit/CarND-Behavioral-Cloning-P3/dataCW/IMG/center_2017_09_04_12_12_49_726.jpg,/Users/ggcstaff/CarND-Term1-Starter-Kit/CarND-Behavioral-Cloning-P3/dataCW/IMG/left_2017_09_04_12_12_49_726.jpg,/Users/ggcstaff/CarND-Term1-Starter-Kit/CarND-Behavioral-Cloning-P3/dataCW/IMG/right_2017_09_04_12_12_49_726.jpg,0.04484817,1,0,30.19023
/Users/ggcstaff/CarND-Term1-Starter-Kit/CarND-Behavioral-Cloning-P3/dataCW/IMG/center_2017_09_04_12_12_49_795.jpg,/Users/ggcstaff/CarND-Term1-Starter-Kit/CarND-Behavioral-Cloning-P3/dataCW/IMG/left_2017_09_04_12_12_49_795.jpg,/Users/ggcstaff/CarND-Term1-Starter-Kit/CarND-Behavioral-Cloning-P3/dataCW/IMG/right_2017_09_04_12_12_49_795.jpg,0.04484817,1,0,30.19029
/Users/ggcstaff/CarND-Term1-Starter-Kit/CarND-Behavioral-Cloning-P3/dataCW/IMG/center_2017_09_04_12_12_49_876.jpg,/Users/ggcstaff/CarND-Term1-Starter-Kit/CarND-Behavioral-Cloning-P3/dataCW/IMG/left_2017_09_04_12_12_49_876.jpg,/Users/ggcstaff/CarND-Term1-Starter-Kit/CarND-Behavioral-Cloning-P3/dataCW/IMG/right_2017_09_04_12_12_49_876.jpg,0.04484817,1,0,30.19028
/Users/ggcstaff/CarND-Term1-Starter-Kit/CarND-Behavioral-Cloning-P3/dataCW/IMG/center_2017_09_04_12_12_49_944.jpg,/Users/ggcstaff/CarND-Term1-Starter-Kit/CarND-Behavioral-Cloning-P3/dataCW/IMG/left_2017_09_04_12_12_49_944.jpg,/Users/ggcstaff/CarND-Term1-Starter-Kit/CarND-Behavioral-Cloning-P3/dataCW/IMG/right_2017_09_04_12_12_49_944.jpg,0.04484817,1,0,30.19024
/Users/ggcstaff/CarND-Term1-Starter-Kit/CarND-Behavioral-Cloning-P3/dataCW/IMG/center_2017_09_04_12_12_50_016.jpg,/Users/ggcstaff/CarND-Term1-Starter-Kit/CarND-Behavioral-Cloning-P3/dataCW/IMG/left_2017_09_04_12_12_50_016.jpg,/Users/ggcstaff/CarND-Term1-Starter-Kit/CarND-Behavioral-Cloning-P3/dataCW/IMG/right_2017_09_04_12_12_50_016.jpg,0.04484817,1,0,30.19025
/Users/ggcstaff/CarND-Term1-Starter-Kit/CarND-Behavioral-Cloning-P3/dataCW/IMG/center_2017_09_04_12_12_50_085.jpg,/Users/ggcstaff/CarND-Term1-Starter-Kit/CarND-Behavioral-Cloning-P3/dataCW/IMG/left_2017_09_04_12_12_50_085.jpg,/Users/ggcstaff/CarND-Term1-Starter-Kit/CarND-Behavioral-Cloning-P3/dataCW/IMG/right_2017_09_04_12_12_50_085.jpg,0.04484817,1,0,30.19024
/Users/ggcstaff/CarND-Term1-Starter-Kit/CarND-Behavioral-Cloning-P3/dataCW/IMG/center_2017_09_04_12_12_50_156.jpg,/Users/ggcstaff/CarND-Term1-Starter-Kit/CarND-Behavioral-Cloning-P3/dataCW/IMG/left_2017_09_04_12_12_50_156.jpg,/Users/ggcstaff/CarND-Term1-Starter-Kit/CarND-Behavioral-Cloning-P3/dataCW/IMG/right_2017_09_04_12_12_50_156.jpg,0.04484817,1,0,30.19015
/Users/ggcstaff/CarND-Term1-Starter-Kit/CarND-Behavioral-Cloning-P3/dataCW/IMG/center_2017_09_04_12_12_50_233.jpg,/Users/ggcstaff/CarND-Term1-Starter-Kit/CarND-Behavioral-Cloning-P3/dataCW/IMG/left_2017_09_04_12_12_50_233.jpg,/Users/ggcstaff/CarND-Term1-Starter-Kit/CarND-Behavioral-Cloning-P3/dataCW/IMG/right_2017_09_04_12_12_50_233.jpg,0.04484817,1,0,30.19027
/Users/ggcstaff/CarND-Term1-Starter-Kit/CarND-Behavioral-Cloning-P3/dataCW/IMG/center_2017_09_04_12_12_50_301.jpg,/Users/ggcstaff/CarND-Term1-Starter-Kit/CarND-Behavioral-Cloning-P3/dataCW/IMG/left_2017_09_04_12_12_50_301.jpg,/Users/ggcstaff/CarND-Term1-Starter-Kit/CarND-Behavioral-Cloning-P3/dataCW/IMG/right_2017_09_04_12_12_50_301.jpg,0.04484817,1,0,30.19028
/Users/ggcstaff/CarND-Term1-Starter-Kit/CarND-Behavioral-Cloning-P3/dataCW/IMG/center_2017_09_04_12_12_50_368.jpg,/Users/ggcstaff/CarND-Term1-Starter-Kit/CarND-Behavioral-Cloning-P3/dataCW/IMG/left_2017_09_04_12_12_50_368.jpg,/Users/ggcstaff/CarND-Term1-Starter-Kit/CarND-Behavioral-Cloning-P3/dataCW/IMG/right_2017_09_04_12_12_50_368.jpg,0.04484817,1,0,30.19025
/Users/ggcstaff/CarND-Term1-Starter-Kit/CarND-Behavioral-Cloning-P3/dataCW/IMG/center_2017_09_04_12_12_50_438.jpg,/Users/ggcstaff/CarND-Term1-Starter-Kit/CarND-Behavioral-Cloning-P3/dataCW/IMG/left_2017_09_04_12_12_50_438.jpg,/Users/ggcstaff/CarND-Term1-Starter-Kit/CarND-Behavioral-Cloning-P3/dataCW/IMG/right_2017_09_04_12_12_50_438.jpg,0.04484817,1,0,30.19027
/Users/ggcstaff/CarND-Term1-Starter-Kit/CarND-Behavioral-Cloning-P3/dataCW/IMG/center_2017_09_04_12_12_50_507.jpg,/Users/ggcstaff/CarND-Term1-Starter-Kit/CarND-Behavioral-Cloning-P3/dataCW/IMG/left_2017_09_04_12_12_50_507.jpg,/Users/ggcstaff/CarND-Term1-Starter-Kit/CarND-Behavioral-Cloning-P3/dataCW/IMG/right_2017_09_04_12_12_50_507.jpg,0.04484817,1,0,30.19025
/Users/ggcstaff/CarND-Term1-Starter-Kit/CarND-Behavioral-Cloning-P3/dataCW/IMG/center_2017_09_04_12_12_50_585.jpg,/Users/ggcstaff/CarND-Term1-Starter-Kit/CarND-Behavioral-Cloning-P3/dataCW/IMG/left_2017_09_04_12_12_50_585.jpg,/Users/ggcstaff/CarND-Term1-Starter-Kit/CarND-Behavioral-Cloning-P3/dataCW/IMG/right_2017_09_04_12_12_50_585.jpg,0.04484817,1,0,30.19027
/Users/ggcstaff/CarND-Term1-Starter-Kit/CarND-Behavioral-Cloning-P3/dataCW/IMG/center_2017_09_04_12_12_50_653.jpg,/Users/ggcstaff/CarND-Term1-Starter-Kit/CarND-Behavioral-Cloning-P3/dataCW/IMG/left_2017_09_04_12_12_50_653.jpg,/Users/ggcstaff/CarND-Term1-Starter-Kit/CarND-Behavioral-Cloning-P3/dataCW/IMG/right_2017_09_04_12_12_50_653.jpg,0.04484817,1,0,30.19025
/Users/ggcstaff/CarND-Term1-Starter-Kit/CarND-Behavioral-Cloning-P3/dataCW/IMG/center_2017_09_04_12_12_50_724.jpg,/Users/ggcstaff/CarND-Term1-Starter-Kit/CarND-Behavioral-Cloning-P3/dataCW/IMG/left_2017_09_04_12_12_50_724.jpg,/Users/ggcstaff/CarND-Term1-Starter-Kit/CarND-Behavioral-Cloning-P3/dataCW/IMG/right_2017_09_04_12_12_50_724.jpg,0.04484817,1,0,30.19025
/Users/ggcstaff/CarND-Term1-Starter-Kit/CarND-Behavioral-Cloning-P3/dataCW/IMG/center_2017_09_04_12_12_50_793.jpg,/Users/ggcstaff/CarND-Term1-Starter-Kit/CarND-Behavioral-Cloning-P3/dataCW/IMG/left_2017_09_04_12_12_50_793.jpg,/Users/ggcstaff/CarND-Term1-Starter-Kit/CarND-Behavioral-Cloning-P3/dataCW/IMG/right_2017_09_04_12_12_50_793.jpg,0.04484817,1,0,30.19027
/Users/ggcstaff/CarND-Term1-Starter-Kit/CarND-Behavioral-Cloning-P3/dataCW/IMG/center_2017_09_04_12_12_50_861.jpg,/Users/ggcstaff/CarND-Term1-Starter-Kit/CarND-Behavioral-Cloning-P3/dataCW/IMG/left_2017_09_04_12_12_50_861.jpg,/Users/ggcstaff/CarND-Term1-Starter-Kit/CarND-Behavioral-Cloning-P3/dataCW/IMG/right_2017_09_04_12_12_50_861.jpg,0.04484817,1,0,30.19025
/Users/ggcstaff/CarND-Term1-Starter-Kit/CarND-Behavioral-Cloning-P3/dataCW/IMG/center_2017_09_04_12_12_50_931.jpg,/Users/ggcstaff/CarND-Term1-Starter-Kit/CarND-Behavioral-Cloning-P3/dataCW/IMG/left_2017_09_04_12_12_50_931.jpg,/Users/ggcstaff/CarND-Term1-Starter-Kit/CarND-Behavioral-Cloning-P3/dataCW/IMG/right_2017_09_04_12_12_50_931.jpg,0.04484817,1,0,30.19024
/Users/ggcstaff/CarND-Term1-Starter-Kit/CarND-Behavioral-Cloning-P3/dataCW/IMG/center_2017_09_04_12_12_51_004.jpg,/Users/ggcstaff/CarND-Term1-Starter-Kit/CarND-Behavioral-Cloning-P3/dataCW/IMG/left_2017_09_04_12_12_51_004.jpg,/Users/ggcstaff/CarND-Term1-Starter-Kit/CarND-Behavioral-Cloning-P3/dataCW/IMG/right_2017_09_04_12_12_51_004.jpg,0.04484817,1,0,30.19026
/Users/ggcstaff/CarND-Term1-Starter-Kit/CarND-Behavioral-Cloning-P3/dataCW/IMG/center_2017_09_04_12_12_51_081.jpg,/Users/ggcstaff/CarND-Term1-Starter-Kit/CarND-Behavioral-Cloning-P3/dataCW/IMG/left_2017_09_04_12_12_51_081.jpg,/Users/ggcstaff/CarND-Term1-Starter-Kit/CarND-Behavioral-Cloning-P3/dataCW/IMG/right_2017_09_04_12_12_51_081.jpg,0.04484817,1,0,30.19024
/Users/ggcstaff/CarND-Term1-Starter-Kit/CarND-Behavioral-Cloning-P3/dataCW/IMG/center_2017_09_04_12_12_51_150.jpg,/Users/ggcstaff/CarND-Term1-Starter-Kit/CarND-Behavioral-Cloning-P3/dataCW/IMG/left_2017_09_04_12_12_51_150.jpg,/Users/ggcstaff/CarND-Term1-Starter-Kit/CarND-Behavioral-Cloning-P3/dataCW/IMG/right_2017_09_04_12_12_51_150.jpg,0.04484817,1,0,30.19025
/Users/ggcstaff/CarND-Term1-Starter-Kit/CarND-Behavioral-Cloning-P3/dataCW/IMG/center_2017_09_04_12_12_51_218.jpg,/Users/ggcstaff/CarND-Term1-Starter-Kit/CarND-Behavioral-Cloning-P3/dataCW/IMG/left_2017_09_04_12_12_51_218.jpg,/Users/ggcstaff/CarND-Term1-Starter-Kit/CarND-Behavioral-Cloning-P3/dataCW/IMG/right_2017_09_04_12_12_51_218.jpg,0.04484817,1,0,30.18966
/Users/ggcstaff/CarND-Term1-Starter-Kit/CarND-Behavioral-Cloning-P3/dataCW/IMG/center_2017_09_04_12_12_51_288.jpg,/Users/ggcstaff/CarND-Term1-Starter-Kit/CarND-Behavioral-Cloning-P3/dataCW/IMG/left_2017_09_04_12_12_51_288.jpg,/Users/ggcstaff/CarND-Term1-Starter-Kit/CarND-Behavioral-Cloning-P3/dataCW/IMG/right_2017_09_04_12_12_51_288.jpg,0.04484817,1,0,30.19025
/Users/ggcstaff/CarND-Term1-Starter-Kit/CarND-Behavioral-Cloning-P3/dataCW/IMG/center_2017_09_04_12_12_51_356.jpg,/Users/ggcstaff/CarND-Term1-Starter-Kit/CarND-Behavioral-Cloning-P3/dataCW/IMG/left_2017_09_04_12_12_51_356.jpg,/Users/ggcstaff/CarND-Term1-Starter-Kit/CarND-Behavioral-Cloning-P3/dataCW/IMG/right_2017_09_04_12_12_51_356.jpg,0.04484817,1,0,30.19022
/Users/ggcstaff/CarND-Term1-Starter-Kit/CarND-Behavioral-Cloning-P3/dataCW/IMG/center_2017_09_04_12_12_51_423.jpg,/Users/ggcstaff/CarND-Term1-Starter-Kit/CarND-Behavioral-Cloning-P3/dataCW/IMG/left_2017_09_04_12_12_51_423.jpg,/Users/ggcstaff/CarND-Term1-Starter-Kit/CarND-Behavioral-Cloning-P3/dataCW/IMG/right_2017_09_04_12_12_51_423.jpg,0.04484817,1,0,30.1896
/Users/ggcstaff/CarND-Term1-Starter-Kit/CarND-Behavioral-Cloning-P3/dataCW/IMG/center_2017_09_04_12_12_51_495.jpg,/Users/ggcstaff/CarND-Term1-Starter-Kit/CarND-Behavioral-Cloning-P3/dataCW/IMG/left_2017_09_04_12_12_51_495.jpg,/Users/ggcstaff/CarND-Term1-Starter-Kit/CarND-Behavioral-Cloning-P3/dataCW/IMG/right_2017_09_04_12_12_51_495.jpg,0.07974646,1,0,30.18949
/Users/ggcstaff/CarND-Term1-Starter-Kit/CarND-Behavioral-Cloning-P3/dataCW/IMG/center_2017_09_04_12_12_51_564.jpg,/Users/ggcstaff/CarND-Term1-Starter-Kit/CarND-Behavioral-Cloning-P3/dataCW/IMG/left_2017_09_04_12_12_51_564.jpg,/Users/ggcstaff/CarND-Term1-Starter-Kit/CarND-Behavioral-Cloning-P3/dataCW/IMG/right_2017_09_04_12_12_51_564.jpg,0.08958579,1,0,30.18961
/Users/ggcstaff/CarND-Term1-Starter-Kit/CarND-Behavioral-Cloning-P3/dataCW/IMG/center_2017_09_04_12_12_51_637.jpg,/Users/ggcstaff/CarND-Term1-Starter-Kit/CarND-Behavioral-Cloning-P3/dataCW/IMG/left_2017_09_04_12_12_51_637.jpg,/Users/ggcstaff/CarND-Term1-Starter-Kit/CarND-Behavioral-Cloning-P3/dataCW/IMG/right_2017_09_04_12_12_51_637.jpg,0.1092644,1,0,30.18918
/Users/ggcstaff/CarND-Term1-Starter-Kit/CarND-Behavioral-Cloning-P3/dataCW/IMG/center_2017_09_04_12_12_51_707.jpg,/Users/ggcstaff/CarND-Term1-Starter-Kit/CarND-Behavioral-Cloning-P3/dataCW/IMG/left_2017_09_04_12_12_51_707.jpg,/Users/ggcstaff/CarND-Term1-Starter-Kit/CarND-Behavioral-Cloning-P3/dataCW/IMG/right_2017_09_04_12_12_51_707.jpg,0.1125442,1,0,30.18931
/Users/ggcstaff/CarND-Term1-Starter-Kit/CarND-Behavioral-Cloning-P3/dataCW/IMG/center_2017_09_04_12_12_51_775.jpg,/Users/ggcstaff/CarND-Term1-Starter-Kit/CarND-Behavioral-Cloning-P3/dataCW/IMG/left_2017_09_04_12_12_51_775.jpg,/Users/ggcstaff/CarND-Term1-Starter-Kit/CarND-Behavioral-Cloning-P3/dataCW/IMG/right_2017_09_04_12_12_51_775.jpg,0.1223835,1,0,30.18915
/Users/ggcstaff/CarND-Term1-Starter-Kit/CarND-Behavioral-Cloning-P3/dataCW/IMG/center_2017_09_04_12_12_51_844.jpg,/Users/ggcstaff/CarND-Term1-Starter-Kit/CarND-Behavioral-Cloning-P3/dataCW/IMG/left_2017_09_04_12_12_51_844.jpg,/Users/ggcstaff/CarND-Term1-Starter-Kit/CarND-Behavioral-Cloning-P3/dataCW/IMG/right_2017_09_04_12_12_51_844.jpg,0.1223835,1,0,30.18984
/Users/ggcstaff/CarND-Term1-Starter-Kit/CarND-Behavioral-Cloning-P3/dataCW/IMG/center_2017_09_04_12_12_51_911.jpg,/Users/ggcstaff/CarND-Term1-Starter-Kit/CarND-Behavioral-Cloning-P3/dataCW/IMG/left_2017_09_04_12_12_51_911.jpg,/Users/ggcstaff/CarND-Term1-Starter-Kit/CarND-Behavioral-Cloning-P3/dataCW/IMG/right_2017_09_04_12_12_51_911.jpg,0.1223835,1,0,30.18957
/Users/ggcstaff/CarND-Term1-Starter-Kit/CarND-Behavioral-Cloning-P3/dataCW/IMG/center_2017_09_04_12_12_51_978.jpg,/Users/ggcstaff/CarND-Term1-Starter-Kit/CarND-Behavioral-Cloning-P3/dataCW/IMG/left_2017_09_04_12_12_51_978.jpg,/Users/ggcstaff/CarND-Term1-Starter-Kit/CarND-Behavioral-Cloning-P3/dataCW/IMG/right_2017_09_04_12_12_51_978.jpg,0.1223835,1,0,30.18989
/Users/ggcstaff/CarND-Term1-Starter-Kit/CarND-Behavioral-Cloning-P3/dataCW/IMG/center_2017_09_04_12_12_52_048.jpg,/Users/ggcstaff/CarND-Term1-Starter-Kit/CarND-Behavioral-Cloning-P3/dataCW/IMG/left_2017_09_04_12_12_52_048.jpg,/Users/ggcstaff/CarND-Term1-Starter-Kit/CarND-Behavioral-Cloning-P3/dataCW/IMG/right_2017_09_04_12_12_52_048.jpg,0.1322229,1,0,30.18954
/Users/ggcstaff/CarND-Term1-Starter-Kit/CarND-Behavioral-Cloning-P3/dataCW/IMG/center_2017_09_04_12_12_52_119.jpg,/Users/ggcstaff/CarND-Term1-Starter-Kit/CarND-Behavioral-Cloning-P3/dataCW/IMG/left_2017_09_04_12_12_52_119.jpg,/Users/ggcstaff/CarND-Term1-Starter-Kit/CarND-Behavioral-Cloning-P3/dataCW/IMG/right_2017_09_04_12_12_52_119.jpg,0.1322229,1,0,30.18956
/Users/ggcstaff/CarND-Term1-Starter-Kit/CarND-Behavioral-Cloning-P3/dataCW/IMG/center_2017_09_04_12_12_52_193.jpg,/Users/ggcstaff/CarND-Term1-Starter-Kit/CarND-Behavioral-Cloning-P3/dataCW/IMG/left_2017_09_04_12_12_52_193.jpg,/Users/ggcstaff/CarND-Term1-Starter-Kit/CarND-Behavioral-Cloning-P3/dataCW/IMG/right_2017_09_04_12_12_52_193.jpg,0.1680793,1,0,30.18852
/Users/ggcstaff/CarND-Term1-Starter-Kit/CarND-Behavioral-Cloning-P3/dataCW/IMG/center_2017_09_04_12_12_52_261.jpg,/Users/ggcstaff/CarND-Term1-Starter-Kit/CarND-Behavioral-Cloning-P3/dataCW/IMG/left_2017_09_04_12_12_52_261.jpg,/Users/ggcstaff/CarND-Term1-Starter-Kit/CarND-Behavioral-Cloning-P3/dataCW/IMG/right_2017_09_04_12_12_52_261.jpg,0.1713591,1,0,30.18752
/Users/ggcstaff/CarND-Term1-Starter-Kit/CarND-Behavioral-Cloning-P3/dataCW/IMG/center_2017_09_04_12_12_52_331.jpg,/Users/ggcstaff/CarND-Term1-Starter-Kit/CarND-Behavioral-Cloning-P3/dataCW/IMG/left_2017_09_04_12_12_52_331.jpg,/Users/ggcstaff/CarND-Term1-Starter-Kit/CarND-Behavioral-Cloning-P3/dataCW/IMG/right_2017_09_04_12_12_52_331.jpg,0.1713591,1,0,30.18926
/Users/ggcstaff/CarND-Term1-Starter-Kit/CarND-Behavioral-Cloning-P3/dataCW/IMG/center_2017_09_04_12_12_52_402.jpg,/Users/ggcstaff/CarND-Term1-Starter-Kit/CarND-Behavioral-Cloning-P3/dataCW/IMG/left_2017_09_04_12_12_52_402.jpg,/Users/ggcstaff/CarND-Term1-Starter-Kit/CarND-Behavioral-Cloning-P3/dataCW/IMG/right_2017_09_04_12_12_52_402.jpg,0.1713591,1,0,30.18922
/Users/ggcstaff/CarND-Term1-Starter-Kit/CarND-Behavioral-Cloning-P3/dataCW/IMG/center_2017_09_04_12_12_52_471.jpg,/Users/ggcstaff/CarND-Term1-Starter-Kit/CarND-Behavioral-Cloning-P3/dataCW/IMG/left_2017_09_04_12_12_52_471.jpg,/Users/ggcstaff/CarND-Term1-Starter-Kit/CarND-Behavioral-Cloning-P3/dataCW/IMG/right_2017_09_04_12_12_52_471.jpg,0.1713591,1,0,30.18741
/Users/ggcstaff/CarND-Term1-Starter-Kit/CarND-Behavioral-Cloning-P3/dataCW/IMG/center_2017_09_04_12_12_52_539.jpg,/Users/ggcstaff/CarND-Term1-Starter-Kit/CarND-Behavioral-Cloning-P3/dataCW/IMG/left_2017_09_04_12_12_52_539.jpg,/Users/ggcstaff/CarND-Term1-Starter-Kit/CarND-Behavioral-Cloning-P3/dataCW/IMG/right_2017_09_04_12_12_52_539.jpg,0.1713591,1,0,30.1898
/Users/ggcstaff/CarND-Term1-Starter-Kit/CarND-Behavioral-Cloning-P3/dataCW/IMG/center_2017_09_04_12_12_52_607.jpg,/Users/ggcstaff/CarND-Term1-Starter-Kit/CarND-Behavioral-Cloning-P3/dataCW/IMG/left_2017_09_04_12_12_52_607.jpg,/Users/ggcstaff/CarND-Term1-Starter-Kit/CarND-Behavioral-Cloning-P3/dataCW/IMG/right_2017_09_04_12_12_52_607.jpg,0.1713591,1,0,30.19081
/Users/ggcstaff/CarND-Term1-Starter-Kit/CarND-Behavioral-Cloning-P3/dataCW/IMG/center_2017_09_04_12_12_52_674.jpg,/Users/ggcstaff/CarND-Term1-Starter-Kit/CarND-Behavioral-Cloning-P3/dataCW/IMG/left_2017_09_04_12_12_52_674.jpg,/Users/ggcstaff/CarND-Term1-Starter-Kit/CarND-Behavioral-Cloning-P3/dataCW/IMG/right_2017_09_04_12_12_52_674.jpg,0.1713591,1,0,30.18979
/Users/ggcstaff/CarND-Term1-Starter-Kit/CarND-Behavioral-Cloning-P3/dataCW/IMG/center_2017_09_04_12_12_52_745.jpg,/Users/ggcstaff/CarND-Term1-Starter-Kit/CarND-Behavioral-Cloning-P3/dataCW/IMG/left_2017_09_04_12_12_52_745.jpg,/Users/ggcstaff/CarND-Term1-Starter-Kit/CarND-Behavioral-Cloning-P3/dataCW/IMG/right_2017_09_04_12_12_52_745.jpg,0.1713591,1,0,30.18964
/Users/ggcstaff/CarND-Term1-Starter-Kit/CarND-Behavioral-Cloning-P3/dataCW/IMG/center_2017_09_04_12_12_52_813.jpg,/Users/ggcstaff/CarND-Term1-Starter-Kit/CarND-Behavioral-Cloning-P3/dataCW/IMG/left_2017_09_04_12_12_52_813.jpg,/Users/ggcstaff/CarND-Term1-Starter-Kit/CarND-Behavioral-Cloning-P3/dataCW/IMG/right_2017_09_04_12_12_52_813.jpg,0.2008771,1,0,30.18929
/Users/ggcstaff/CarND-Term1-Starter-Kit/CarND-Behavioral-Cloning-P3/dataCW/IMG/center_2017_09_04_12_12_52_884.jpg,/Users/ggcstaff/CarND-Term1-Starter-Kit/CarND-Behavioral-Cloning-P3/dataCW/IMG/left_2017_09_04_12_12_52_884.jpg,/Users/ggcstaff/CarND-Term1-Starter-Kit/CarND-Behavioral-Cloning-P3/dataCW/IMG/right_2017_09_04_12_12_52_884.jpg,0.2172759,1,0,30.18716
/Users/ggcstaff/CarND-Term1-Starter-Kit/CarND-Behavioral-Cloning-P3/dataCW/IMG/center_2017_09_04_12_12_52_951.jpg,/Users/ggcstaff/CarND-Term1-Starter-Kit/CarND-Behavioral-Cloning-P3/dataCW/IMG/left_2017_09_04_12_12_52_951.jpg,/Users/ggcstaff/CarND-Term1-Starter-Kit/CarND-Behavioral-Cloning-P3/dataCW/IMG/right_2017_09_04_12_12_52_951.jpg,0.230395,1,0,30.18753
/Users/ggcstaff/CarND-Term1-Starter-Kit/CarND-Behavioral-Cloning-P3/dataCW/IMG/center_2017_09_04_12_12_53_019.jpg,/Users/ggcstaff/CarND-Term1-Starter-Kit/CarND-Behavioral-Cloning-P3/dataCW/IMG/left_2017_09_04_12_12_53_019.jpg,/Users/ggcstaff/CarND-Term1-Starter-Kit/CarND-Behavioral-Cloning-P3/dataCW/IMG/right_2017_09_04_12_12_53_019.jpg,0.2435142,1,0,30.18713
/Users/ggcstaff/CarND-Term1-Starter-Kit/CarND-Behavioral-Cloning-P3/dataCW/IMG/center_2017_09_04_12_12_53_090.jpg,/Users/ggcstaff/CarND-Term1-Starter-Kit/CarND-Behavioral-Cloning-P3/dataCW/IMG/left_2017_09_04_12_12_53_090.jpg,/Users/ggcstaff/CarND-Term1-Starter-Kit/CarND-Behavioral-Cloning-P3/dataCW/IMG/right_2017_09_04_12_12_53_090.jpg,0.2697524,1,0,30.18303
/Users/ggcstaff/CarND-Term1-Starter-Kit/CarND-Behavioral-Cloning-P3/dataCW/IMG/center_2017_09_04_12_12_53_161.jpg,/Users/ggcstaff/CarND-Term1-Starter-Kit/CarND-Behavioral-Cloning-P3/dataCW/IMG/left_2017_09_04_12_12_53_161.jpg,/Users/ggcstaff/CarND-Term1-Starter-Kit/CarND-Behavioral-Cloning-P3/dataCW/IMG/right_2017_09_04_12_12_53_161.jpg,0.2730321,1,0,30.18734
/Users/ggcstaff/CarND-Term1-Starter-Kit/CarND-Behavioral-Cloning-P3/dataCW/IMG/center_2017_09_04_12_12_53_231.jpg,/Users/ggcstaff/CarND-Term1-Starter-Kit/CarND-Behavioral-Cloning-P3/dataCW/IMG/left_2017_09_04_12_12_53_231.jpg,/Users/ggcstaff/CarND-Term1-Starter-Kit/CarND-Behavioral-Cloning-P3/dataCW/IMG/right_2017_09_04_12_12_53_231.jpg,0.2927108,1,0,30.18625
/Users/ggcstaff/CarND-Term1-Starter-Kit/CarND-Behavioral-Cloning-P3/dataCW/IMG/center_2017_09_04_12_12_53_313.jpg,/Users/ggcstaff/CarND-Term1-Starter-Kit/CarND-Behavioral-Cloning-P3/dataCW/IMG/left_2017_09_04_12_12_53_313.jpg,/Users/ggcstaff/CarND-Term1-Starter-Kit/CarND-Behavioral-Cloning-P3/dataCW/IMG/right_2017_09_04_12_12_53_313.jpg,0.2992703,1,0,30.18674
/Users/ggcstaff/CarND-Term1-Starter-Kit/CarND-Behavioral-Cloning-P3/dataCW/IMG/center_2017_09_04_12_12_53_384.jpg,/Users/ggcstaff/CarND-Term1-Starter-Kit/CarND-Behavioral-Cloning-P3/dataCW/IMG/left_2017_09_04_12_12_53_384.jpg,/Users/ggcstaff/CarND-Term1-Starter-Kit/CarND-Behavioral-Cloning-P3/dataCW/IMG/right_2017_09_04_12_12_53_384.jpg,0.2992703,1,0,30.18746
/Users/ggcstaff/CarND-Term1-Starter-Kit/CarND-Behavioral-Cloning-P3/dataCW/IMG/center_2017_09_04_12_12_53_454.jpg,/Users/ggcstaff/CarND-Term1-Starter-Kit/CarND-Behavioral-Cloning-P3/dataCW/IMG/left_2017_09_04_12_12_53_454.jpg,/Users/ggcstaff/CarND-Term1-Starter-Kit/CarND-Behavioral-Cloning-P3/dataCW/IMG/right_2017_09_04_12_12_53_454.jpg,0.2992703,1,0,30.18784
/Users/ggcstaff/CarND-Term1-Starter-Kit/CarND-Behavioral-Cloning-P3/dataCW/IMG/center_2017_09_04_12_12_53_521.jpg,/Users/ggcstaff/CarND-Term1-Starter-Kit/CarND-Behavioral-Cloning-P3/dataCW/IMG/left_2017_09_04_12_12_53_521.jpg,/Users/ggcstaff/CarND-Term1-Starter-Kit/CarND-Behavioral-Cloning-P3/dataCW/IMG/right_2017_09_04_12_12_53_521.jpg,0.2992703,1,0,30.18788
/Users/ggcstaff/CarND-Term1-Starter-Kit/CarND-Behavioral-Cloning-P3/dataCW/IMG/center_2017_09_04_12_12_53_588.jpg,/Users/ggcstaff/CarND-Term1-Starter-Kit/CarND-Behavioral-Cloning-P3/dataCW/IMG/left_2017_09_04_12_12_53_588.jpg,/Users/ggcstaff/CarND-Term1-Starter-Kit/CarND-Behavioral-Cloning-P3/dataCW/IMG/right_2017_09_04_12_12_53_588.jpg,0.2959537,1,0,30.18846
/Users/ggcstaff/CarND-Term1-Starter-Kit/CarND-Behavioral-Cloning-P3/dataCW/IMG/center_2017_09_04_12_12_53_657.jpg,/Users/ggcstaff/CarND-Term1-Starter-Kit/CarND-Behavioral-Cloning-P3/dataCW/IMG/left_2017_09_04_12_12_53_657.jpg,/Users/ggcstaff/CarND-Term1-Starter-Kit/CarND-Behavioral-Cloning-P3/dataCW/IMG/right_2017_09_04_12_12_53_657.jpg,0.2926371,1,0,30.18872
/Users/ggcstaff/CarND-Term1-Starter-Kit/CarND-Behavioral-Cloning-P3/dataCW/IMG/center_2017_09_04_12_12_53_725.jpg,/Users/ggcstaff/CarND-Term1-Starter-Kit/CarND-Behavioral-Cloning-P3/dataCW/IMG/left_2017_09_04_12_12_53_725.jpg,/Users/ggcstaff/CarND-Term1-Starter-Kit/CarND-Behavioral-Cloning-P3/dataCW/IMG/right_2017_09_04_12_12_53_725.jpg,0.2926371,1,0,30.18824
/Users/ggcstaff/CarND-Term1-Starter-Kit/CarND-Behavioral-Cloning-P3/dataCW/IMG/center_2017_09_04_12_12_53_792.jpg,/Users/ggcstaff/CarND-Term1-Starter-Kit/CarND-Behavioral-Cloning-P3/dataCW/IMG/left_2017_09_04_12_12_53_792.jpg,/Users/ggcstaff/CarND-Term1-Starter-Kit/CarND-Behavioral-Cloning-P3/dataCW/IMG/right_2017_09_04_12_12_53_792.jpg,0.2893205,1,0,30.18897
/Users/ggcstaff/CarND-Term1-Starter-Kit/CarND-Behavioral-Cloning-P3/dataCW/IMG/center_2017_09_04_12_12_53_862.jpg,/Users/ggcstaff/CarND-Term1-Starter-Kit/CarND-Behavioral-Cloning-P3/dataCW/IMG/left_2017_09_04_12_12_53_862.jpg,/Users/ggcstaff/CarND-Term1-Starter-Kit/CarND-Behavioral-Cloning-P3/dataCW/IMG/right_2017_09_04_12_12_53_862.jpg,0.276054,1,0,30.18957
/Users/ggcstaff/CarND-Term1-Starter-Kit/CarND-Behavioral-Cloning-P3/dataCW/IMG/center_2017_09_04_12_12_53_932.jpg,/Users/ggcstaff/CarND-Term1-Starter-Kit/CarND-Behavioral-Cloning-P3/dataCW/IMG/left_2017_09_04_12_12_53_932.jpg,/Users/ggcstaff/CarND-Term1-Starter-Kit/CarND-Behavioral-Cloning-P3/dataCW/IMG/right_2017_09_04_12_12_53_932.jpg,0.2428877,1,0,30.19107
/Users/ggcstaff/CarND-Term1-Starter-Kit/CarND-Behavioral-Cloning-P3/dataCW/IMG/center_2017_09_04_12_12_54_001.jpg,/Users/ggcstaff/CarND-Term1-Starter-Kit/CarND-Behavioral-Cloning-P3/dataCW/IMG/left_2017_09_04_12_12_54_001.jpg,/Users/ggcstaff/CarND-Term1-Starter-Kit/CarND-Behavioral-Cloning-P3/dataCW/IMG/right_2017_09_04_12_12_54_001.jpg,0.2196713,1,0,30.19184
/Users/ggcstaff/CarND-Term1-Starter-Kit/CarND-Behavioral-Cloning-P3/dataCW/IMG/center_2017_09_04_12_12_54_072.jpg,/Users/ggcstaff/CarND-Term1-Starter-Kit/CarND-Behavioral-Cloning-P3/dataCW/IMG/left_2017_09_04_12_12_54_072.jpg,/Users/ggcstaff/CarND-Term1-Starter-Kit/CarND-Behavioral-Cloning-P3/dataCW/IMG/right_2017_09_04_12_12_54_072.jpg,0.186505,1,0,30.19179
/Users/ggcstaff/CarND-Term1-Starter-Kit/CarND-Behavioral-Cloning-P3/dataCW/IMG/center_2017_09_04_12_12_54_139.jpg,/Users/ggcstaff/CarND-Term1-Starter-Kit/CarND-Behavioral-Cloning-P3/dataCW/IMG/left_2017_09_04_12_12_54_139.jpg,/Users/ggcstaff/CarND-Term1-Starter-Kit/CarND-Behavioral-Cloning-P3/dataCW/IMG/right_2017_09_04_12_12_54_139.jpg,0.1666052,1,0,30.19211
/Users/ggcstaff/CarND-Term1-Starter-Kit/CarND-Behavioral-Cloning-P3/dataCW/IMG/center_2017_09_04_12_12_54_206.jpg,/Users/ggcstaff/CarND-Term1-Starter-Kit/CarND-Behavioral-Cloning-P3/dataCW/IMG/left_2017_09_04_12_12_54_206.jpg,/Users/ggcstaff/CarND-Term1-Starter-Kit/CarND-Behavioral-Cloning-P3/dataCW/IMG/right_2017_09_04_12_12_54_206.jpg,0.1566554,1,0,30.19124
/Users/ggcstaff/CarND-Term1-Starter-Kit/CarND-Behavioral-Cloning-P3/dataCW/IMG/center_2017_09_04_12_12_54_277.jpg,/Users/ggcstaff/CarND-Term1-Starter-Kit/CarND-Behavioral-Cloning-P3/dataCW/IMG/left_2017_09_04_12_12_54_277.jpg,/Users/ggcstaff/CarND-Term1-Starter-Kit/CarND-Behavioral-Cloning-P3/dataCW/IMG/right_2017_09_04_12_12_54_277.jpg,0.1566554,1,0,30.19074
/Users/ggcstaff/CarND-Term1-Starter-Kit/CarND-Behavioral-Cloning-P3/dataCW/IMG/center_2017_09_04_12_12_54_347.jpg,/Users/ggcstaff/CarND-Term1-Starter-Kit/CarND-Behavioral-Cloning-P3/dataCW/IMG/left_2017_09_04_12_12_54_347.jpg,/Users/ggcstaff/CarND-Term1-Starter-Kit/CarND-Behavioral-Cloning-P3/dataCW/IMG/right_2017_09_04_12_12_54_347.jpg,0.1566554,1,0,30.1907
/Users/ggcstaff/CarND-Term1-Starter-Kit/CarND-Behavioral-Cloning-P3/dataCW/IMG/center_2017_09_04_12_12_54_417.jpg,/Users/ggcstaff/CarND-Term1-Starter-Kit/CarND-Behavioral-Cloning-P3/dataCW/IMG/left_2017_09_04_12_12_54_417.jpg,/Users/ggcstaff/CarND-Term1-Starter-Kit/CarND-Behavioral-Cloning-P3/dataCW/IMG/right_2017_09_04_12_12_54_417.jpg,0.1566554,1,0,30.19016
/Users/ggcstaff/CarND-Term1-Starter-Kit/CarND-Behavioral-Cloning-P3/dataCW/IMG/center_2017_09_04_12_12_54_491.jpg,/Users/ggcstaff/CarND-Term1-Starter-Kit/CarND-Behavioral-Cloning-P3/dataCW/IMG/left_2017_09_04_12_12_54_491.jpg,/Users/ggcstaff/CarND-Term1-Starter-Kit/CarND-Behavioral-Cloning-P3/dataCW/IMG/right_2017_09_04_12_12_54_491.jpg,0.1566554,1,0,30.19007
/Users/ggcstaff/CarND-Term1-Starter-Kit/CarND-Behavioral-Cloning-P3/dataCW/IMG/center_2017_09_04_12_12_54_560.jpg,/Users/ggcstaff/CarND-Term1-Starter-Kit/CarND-Behavioral-Cloning-P3/dataCW/IMG/left_2017_09_04_12_12_54_560.jpg,/Users/ggcstaff/CarND-Term1-Starter-Kit/CarND-Behavioral-Cloning-P3/dataCW/IMG/right_2017_09_04_12_12_54_560.jpg,0.1566554,1,0,30.19004
/Users/ggcstaff/CarND-Term1-Starter-Kit/CarND-Behavioral-Cloning-P3/dataCW/IMG/center_2017_09_04_12_12_54_629.jpg,/Users/ggcstaff/CarND-Term1-Starter-Kit/CarND-Behavioral-Cloning-P3/dataCW/IMG/left_2017_09_04_12_12_54_629.jpg,/Users/ggcstaff/CarND-Term1-Starter-Kit/CarND-Behavioral-Cloning-P3/dataCW/IMG/right_2017_09_04_12_12_54_629.jpg,0.1566554,1,0,30.18986
/Users/ggcstaff/CarND-Term1-Starter-Kit/CarND-Behavioral-Cloning-P3/dataCW/IMG/center_2017_09_04_12_12_54_699.jpg,/Users/ggcstaff/CarND-Term1-Starter-Kit/CarND-Behavioral-Cloning-P3/dataCW/IMG/left_2017_09_04_12_12_54_699.jpg,/Users/ggcstaff/CarND-Term1-Starter-Kit/CarND-Behavioral-Cloning-P3/dataCW/IMG/right_2017_09_04_12_12_54_699.jpg,0.1500221,1,0,30.19011
/Users/ggcstaff/CarND-Term1-Starter-Kit/CarND-Behavioral-Cloning-P3/dataCW/IMG/center_2017_09_04_12_12_54_767.jpg,/Users/ggcstaff/CarND-Term1-Starter-Kit/CarND-Behavioral-Cloning-P3/dataCW/IMG/left_2017_09_04_12_12_54_767.jpg,/Users/ggcstaff/CarND-Term1-Starter-Kit/CarND-Behavioral-Cloning-P3/dataCW/IMG/right_2017_09_04_12_12_54_767.jpg,0.1234891,1,0,30.19083
/Users/ggcstaff/CarND-Term1-Starter-Kit/CarND-Behavioral-Cloning-P3/dataCW/IMG/center_2017_09_04_12_12_54_836.jpg,/Users/ggcstaff/CarND-Term1-Starter-Kit/CarND-Behavioral-Cloning-P3/dataCW/IMG/left_2017_09_04_12_12_54_836.jpg,/Users/ggcstaff/CarND-Term1-Starter-Kit/CarND-Behavioral-Cloning-P3/dataCW/IMG/right_2017_09_04_12_12_54_836.jpg,0.08700619,1,0,30.19096
/Users/ggcstaff/CarND-Term1-Starter-Kit/CarND-Behavioral-Cloning-P3/dataCW/IMG/center_2017_09_04_12_12_54_906.jpg,/Users/ggcstaff/CarND-Term1-Starter-Kit/CarND-Behavioral-Cloning-P3/dataCW/IMG/left_2017_09_04_12_12_54_906.jpg,/Users/ggcstaff/CarND-Term1-Starter-Kit/CarND-Behavioral-Cloning-P3/dataCW/IMG/right_2017_09_04_12_12_54_906.jpg,0.0637898,1,0,30.19056
/Users/ggcstaff/CarND-Term1-Starter-Kit/CarND-Behavioral-Cloning-P3/dataCW/IMG/center_2017_09_04_12_12_54_977.jpg,/Users/ggcstaff/CarND-Term1-Starter-Kit/CarND-Behavioral-Cloning-P3/dataCW/IMG/left_2017_09_04_12_12_54_977.jpg,/Users/ggcstaff/CarND-Term1-Starter-Kit/CarND-Behavioral-Cloning-P3/dataCW/IMG/right_2017_09_04_12_12_54_977.jpg,0.04720666,1,0,30.1906
/Users/ggcstaff/CarND-Term1-Starter-Kit/CarND-Behavioral-Cloning-P3/dataCW/IMG/center_2017_09_04_12_12_55_047.jpg,/Users/ggcstaff/CarND-Term1-Starter-Kit/CarND-Behavioral-Cloning-P3/dataCW/IMG/left_2017_09_04_12_12_55_047.jpg,/Users/ggcstaff/CarND-Term1-Starter-Kit/CarND-Behavioral-Cloning-P3/dataCW/IMG/right_2017_09_04_12_12_55_047.jpg,0.04389004,1,0,30.19033
/Users/ggcstaff/CarND-Term1-Starter-Kit/CarND-Behavioral-Cloning-P3/dataCW/IMG/center_2017_09_04_12_12_55_117.jpg,/Users/ggcstaff/CarND-Term1-Starter-Kit/CarND-Behavioral-Cloning-P3/dataCW/IMG/left_2017_09_04_12_12_55_117.jpg,/Users/ggcstaff/CarND-Term1-Starter-Kit/CarND-Behavioral-Cloning-P3/dataCW/IMG/right_2017_09_04_12_12_55_117.jpg,0.04389004,1,0,30.19002
/Users/ggcstaff/CarND-Term1-Starter-Kit/CarND-Behavioral-Cloning-P3/dataCW/IMG/center_2017_09_04_12_12_55_191.jpg,/Users/ggcstaff/CarND-Term1-Starter-Kit/CarND-Behavioral-Cloning-P3/dataCW/IMG/left_2017_09_04_12_12_55_191.jpg,/Users/ggcstaff/CarND-Term1-Starter-Kit/CarND-Behavioral-Cloning-P3/dataCW/IMG/right_2017_09_04_12_12_55_191.jpg,0.04389004,1,0,30.19063
/Users/ggcstaff/CarND-Term1-Starter-Kit/CarND-Behavioral-Cloning-P3/dataCW/IMG/center_2017_09_04_12_12_55_260.jpg,/Users/ggcstaff/CarND-Term1-Starter-Kit/CarND-Behavioral-Cloning-P3/dataCW/IMG/left_2017_09_04_12_12_55_260.jpg,/Users/ggcstaff/CarND-Term1-Starter-Kit/CarND-Behavioral-Cloning-P3/dataCW/IMG/right_2017_09_04_12_12_55_260.jpg,0.04389004,1,0,30.19031
/Users/ggcstaff/CarND-Term1-Starter-Kit/CarND-Behavioral-Cloning-P3/dataCW/IMG/center_2017_09_04_12_12_55_327.jpg,/Users/ggcstaff/CarND-Term1-Starter-Kit/CarND-Behavioral-Cloning-P3/dataCW/IMG/left_2017_09_04_12_12_55_327.jpg,/Users/ggcstaff/CarND-Term1-Starter-Kit/CarND-Behavioral-Cloning-P3/dataCW/IMG/right_2017_09_04_12_12_55_327.jpg,0.04389004,1,0,30.19011
/Users/ggcstaff/CarND-Term1-Starter-Kit/CarND-Behavioral-Cloning-P3/dataCW/IMG/center_2017_09_04_12_12_55_397.jpg,/Users/ggcstaff/CarND-Term1-Starter-Kit/CarND-Behavioral-Cloning-P3/dataCW/IMG/left_2017_09_04_12_12_55_397.jpg,/Users/ggcstaff/CarND-Term1-Starter-Kit/CarND-Behavioral-Cloning-P3/dataCW/IMG/right_2017_09_04_12_12_55_397.jpg,0.04389004,1,0,30.19004
/Users/ggcstaff/CarND-Term1-Starter-Kit/CarND-Behavioral-Cloning-P3/dataCW/IMG/center_2017_09_04_12_12_55_466.jpg,/Users/ggcstaff/CarND-Term1-Starter-Kit/CarND-Behavioral-Cloning-P3/dataCW/IMG/left_2017_09_04_12_12_55_466.jpg,/Users/ggcstaff/CarND-Term1-Starter-Kit/CarND-Behavioral-Cloning-P3/dataCW/IMG/right_2017_09_04_12_12_55_466.jpg,0.04389004,1,0,30.1904
/Users/ggcstaff/CarND-Term1-Starter-Kit/CarND-Behavioral-Cloning-P3/dataCW/IMG/center_2017_09_04_12_12_55_535.jpg,/Users/ggcstaff/CarND-Term1-Starter-Kit/CarND-Behavioral-Cloning-P3/dataCW/IMG/left_2017_09_04_12_12_55_535.jpg,/Users/ggcstaff/CarND-Term1-Starter-Kit/CarND-Behavioral-Cloning-P3/dataCW/IMG/right_2017_09_04_12_12_55_535.jpg,0.04389004,1,0,30.19025
/Users/ggcstaff/CarND-Term1-Starter-Kit/CarND-Behavioral-Cloning-P3/dataCW/IMG/center_2017_09_04_12_12_55_618.jpg,/Users/ggcstaff/CarND-Term1-Starter-Kit/CarND-Behavioral-Cloning-P3/dataCW/IMG/left_2017_09_04_12_12_55_618.jpg,/Users/ggcstaff/CarND-Term1-Starter-Kit/CarND-Behavioral-Cloning-P3/dataCW/IMG/right_2017_09_04_12_12_55_618.jpg,0.04389004,1,0,30.19037
/Users/ggcstaff/CarND-Term1-Starter-Kit/CarND-Behavioral-Cloning-P3/dataCW/IMG/center_2017_09_04_12_12_55_685.jpg,/Users/ggcstaff/CarND-Term1-Starter-Kit/CarND-Behavioral-Cloning-P3/dataCW/IMG/left_2017_09_04_12_12_55_685.jpg,/Users/ggcstaff/CarND-Term1-Starter-Kit/CarND-Behavioral-Cloning-P3/dataCW/IMG/right_2017_09_04_12_12_55_685.jpg,0.04389004,1,0,30.19043
/Users/ggcstaff/CarND-Term1-Starter-Kit/CarND-Behavioral-Cloning-P3/dataCW/IMG/center_2017_09_04_12_12_55_754.jpg,/Users/ggcstaff/CarND-Term1-Starter-Kit/CarND-Behavioral-Cloning-P3/dataCW/IMG/left_2017_09_04_12_12_55_754.jpg,/Users/ggcstaff/CarND-Term1-Starter-Kit/CarND-Behavioral-Cloning-P3/dataCW/IMG/right_2017_09_04_12_12_55_754.jpg,0.04389004,1,0,30.19027
/Users/ggcstaff/CarND-Term1-Starter-Kit/CarND-Behavioral-Cloning-P3/dataCW/IMG/center_2017_09_04_12_12_55_821.jpg,/Users/ggcstaff/CarND-Term1-Starter-Kit/CarND-Behavioral-Cloning-P3/dataCW/IMG/left_2017_09_04_12_12_55_821.jpg,/Users/ggcstaff/CarND-Term1-Starter-Kit/CarND-Behavioral-Cloning-P3/dataCW/IMG/right_2017_09_04_12_12_55_821.jpg,0.04389004,1,0,30.19019
/Users/ggcstaff/CarND-Term1-Starter-Kit/CarND-Behavioral-Cloning-P3/dataCW/IMG/center_2017_09_04_12_12_55_890.jpg,/Users/ggcstaff/CarND-Term1-Starter-Kit/CarND-Behavioral-Cloning-P3/dataCW/IMG/left_2017_09_04_12_12_55_890.jpg,/Users/ggcstaff/CarND-Term1-Starter-Kit/CarND-Behavioral-Cloning-P3/dataCW/IMG/right_2017_09_04_12_12_55_890.jpg,0.04389004,1,0,30.19016
/Users/ggcstaff/CarND-Term1-Starter-Kit/CarND-Behavioral-Cloning-P3/dataCW/IMG/center_2017_09_04_12_12_55_958.jpg,/Users/ggcstaff/CarND-Term1-Starter-Kit/CarND-Behavioral-Cloning-P3/dataCW/IMG/left_2017_09_04_12_12_55_958.jpg,/Users/ggcstaff/CarND-Term1-Starter-Kit/CarND-Behavioral-Cloning-P3/dataCW/IMG/right_2017_09_04_12_12_55_958.jpg,0.04389004,1,0,30.19041
/Users/ggcstaff/CarND-Term1-Starter-Kit/CarND-Behavioral-Cloning-P3/dataCW/IMG/center_2017_09_04_12_12_56_027.jpg,/Users/ggcstaff/CarND-Term1-Starter-Kit/CarND-Behavioral-Cloning-P3/dataCW/IMG/left_2017_09_04_12_12_56_027.jpg,/Users/ggcstaff/CarND-Term1-Starter-Kit/CarND-Behavioral-Cloning-P3/dataCW/IMG/right_2017_09_04_12_12_56_027.jpg,0.04389004,1,0,30.19028
/Users/ggcstaff/CarND-Term1-Starter-Kit/CarND-Behavioral-Cloning-P3/dataCW/IMG/center_2017_09_04_12_12_56_094.jpg,/Users/ggcstaff/CarND-Term1-Starter-Kit/CarND-Behavioral-Cloning-P3/dataCW/IMG/left_2017_09_04_12_12_56_094.jpg,/Users/ggcstaff/CarND-Term1-Starter-Kit/CarND-Behavioral-Cloning-P3/dataCW/IMG/right_2017_09_04_12_12_56_094.jpg,0.04389004,1,0,30.18946
/Users/ggcstaff/CarND-Term1-Starter-Kit/CarND-Behavioral-Cloning-P3/dataCW/IMG/center_2017_09_04_12_12_56_168.jpg,/Users/ggcstaff/CarND-Term1-Starter-Kit/CarND-Behavioral-Cloning-P3/dataCW/IMG/left_2017_09_04_12_12_56_168.jpg,/Users/ggcstaff/CarND-Term1-Starter-Kit/CarND-Behavioral-Cloning-P3/dataCW/IMG/right_2017_09_04_12_12_56_168.jpg,0.04389004,1,0,30.19045
/Users/ggcstaff/CarND-Term1-Starter-Kit/CarND-Behavioral-Cloning-P3/dataCW/IMG/center_2017_09_04_12_12_56_235.jpg,/Users/ggcstaff/CarND-Term1-Starter-Kit/CarND-Behavioral-Cloning-P3/dataCW/IMG/left_2017_09_04_12_12_56_235.jpg,/Users/ggcstaff/CarND-Term1-Starter-Kit/CarND-Behavioral-Cloning-P3/dataCW/IMG/right_2017_09_04_12_12_56_235.jpg,0.04389004,1,0,30.1903
/Users/ggcstaff/CarND-Term1-Starter-Kit/CarND-Behavioral-Cloning-P3/dataCW/IMG/center_2017_09_04_12_12_56_303.jpg,/Users/ggcstaff/CarND-Term1-Starter-Kit/CarND-Behavioral-Cloning-P3/dataCW/IMG/left_2017_09_04_12_12_56_303.jpg,/Users/ggcstaff/CarND-Term1-Starter-Kit/CarND-Behavioral-Cloning-P3/dataCW/IMG/right_2017_09_04_12_12_56_303.jpg,0.04389004,1,0,30.19026
/Users/ggcstaff/CarND-Term1-Starter-Kit/CarND-Behavioral-Cloning-P3/dataCW/IMG/center_2017_09_04_12_12_56_371.jpg,/Users/ggcstaff/CarND-Term1-Starter-Kit/CarND-Behavioral-Cloning-P3/dataCW/IMG/left_2017_09_04_12_12_56_371.jpg,/Users/ggcstaff/CarND-Term1-Starter-Kit/CarND-Behavioral-Cloning-P3/dataCW/IMG/right_2017_09_04_12_12_56_371.jpg,0.04389004,1,0,30.19021
/Users/ggcstaff/CarND-Term1-Starter-Kit/CarND-Behavioral-Cloning-P3/dataCW/IMG/center_2017_09_04_12_12_56_440.jpg,/Users/ggcstaff/CarND-Term1-Starter-Kit/CarND-Behavioral-Cloning-P3/dataCW/IMG/left_2017_09_04_12_12_56_440.jpg,/Users/ggcstaff/CarND-Term1-Starter-Kit/CarND-Behavioral-Cloning-P3/dataCW/IMG/right_2017_09_04_12_12_56_440.jpg,0.04389004,1,0,30.18968
/Users/ggcstaff/CarND-Term1-Starter-Kit/CarND-Behavioral-Cloning-P3/dataCW/IMG/center_2017_09_04_12_12_56_518.jpg,/Users/ggcstaff/CarND-Term1-Starter-Kit/CarND-Behavioral-Cloning-P3/dataCW/IMG/left_2017_09_04_12_12_56_518.jpg,/Users/ggcstaff/CarND-Term1-Starter-Kit/CarND-Behavioral-Cloning-P3/dataCW/IMG/right_2017_09_04_12_12_56_518.jpg,0.04389004,1,0,30.19038
/Users/ggcstaff/CarND-Term1-Starter-Kit/CarND-Behavioral-Cloning-P3/dataCW/IMG/center_2017_09_04_12_12_56_584.jpg,/Users/ggcstaff/CarND-Term1-Starter-Kit/CarND-Behavioral-Cloning-P3/dataCW/IMG/left_2017_09_04_12_12_56_584.jpg,/Users/ggcstaff/CarND-Term1-Starter-Kit/CarND-Behavioral-Cloning-P3/dataCW/IMG/right_2017_09_04_12_12_56_584.jpg,0.04389004,1,0,30.19031
/Users/ggcstaff/CarND-Term1-Starter-Kit/CarND-Behavioral-Cloning-P3/dataCW/IMG/center_2017_09_04_12_12_56_652.jpg,/Users/ggcstaff/CarND-Term1-Starter-Kit/CarND-Behavioral-Cloning-P3/dataCW/IMG/left_2017_09_04_12_12_56_652.jpg,/Users/ggcstaff/CarND-Term1-Starter-Kit/CarND-Behavioral-Cloning-P3/dataCW/IMG/right_2017_09_04_12_12_56_652.jpg,0.04389004,1,0,30.1895
/Users/ggcstaff/CarND-Term1-Starter-Kit/CarND-Behavioral-Cloning-P3/dataCW/IMG/center_2017_09_04_12_12_56_719.jpg,/Users/ggcstaff/CarND-Term1-Starter-Kit/CarND-Behavioral-Cloning-P3/dataCW/IMG/left_2017_09_04_12_12_56_719.jpg,/Users/ggcstaff/CarND-Term1-Starter-Kit/CarND-Behavioral-Cloning-P3/dataCW/IMG/right_2017_09_04_12_12_56_719.jpg,0.04389004,1,0,30.1904
/Users/ggcstaff/CarND-Term1-Starter-Kit/CarND-Behavioral-Cloning-P3/dataCW/IMG/center_2017_09_04_12_12_56_788.jpg,/Users/ggcstaff/CarND-Term1-Starter-Kit/CarND-Behavioral-Cloning-P3/dataCW/IMG/left_2017_09_04_12_12_56_788.jpg,/Users/ggcstaff/CarND-Term1-Starter-Kit/CarND-Behavioral-Cloning-P3/dataCW/IMG/right_2017_09_04_12_12_56_788.jpg,0.04389004,1,0,30.19025
/Users/ggcstaff/CarND-Term1-Starter-Kit/CarND-Behavioral-Cloning-P3/dataCW/IMG/center_2017_09_04_12_12_56_855.jpg,/Users/ggcstaff/CarND-Term1-Starter-Kit/CarND-Behavioral-Cloning-P3/dataCW/IMG/left_2017_09_04_12_12_56_855.jpg,/Users/ggcstaff/CarND-Term1-Starter-Kit/CarND-Behavioral-Cloning-P3/dataCW/IMG/right_2017_09_04_12_12_56_855.jpg,0.04057341,1,0,30.19028
/Users/ggcstaff/CarND-Term1-Starter-Kit/CarND-Behavioral-Cloning-P3/dataCW/IMG/center_2017_09_04_12_12_56_922.jpg,/Users/ggcstaff/CarND-Term1-Starter-Kit/CarND-Behavioral-Cloning-P3/dataCW/IMG/left_2017_09_04_12_12_56_922.jpg,/Users/ggcstaff/CarND-Term1-Starter-Kit/CarND-Behavioral-Cloning-P3/dataCW/IMG/right_2017_09_04_12_12_56_922.jpg,0.01735702,1,0,30.19036
/Users/ggcstaff/CarND-Term1-Starter-Kit/CarND-Behavioral-Cloning-P3/dataCW/IMG/center_2017_09_04_12_12_56_989.jpg,/Users/ggcstaff/CarND-Term1-Starter-Kit/CarND-Behavioral-Cloning-P3/dataCW/IMG/left_2017_09_04_12_12_56_989.jpg,/Users/ggcstaff/CarND-Term1-Starter-Kit/CarND-Behavioral-Cloning-P3/dataCW/IMG/right_2017_09_04_12_12_56_989.jpg,0.007407134,1,0,30.19023
/Users/ggcstaff/CarND-Term1-Starter-Kit/CarND-Behavioral-Cloning-P3/dataCW/IMG/center_2017_09_04_12_12_57_057.jpg,/Users/ggcstaff/CarND-Term1-Starter-Kit/CarND-Behavioral-Cloning-P3/dataCW/IMG/left_2017_09_04_12_12_57_057.jpg,/Users/ggcstaff/CarND-Term1-Starter-Kit/CarND-Behavioral-Cloning-P3/dataCW/IMG/right_2017_09_04_12_12_57_057.jpg,0.0007738798,1,0,30.18996
/Users/ggcstaff/CarND-Term1-Starter-Kit/CarND-Behavioral-Cloning-P3/dataCW/IMG/center_2017_09_04_12_12_57_126.jpg,/Users/ggcstaff/CarND-Term1-Starter-Kit/CarND-Behavioral-Cloning-P3/dataCW/IMG/left_2017_09_04_12_12_57_126.jpg,/Users/ggcstaff/CarND-Term1-Starter-Kit/CarND-Behavioral-Cloning-P3/dataCW/IMG/right_2017_09_04_12_12_57_126.jpg,-0.002542748,1,0,30.19034
/Users/ggcstaff/CarND-Term1-Starter-Kit/CarND-Behavioral-Cloning-P3/dataCW/IMG/center_2017_09_04_12_12_57_194.jpg,/Users/ggcstaff/CarND-Term1-Starter-Kit/CarND-Behavioral-Cloning-P3/dataCW/IMG/left_2017_09_04_12_12_57_194.jpg,/Users/ggcstaff/CarND-Term1-Starter-Kit/CarND-Behavioral-Cloning-P3/dataCW/IMG/right_2017_09_04_12_12_57_194.jpg,-0.01249263,1,0,30.19025
/Users/ggcstaff/CarND-Term1-Starter-Kit/CarND-Behavioral-Cloning-P3/dataCW/IMG/center_2017_09_04_12_12_57_262.jpg,/Users/ggcstaff/CarND-Term1-Starter-Kit/CarND-Behavioral-Cloning-P3/dataCW/IMG/left_2017_09_04_12_12_57_262.jpg,/Users/ggcstaff/CarND-Term1-Starter-Kit/CarND-Behavioral-Cloning-P3/dataCW/IMG/right_2017_09_04_12_12_57_262.jpg,-0.01249263,1,0,30.18991
/Users/ggcstaff/CarND-Term1-Starter-Kit/CarND-Behavioral-Cloning-P3/dataCW/IMG/center_2017_09_04_12_12_57_329.jpg,/Users/ggcstaff/CarND-Term1-Starter-Kit/CarND-Behavioral-Cloning-P3/dataCW/IMG/left_2017_09_04_12_12_57_329.jpg,/Users/ggcstaff/CarND-Term1-Starter-Kit/CarND-Behavioral-Cloning-P3/dataCW/IMG/right_2017_09_04_12_12_57_329.jpg,-0.01249263,1,0,30.19032
/Users/ggcstaff/CarND-Term1-Starter-Kit/CarND-Behavioral-Cloning-P3/dataCW/IMG/center_2017_09_04_12_12_57_397.jpg,/Users/ggcstaff/CarND-Term1-Starter-Kit/CarND-Behavioral-Cloning-P3/dataCW/IMG/left_2017_09_04_12_12_57_397.jpg,/Users/ggcstaff/CarND-Term1-Starter-Kit/CarND-Behavioral-Cloning-P3/dataCW/IMG/right_2017_09_04_12_12_57_397.jpg,-0.01249263,1,0,30.19031
/Users/ggcstaff/CarND-Term1-Starter-Kit/CarND-Behavioral-Cloning-P3/dataCW/IMG/center_2017_09_04_12_12_57_464.jpg,/Users/ggcstaff/CarND-Term1-Starter-Kit/CarND-Behavioral-Cloning-P3/dataCW/IMG/left_2017_09_04_12_12_57_464.jpg,/Users/ggcstaff/CarND-Term1-Starter-Kit/CarND-Behavioral-Cloning-P3/dataCW/IMG/right_2017_09_04_12_12_57_464.jpg,-0.01249263,1,0,30.1903
/Users/ggcstaff/CarND-Term1-Starter-Kit/CarND-Behavioral-Cloning-P3/dataCW/IMG/center_2017_09_04_12_12_57_534.jpg,/Users/ggcstaff/CarND-Term1-Starter-Kit/CarND-Behavioral-Cloning-P3/dataCW/IMG/left_2017_09_04_12_12_57_534.jpg,/Users/ggcstaff/CarND-Term1-Starter-Kit/CarND-Behavioral-Cloning-P3/dataCW/IMG/right_2017_09_04_12_12_57_534.jpg,-0.01249263,1,0,30.19023
/Users/ggcstaff/CarND-Term1-Starter-Kit/CarND-Behavioral-Cloning-P3/dataCW/IMG/center_2017_09_04_12_12_57_602.jpg,/Users/ggcstaff/CarND-Term1-Starter-Kit/CarND-Behavioral-Cloning-P3/dataCW/IMG/left_2017_09_04_12_12_57_602.jpg,/Users/ggcstaff/CarND-Term1-Starter-Kit/CarND-Behavioral-Cloning-P3/dataCW/IMG/right_2017_09_04_12_12_57_602.jpg,-0.01249263,1,0,30.19027
/Users/ggcstaff/CarND-Term1-Starter-Kit/CarND-Behavioral-Cloning-P3/dataCW/IMG/center_2017_09_04_12_12_57_669.jpg,/Users/ggcstaff/CarND-Term1-Starter-Kit/CarND-Behavioral-Cloning-P3/dataCW/IMG/left_2017_09_04_12_12_57_669.jpg,/Users/ggcstaff/CarND-Term1-Starter-Kit/CarND-Behavioral-Cloning-P3/dataCW/IMG/right_2017_09_04_12_12_57_669.jpg,-0.01249263,1,0,30.19029
/Users/ggcstaff/CarND-Term1-Starter-Kit/CarND-Behavioral-Cloning-P3/dataCW/IMG/center_2017_09_04_12_12_57_738.jpg,/Users/ggcstaff/CarND-Term1-Starter-Kit/CarND-Behavioral-Cloning-P3/dataCW/IMG/left_2017_09_04_12_12_57_738.jpg,/Users/ggcstaff/CarND-Term1-Starter-Kit/CarND-Behavioral-Cloning-P3/dataCW/IMG/right_2017_09_04_12_12_57_738.jpg,0.00390625,1,0,30.19029
/Users/ggcstaff/CarND-Term1-Starter-Kit/CarND-Behavioral-Cloning-P3/dataCW/IMG/center_2017_09_04_12_12_57_812.jpg,/Users/ggcstaff/CarND-Term1-Starter-Kit/CarND-Behavioral-Cloning-P3/dataCW/IMG/left_2017_09_04_12_12_57_812.jpg,/Users/ggcstaff/CarND-Term1-Starter-Kit/CarND-Behavioral-Cloning-P3/dataCW/IMG/right_2017_09_04_12_12_57_812.jpg,0.02686468,1,0,30.19007
/Users/ggcstaff/CarND-Term1-Starter-Kit/CarND-Behavioral-Cloning-P3/dataCW/IMG/center_2017_09_04_12_12_57_880.jpg,/Users/ggcstaff/CarND-Term1-Starter-Kit/CarND-Behavioral-Cloning-P3/dataCW/IMG/left_2017_09_04_12_12_57_880.jpg,/Users/ggcstaff/CarND-Term1-Starter-Kit/CarND-Behavioral-Cloning-P3/dataCW/IMG/right_2017_09_04_12_12_57_880.jpg,0.02686468,1,0,30.19015
/Users/ggcstaff/CarND-Term1-Starter-Kit/CarND-Behavioral-Cloning-P3/dataCW/IMG/center_2017_09_04_12_12_57_969.jpg,/Users/ggcstaff/CarND-Term1-Starter-Kit/CarND-Behavioral-Cloning-P3/dataCW/IMG/left_2017_09_04_12_12_57_969.jpg,/Users/ggcstaff/CarND-Term1-Starter-Kit/CarND-Behavioral-Cloning-P3/dataCW/IMG/right_2017_09_04_12_12_57_969.jpg,0.02686468,1,0,30.19022
/Users/ggcstaff/CarND-Term1-Starter-Kit/CarND-Behavioral-Cloning-P3/dataCW/IMG/center_2017_09_04_12_12_58_038.jpg,/Users/ggcstaff/CarND-Term1-Starter-Kit/CarND-Behavioral-Cloning-P3/dataCW/IMG/left_2017_09_04_12_12_58_038.jpg,/Users/ggcstaff/CarND-Term1-Starter-Kit/CarND-Behavioral-Cloning-P3/dataCW/IMG/right_2017_09_04_12_12_58_038.jpg,0.02686468,1,0,30.19025
/Users/ggcstaff/CarND-Term1-Starter-Kit/CarND-Behavioral-Cloning-P3/dataCW/IMG/center_2017_09_04_12_12_58_105.jpg,/Users/ggcstaff/CarND-Term1-Starter-Kit/CarND-Behavioral-Cloning-P3/dataCW/IMG/left_2017_09_04_12_12_58_105.jpg,/Users/ggcstaff/CarND-Term1-Starter-Kit/CarND-Behavioral-Cloning-P3/dataCW/IMG/right_2017_09_04_12_12_58_105.jpg,0.02686468,1,0,30.19026
/Users/ggcstaff/CarND-Term1-Starter-Kit/CarND-Behavioral-Cloning-P3/dataCW/IMG/center_2017_09_04_12_12_58_188.jpg,/Users/ggcstaff/CarND-Term1-Starter-Kit/CarND-Behavioral-Cloning-P3/dataCW/IMG/left_2017_09_04_12_12_58_188.jpg,/Users/ggcstaff/CarND-Term1-Starter-Kit/CarND-Behavioral-Cloning-P3/dataCW/IMG/right_2017_09_04_12_12_58_188.jpg,0.02686468,1,0,30.19028
/Users/ggcstaff/CarND-Term1-Starter-Kit/CarND-Behavioral-Cloning-P3/dataCW/IMG/center_2017_09_04_12_12_58_257.jpg,/Users/ggcstaff/CarND-Term1-Starter-Kit/CarND-Behavioral-Cloning-P3/dataCW/IMG/left_2017_09_04_12_12_58_257.jpg,/Users/ggcstaff/CarND-Term1-Starter-Kit/CarND-Behavioral-Cloning-P3/dataCW/IMG/right_2017_09_04_12_12_58_257.jpg,0.02686468,1,0,30.19028
/Users/ggcstaff/CarND-Term1-Starter-Kit/CarND-Behavioral-Cloning-P3/dataCW/IMG/center_2017_09_04_12_12_58_326.jpg,/Users/ggcstaff/CarND-Term1-Starter-Kit/CarND-Behavioral-Cloning-P3/dataCW/IMG/left_2017_09_04_12_12_58_326.jpg,/Users/ggcstaff/CarND-Term1-Starter-Kit/CarND-Behavioral-Cloning-P3/dataCW/IMG/right_2017_09_04_12_12_58_326.jpg,0.02686468,1,0,30.0778
/Users/ggcstaff/CarND-Term1-Starter-Kit/CarND-Behavioral-Cloning-P3/dataCW/IMG/center_2017_09_04_12_12_58_402.jpg,/Users/ggcstaff/CarND-Term1-Starter-Kit/CarND-Behavioral-Cloning-P3/dataCW/IMG/left_2017_09_04_12_12_58_402.jpg,/Users/ggcstaff/CarND-Term1-Starter-Kit/CarND-Behavioral-Cloning-P3/dataCW/IMG/right_2017_09_04_12_12_58_402.jpg,0.02686468,1,0,30.1822
/Users/ggcstaff/CarND-Term1-Starter-Kit/CarND-Behavioral-Cloning-P3/dataCW/IMG/center_2017_09_04_12_12_58_473.jpg,/Users/ggcstaff/CarND-Term1-Starter-Kit/CarND-Behavioral-Cloning-P3/dataCW/IMG/left_2017_09_04_12_12_58_473.jpg,/Users/ggcstaff/CarND-Term1-Starter-Kit/CarND-Behavioral-Cloning-P3/dataCW/IMG/right_2017_09_04_12_12_58_473.jpg,0.02686468,1,0,30.18394
/Users/ggcstaff/CarND-Term1-Starter-Kit/CarND-Behavioral-Cloning-P3/dataCW/IMG/center_2017_09_04_12_12_58_542.jpg,/Users/ggcstaff/CarND-Term1-Starter-Kit/CarND-Behavioral-Cloning-P3/dataCW/IMG/left_2017_09_04_12_12_58_542.jpg,/Users/ggcstaff/CarND-Term1-Starter-Kit/CarND-Behavioral-Cloning-P3/dataCW/IMG/right_2017_09_04_12_12_58_542.jpg,0.02686468,1,0,30.07252
/Users/ggcstaff/CarND-Term1-Starter-Kit/CarND-Behavioral-Cloning-P3/dataCW/IMG/center_2017_09_04_12_12_58_611.jpg,/Users/ggcstaff/CarND-Term1-Starter-Kit/CarND-Behavioral-Cloning-P3/dataCW/IMG/left_2017_09_04_12_12_58_611.jpg,/Users/ggcstaff/CarND-Term1-Starter-Kit/CarND-Behavioral-Cloning-P3/dataCW/IMG/right_2017_09_04_12_12_58_611.jpg,0.02686468,1,0,30.20737
/Users/ggcstaff/CarND-Term1-Starter-Kit/CarND-Behavioral-Cloning-P3/dataCW/IMG/center_2017_09_04_12_12_58_679.jpg,/Users/ggcstaff/CarND-Term1-Starter-Kit/CarND-Behavioral-Cloning-P3/dataCW/IMG/left_2017_09_04_12_12_58_679.jpg,/Users/ggcstaff/CarND-Term1-Starter-Kit/CarND-Behavioral-Cloning-P3/dataCW/IMG/right_2017_09_04_12_12_58_679.jpg,0.02023143,1,0,30.18765
/Users/ggcstaff/CarND-Term1-Starter-Kit/CarND-Behavioral-Cloning-P3/dataCW/IMG/center_2017_09_04_12_12_58_747.jpg,/Users/ggcstaff/CarND-Term1-Starter-Kit/CarND-Behavioral-Cloning-P3/dataCW/IMG/left_2017_09_04_12_12_58_747.jpg,/Users/ggcstaff/CarND-Term1-Starter-Kit/CarND-Behavioral-Cloning-P3/dataCW/IMG/right_2017_09_04_12_12_58_747.jpg,0.02023143,1,0,30.18955
/Users/ggcstaff/CarND-Term1-Starter-Kit/CarND-Behavioral-Cloning-P3/dataCW/IMG/center_2017_09_04_12_12_58_814.jpg,/Users/ggcstaff/CarND-Term1-Starter-Kit/CarND-Behavioral-Cloning-P3/dataCW/IMG/left_2017_09_04_12_12_58_814.jpg,/Users/ggcstaff/CarND-Term1-Starter-Kit/CarND-Behavioral-Cloning-P3/dataCW/IMG/right_2017_09_04_12_12_58_814.jpg,0.02023143,1,0,30.19032
/Users/ggcstaff/CarND-Term1-Starter-Kit/CarND-Behavioral-Cloning-P3/dataCW/IMG/center_2017_09_04_12_12_58_882.jpg,/Users/ggcstaff/CarND-Term1-Starter-Kit/CarND-Behavioral-Cloning-P3/dataCW/IMG/left_2017_09_04_12_12_58_882.jpg,/Users/ggcstaff/CarND-Term1-Starter-Kit/CarND-Behavioral-Cloning-P3/dataCW/IMG/right_2017_09_04_12_12_58_882.jpg,0.02023143,1,0,30.19051
/Users/ggcstaff/CarND-Term1-Starter-Kit/CarND-Behavioral-Cloning-P3/dataCW/IMG/center_2017_09_04_12_12_58_954.jpg,/Users/ggcstaff/CarND-Term1-Starter-Kit/CarND-Behavioral-Cloning-P3/dataCW/IMG/left_2017_09_04_12_12_58_954.jpg,/Users/ggcstaff/CarND-Term1-Starter-Kit/CarND-Behavioral-Cloning-P3/dataCW/IMG/right_2017_09_04_12_12_58_954.jpg,0.02023143,1,0,30.19056
/Users/ggcstaff/CarND-Term1-Starter-Kit/CarND-Behavioral-Cloning-P3/dataCW/IMG/center_2017_09_04_12_12_59_023.jpg,/Users/ggcstaff/CarND-Term1-Starter-Kit/CarND-Behavioral-Cloning-P3/dataCW/IMG/left_2017_09_04_12_12_59_023.jpg,/Users/ggcstaff/CarND-Term1-Starter-Kit/CarND-Behavioral-Cloning-P3/dataCW/IMG/right_2017_09_04_12_12_59_023.jpg,0.02023143,1,0,30.19059
/Users/ggcstaff/CarND-Term1-Starter-Kit/CarND-Behavioral-Cloning-P3/dataCW/IMG/center_2017_09_04_12_12_59_093.jpg,/Users/ggcstaff/CarND-Term1-Starter-Kit/CarND-Behavioral-Cloning-P3/dataCW/IMG/left_2017_09_04_12_12_59_093.jpg,/Users/ggcstaff/CarND-Term1-Starter-Kit/CarND-Behavioral-Cloning-P3/dataCW/IMG/right_2017_09_04_12_12_59_093.jpg,0.02023143,1,0,30.19058
/Users/ggcstaff/CarND-Term1-Starter-Kit/CarND-Behavioral-Cloning-P3/dataCW/IMG/center_2017_09_04_12_12_59_160.jpg,/Users/ggcstaff/CarND-Term1-Starter-Kit/CarND-Behavioral-Cloning-P3/dataCW/IMG/left_2017_09_04_12_12_59_160.jpg,/Users/ggcstaff/CarND-Term1-Starter-Kit/CarND-Behavioral-Cloning-P3/dataCW/IMG/right_2017_09_04_12_12_59_160.jpg,0.02023143,1,0,30.19056
/Users/ggcstaff/CarND-Term1-Starter-Kit/CarND-Behavioral-Cloning-P3/dataCW/IMG/center_2017_09_04_12_12_59_227.jpg,/Users/ggcstaff/CarND-Term1-Starter-Kit/CarND-Behavioral-Cloning-P3/dataCW/IMG/left_2017_09_04_12_12_59_227.jpg,/Users/ggcstaff/CarND-Term1-Starter-Kit/CarND-Behavioral-Cloning-P3/dataCW/IMG/right_2017_09_04_12_12_59_227.jpg,0.02023143,1,0,30.19057
/Users/ggcstaff/CarND-Term1-Starter-Kit/CarND-Behavioral-Cloning-P3/dataCW/IMG/center_2017_09_04_12_12_59_297.jpg,/Users/ggcstaff/CarND-Term1-Starter-Kit/CarND-Behavioral-Cloning-P3/dataCW/IMG/left_2017_09_04_12_12_59_297.jpg,/Users/ggcstaff/CarND-Term1-Starter-Kit/CarND-Behavioral-Cloning-P3/dataCW/IMG/right_2017_09_04_12_12_59_297.jpg,0.0235112,1,0,30.19054
/Users/ggcstaff/CarND-Term1-Starter-Kit/CarND-Behavioral-Cloning-P3/dataCW/IMG/center_2017_09_04_12_12_59_365.jpg,/Users/ggcstaff/CarND-Term1-Starter-Kit/CarND-Behavioral-Cloning-P3/dataCW/IMG/left_2017_09_04_12_12_59_365.jpg,/Users/ggcstaff/CarND-Term1-Starter-Kit/CarND-Behavioral-Cloning-P3/dataCW/IMG/right_2017_09_04_12_12_59_365.jpg,0.03335053,1,0,30.1905
/Users/ggcstaff/CarND-Term1-Starter-Kit/CarND-Behavioral-Cloning-P3/dataCW/IMG/center_2017_09_04_12_12_59_433.jpg,/Users/ggcstaff/CarND-Term1-Starter-Kit/CarND-Behavioral-Cloning-P3/dataCW/IMG/left_2017_09_04_12_12_59_433.jpg,/Users/ggcstaff/CarND-Term1-Starter-Kit/CarND-Behavioral-Cloning-P3/dataCW/IMG/right_2017_09_04_12_12_59_433.jpg,0.03663031,1,0,30.1905
/Users/ggcstaff/CarND-Term1-Starter-Kit/CarND-Behavioral-Cloning-P3/dataCW/IMG/center_2017_09_04_12_12_59_504.jpg,/Users/ggcstaff/CarND-Term1-Starter-Kit/CarND-Behavioral-Cloning-P3/dataCW/IMG/left_2017_09_04_12_12_59_504.jpg,/Users/ggcstaff/CarND-Term1-Starter-Kit/CarND-Behavioral-Cloning-P3/dataCW/IMG/right_2017_09_04_12_12_59_504.jpg,0.03663031,1,0,30.19052
/Users/ggcstaff/CarND-Term1-Starter-Kit/CarND-Behavioral-Cloning-P3/dataCW/IMG/center_2017_09_04_12_12_59_574.jpg,/Users/ggcstaff/CarND-Term1-Starter-Kit/CarND-Behavioral-Cloning-P3/dataCW/IMG/left_2017_09_04_12_12_59_574.jpg,/Users/ggcstaff/CarND-Term1-Starter-Kit/CarND-Behavioral-Cloning-P3/dataCW/IMG/right_2017_09_04_12_12_59_574.jpg,0.03663031,1,0,30.19053
/Users/ggcstaff/CarND-Term1-Starter-Kit/CarND-Behavioral-Cloning-P3/dataCW/IMG/center_2017_09_04_12_12_59_654.jpg,/Users/ggcstaff/CarND-Term1-Starter-Kit/CarND-Behavioral-Cloning-P3/dataCW/IMG/left_2017_09_04_12_12_59_654.jpg,/Users/ggcstaff/CarND-Term1-Starter-Kit/CarND-Behavioral-Cloning-P3/dataCW/IMG/right_2017_09_04_12_12_59_654.jpg,0.02004717,1,0,30.19064
/Users/ggcstaff/CarND-Term1-Starter-Kit/CarND-Behavioral-Cloning-P3/dataCW/IMG/center_2017_09_04_12_12_59_721.jpg,/Users/ggcstaff/CarND-Term1-Starter-Kit/CarND-Behavioral-Cloning-P3/dataCW/IMG/left_2017_09_04_12_12_59_721.jpg,/Users/ggcstaff/CarND-Term1-Starter-Kit/CarND-Behavioral-Cloning-P3/dataCW/IMG/right_2017_09_04_12_12_59_721.jpg,0.01673054,1,0,30.19064
/Users/ggcstaff/CarND-Term1-Starter-Kit/CarND-Behavioral-Cloning-P3/dataCW/IMG/center_2017_09_04_12_12_59_788.jpg,/Users/ggcstaff/CarND-Term1-Starter-Kit/CarND-Behavioral-Cloning-P3/dataCW/IMG/left_2017_09_04_12_12_59_788.jpg,/Users/ggcstaff/CarND-Term1-Starter-Kit/CarND-Behavioral-Cloning-P3/dataCW/IMG/right_2017_09_04_12_12_59_788.jpg,0.01673054,1,0,30.19065
/Users/ggcstaff/CarND-Term1-Starter-Kit/CarND-Behavioral-Cloning-P3/dataCW/IMG/center_2017_09_04_12_12_59_855.jpg,/Users/ggcstaff/CarND-Term1-Starter-Kit/CarND-Behavioral-Cloning-P3/dataCW/IMG/left_2017_09_04_12_12_59_855.jpg,/Users/ggcstaff/CarND-Term1-Starter-Kit/CarND-Behavioral-Cloning-P3/dataCW/IMG/right_2017_09_04_12_12_59_855.jpg,0.01673054,1,0,30.19064
/Users/ggcstaff/CarND-Term1-Starter-Kit/CarND-Behavioral-Cloning-P3/dataCW/IMG/center_2017_09_04_12_12_59_923.jpg,/Users/ggcstaff/CarND-Term1-Starter-Kit/CarND-Behavioral-Cloning-P3/dataCW/IMG/left_2017_09_04_12_12_59_923.jpg,/Users/ggcstaff/CarND-Term1-Starter-Kit/CarND-Behavioral-Cloning-P3/dataCW/IMG/right_2017_09_04_12_12_59_923.jpg,0.01673054,1,0,30.19063
/Users/ggcstaff/CarND-Term1-Starter-Kit/CarND-Behavioral-Cloning-P3/dataCW/IMG/center_2017_09_04_12_12_59_993.jpg,/Users/ggcstaff/CarND-Term1-Starter-Kit/CarND-Behavioral-Cloning-P3/dataCW/IMG/left_2017_09_04_12_12_59_993.jpg,/Users/ggcstaff/CarND-Term1-Starter-Kit/CarND-Behavioral-Cloning-P3/dataCW/IMG/right_2017_09_04_12_12_59_993.jpg,0.01673054,1,0,30.19065
/Users/ggcstaff/CarND-Term1-Starter-Kit/CarND-Behavioral-Cloning-P3/dataCW/IMG/center_2017_09_04_12_13_00_062.jpg,/Users/ggcstaff/CarND-Term1-Starter-Kit/CarND-Behavioral-Cloning-P3/dataCW/IMG/left_2017_09_04_12_13_00_062.jpg,/Users/ggcstaff/CarND-Term1-Starter-Kit/CarND-Behavioral-Cloning-P3/dataCW/IMG/right_2017_09_04_12_13_00_062.jpg,0.01673054,1,0,30.19063
/Users/ggcstaff/CarND-Term1-Starter-Kit/CarND-Behavioral-Cloning-P3/dataCW/IMG/center_2017_09_04_12_13_00_129.jpg,/Users/ggcstaff/CarND-Term1-Starter-Kit/CarND-Behavioral-Cloning-P3/dataCW/IMG/left_2017_09_04_12_13_00_129.jpg,/Users/ggcstaff/CarND-Term1-Starter-Kit/CarND-Behavioral-Cloning-P3/dataCW/IMG/right_2017_09_04_12_13_00_129.jpg,0.01673054,1,0,30.19067
/Users/ggcstaff/CarND-Term1-Starter-Kit/CarND-Behavioral-Cloning-P3/dataCW/IMG/center_2017_09_04_12_13_00_203.jpg,/Users/ggcstaff/CarND-Term1-Starter-Kit/CarND-Behavioral-Cloning-P3/dataCW/IMG/left_2017_09_04_12_13_00_203.jpg,/Users/ggcstaff/CarND-Term1-Starter-Kit/CarND-Behavioral-Cloning-P3/dataCW/IMG/right_2017_09_04_12_13_00_203.jpg,0.01673054,1,0,30.19066
/Users/ggcstaff/CarND-Term1-Starter-Kit/CarND-Behavioral-Cloning-P3/dataCW/IMG/center_2017_09_04_12_13_00_271.jpg,/Users/ggcstaff/CarND-Term1-Starter-Kit/CarND-Behavioral-Cloning-P3/dataCW/IMG/left_2017_09_04_12_13_00_271.jpg,/Users/ggcstaff/CarND-Term1-Starter-Kit/CarND-Behavioral-Cloning-P3/dataCW/IMG/right_2017_09_04_12_13_00_271.jpg,0.01673054,1,0,30.19065
/Users/ggcstaff/CarND-Term1-Starter-Kit/CarND-Behavioral-Cloning-P3/dataCW/IMG/center_2017_09_04_12_13_00_338.jpg,/Users/ggcstaff/CarND-Term1-Starter-Kit/CarND-Behavioral-Cloning-P3/dataCW/IMG/left_2017_09_04_12_13_00_338.jpg,/Users/ggcstaff/CarND-Term1-Starter-Kit/CarND-Behavioral-Cloning-P3/dataCW/IMG/right_2017_09_04_12_13_00_338.jpg,0.01673054,1,0,30.19066
/Users/ggcstaff/CarND-Term1-Starter-Kit/CarND-Behavioral-Cloning-P3/dataCW/IMG/center_2017_09_04_12_13_00_411.jpg,/Users/ggcstaff/CarND-Term1-Starter-Kit/CarND-Behavioral-Cloning-P3/dataCW/IMG/left_2017_09_04_12_13_00_411.jpg,/Users/ggcstaff/CarND-Term1-Starter-Kit/CarND-Behavioral-Cloning-P3/dataCW/IMG/right_2017_09_04_12_13_00_411.jpg,0.01673054,1,0,30.19067
/Users/ggcstaff/CarND-Term1-Starter-Kit/CarND-Behavioral-Cloning-P3/dataCW/IMG/center_2017_09_04_12_13_00_478.jpg,/Users/ggcstaff/CarND-Term1-Starter-Kit/CarND-Behavioral-Cloning-P3/dataCW/IMG/left_2017_09_04_12_13_00_478.jpg,/Users/ggcstaff/CarND-Term1-Starter-Kit/CarND-Behavioral-Cloning-P3/dataCW/IMG/right_2017_09_04_12_13_00_478.jpg,0.01673054,1,0,30.19067
/Users/ggcstaff/CarND-Term1-Starter-Kit/CarND-Behavioral-Cloning-P3/dataCW/IMG/center_2017_09_04_12_13_00_555.jpg,/Users/ggcstaff/CarND-Term1-Starter-Kit/CarND-Behavioral-Cloning-P3/dataCW/IMG/left_2017_09_04_12_13_00_555.jpg,/Users/ggcstaff/CarND-Term1-Starter-Kit/CarND-Behavioral-Cloning-P3/dataCW/IMG/right_2017_09_04_12_13_00_555.jpg,0.01673054,1,0,30.19069
/Users/ggcstaff/CarND-Term1-Starter-Kit/CarND-Behavioral-Cloning-P3/dataCW/IMG/center_2017_09_04_12_13_00_624.jpg,/Users/ggcstaff/CarND-Term1-Starter-Kit/CarND-Behavioral-Cloning-P3/dataCW/IMG/left_2017_09_04_12_13_00_624.jpg,/Users/ggcstaff/CarND-Term1-Starter-Kit/CarND-Behavioral-Cloning-P3/dataCW/IMG/right_2017_09_04_12_13_00_624.jpg,0.01673054,1,0,30.19068
/Users/ggcstaff/CarND-Term1-Starter-Kit/CarND-Behavioral-Cloning-P3/dataCW/IMG/center_2017_09_04_12_13_00_692.jpg,/Users/ggcstaff/CarND-Term1-Starter-Kit/CarND-Behavioral-Cloning-P3/dataCW/IMG/left_2017_09_04_12_13_00_692.jpg,/Users/ggcstaff/CarND-Term1-Starter-Kit/CarND-Behavioral-Cloning-P3/dataCW/IMG/right_2017_09_04_12_13_00_692.jpg,0.01009729,1,0,30.19068
/Users/ggcstaff/CarND-Term1-Starter-Kit/CarND-Behavioral-Cloning-P3/dataCW/IMG/center_2017_09_04_12_13_00_760.jpg,/Users/ggcstaff/CarND-Term1-Starter-Kit/CarND-Behavioral-Cloning-P3/dataCW/IMG/left_2017_09_04_12_13_00_760.jpg,/Users/ggcstaff/CarND-Term1-Starter-Kit/CarND-Behavioral-Cloning-P3/dataCW/IMG/right_2017_09_04_12_13_00_760.jpg,0.01009729,1,0,30.19068
/Users/ggcstaff/CarND-Term1-Starter-Kit/CarND-Behavioral-Cloning-P3/dataCW/IMG/center_2017_09_04_12_13_00_828.jpg,/Users/ggcstaff/CarND-Term1-Starter-Kit/CarND-Behavioral-Cloning-P3/dataCW/IMG/left_2017_09_04_12_13_00_828.jpg,/Users/ggcstaff/CarND-Term1-Starter-Kit/CarND-Behavioral-Cloning-P3/dataCW/IMG/right_2017_09_04_12_13_00_828.jpg,0.01009729,1,0,30.1907
/Users/ggcstaff/CarND-Term1-Starter-Kit/CarND-Behavioral-Cloning-P3/dataCW/IMG/center_2017_09_04_12_13_00_896.jpg,/Users/ggcstaff/CarND-Term1-Starter-Kit/CarND-Behavioral-Cloning-P3/dataCW/IMG/left_2017_09_04_12_13_00_896.jpg,/Users/ggcstaff/CarND-Term1-Starter-Kit/CarND-Behavioral-Cloning-P3/dataCW/IMG/right_2017_09_04_12_13_00_896.jpg,0.01009729,1,0,30.1907
/Users/ggcstaff/CarND-Term1-Starter-Kit/CarND-Behavioral-Cloning-P3/dataCW/IMG/center_2017_09_04_12_13_00_967.jpg,/Users/ggcstaff/CarND-Term1-Starter-Kit/CarND-Behavioral-Cloning-P3/dataCW/IMG/left_2017_09_04_12_13_00_967.jpg,/Users/ggcstaff/CarND-Term1-Starter-Kit/CarND-Behavioral-Cloning-P3/dataCW/IMG/right_2017_09_04_12_13_00_967.jpg,0.01009729,1,0,30.1907
/Users/ggcstaff/CarND-Term1-Starter-Kit/CarND-Behavioral-Cloning-P3/dataCW/IMG/center_2017_09_04_12_13_01_034.jpg,/Users/ggcstaff/CarND-Term1-Starter-Kit/CarND-Behavioral-Cloning-P3/dataCW/IMG/left_2017_09_04_12_13_01_034.jpg,/Users/ggcstaff/CarND-Term1-Starter-Kit/CarND-Behavioral-Cloning-P3/dataCW/IMG/right_2017_09_04_12_13_01_034.jpg,0.01009729,1,0,30.19068
/Users/ggcstaff/CarND-Term1-Starter-Kit/CarND-Behavioral-Cloning-P3/dataCW/IMG/center_2017_09_04_12_13_01_101.jpg,/Users/ggcstaff/CarND-Term1-Starter-Kit/CarND-Behavioral-Cloning-P3/dataCW/IMG/left_2017_09_04_12_13_01_101.jpg,/Users/ggcstaff/CarND-Term1-Starter-Kit/CarND-Behavioral-Cloning-P3/dataCW/IMG/right_2017_09_04_12_13_01_101.jpg,0.003464033,1,0,30.1907
/Users/ggcstaff/CarND-Term1-Starter-Kit/CarND-Behavioral-Cloning-P3/dataCW/IMG/center_2017_09_04_12_13_01_170.jpg,/Users/ggcstaff/CarND-Term1-Starter-Kit/CarND-Behavioral-Cloning-P3/dataCW/IMG/left_2017_09_04_12_13_01_170.jpg,/Users/ggcstaff/CarND-Term1-Starter-Kit/CarND-Behavioral-Cloning-P3/dataCW/IMG/right_2017_09_04_12_13_01_170.jpg,0.0001474057,1,0,30.1907
/Users/ggcstaff/CarND-Term1-Starter-Kit/CarND-Behavioral-Cloning-P3/dataCW/IMG/center_2017_09_04_12_13_01_239.jpg,/Users/ggcstaff/CarND-Term1-Starter-Kit/CarND-Behavioral-Cloning-P3/dataCW/IMG/left_2017_09_04_12_13_01_239.jpg,/Users/ggcstaff/CarND-Term1-Starter-Kit/CarND-Behavioral-Cloning-P3/dataCW/IMG/right_2017_09_04_12_13_01_239.jpg,-0.003169222,1,0,30.19067
/Users/ggcstaff/CarND-Term1-Starter-Kit/CarND-Behavioral-Cloning-P3/dataCW/IMG/center_2017_09_04_12_13_01_309.jpg,/Users/ggcstaff/CarND-Term1-Starter-Kit/CarND-Behavioral-Cloning-P3/dataCW/IMG/left_2017_09_04_12_13_01_309.jpg,/Users/ggcstaff/CarND-Term1-Starter-Kit/CarND-Behavioral-Cloning-P3/dataCW/IMG/right_2017_09_04_12_13_01_309.jpg,-0.003169222,1,0,30.19065
/Users/ggcstaff/CarND-Term1-Starter-Kit/CarND-Behavioral-Cloning-P3/dataCW/IMG/center_2017_09_04_12_13_01_378.jpg,/Users/ggcstaff/CarND-Term1-Starter-Kit/CarND-Behavioral-Cloning-P3/dataCW/IMG/left_2017_09_04_12_13_01_378.jpg,/Users/ggcstaff/CarND-Term1-Starter-Kit/CarND-Behavioral-Cloning-P3/dataCW/IMG/right_2017_09_04_12_13_01_378.jpg,-0.009802477,1,0,30.19067
/Users/ggcstaff/CarND-Term1-Starter-Kit/CarND-Behavioral-Cloning-P3/dataCW/IMG/center_2017_09_04_12_13_01_449.jpg,/Users/ggcstaff/CarND-Term1-Starter-Kit/CarND-Behavioral-Cloning-P3/dataCW/IMG/left_2017_09_04_12_13_01_449.jpg,/Users/ggcstaff/CarND-Term1-Starter-Kit/CarND-Behavioral-Cloning-P3/dataCW/IMG/right_2017_09_04_12_13_01_449.jpg,-0.01975236,1,0,30.19061
/Users/ggcstaff/CarND-Term1-Starter-Kit/CarND-Behavioral-Cloning-P3/dataCW/IMG/center_2017_09_04_12_13_01_517.jpg,/Users/ggcstaff/CarND-Term1-Starter-Kit/CarND-Behavioral-Cloning-P3/dataCW/IMG/left_2017_09_04_12_13_01_517.jpg,/Users/ggcstaff/CarND-Term1-Starter-Kit/CarND-Behavioral-Cloning-P3/dataCW/IMG/right_2017_09_04_12_13_01_517.jpg,-0.02306899,1,0,30.19062
/Users/ggcstaff/CarND-Term1-Starter-Kit/CarND-Behavioral-Cloning-P3/dataCW/IMG/center_2017_09_04_12_13_01_586.jpg,/Users/ggcstaff/CarND-Term1-Starter-Kit/CarND-Behavioral-Cloning-P3/dataCW/IMG/left_2017_09_04_12_13_01_586.jpg,/Users/ggcstaff/CarND-Term1-Starter-Kit/CarND-Behavioral-Cloning-P3/dataCW/IMG/right_2017_09_04_12_13_01_586.jpg,-0.02306899,1,0,30.19064
/Users/ggcstaff/CarND-Term1-Starter-Kit/CarND-Behavioral-Cloning-P3/dataCW/IMG/center_2017_09_04_12_13_01_654.jpg,/Users/ggcstaff/CarND-Term1-Starter-Kit/CarND-Behavioral-Cloning-P3/dataCW/IMG/left_2017_09_04_12_13_01_654.jpg,/Users/ggcstaff/CarND-Term1-Starter-Kit/CarND-Behavioral-Cloning-P3/dataCW/IMG/right_2017_09_04_12_13_01_654.jpg,-0.02306899,1,0,30.19063
/Users/ggcstaff/CarND-Term1-Starter-Kit/CarND-Behavioral-Cloning-P3/dataCW/IMG/center_2017_09_04_12_13_01_731.jpg,/Users/ggcstaff/CarND-Term1-Starter-Kit/CarND-Behavioral-Cloning-P3/dataCW/IMG/left_2017_09_04_12_13_01_731.jpg,/Users/ggcstaff/CarND-Term1-Starter-Kit/CarND-Behavioral-Cloning-P3/dataCW/IMG/right_2017_09_04_12_13_01_731.jpg,-0.02306899,1,0,30.19065
/Users/ggcstaff/CarND-Term1-Starter-Kit/CarND-Behavioral-Cloning-P3/dataCW/IMG/center_2017_09_04_12_13_01_801.jpg,/Users/ggcstaff/CarND-Term1-Starter-Kit/CarND-Behavioral-Cloning-P3/dataCW/IMG/left_2017_09_04_12_13_01_801.jpg,/Users/ggcstaff/CarND-Term1-Starter-Kit/CarND-Behavioral-Cloning-P3/dataCW/IMG/right_2017_09_04_12_13_01_801.jpg,-0.02306899,1,0,30.19063
/Users/ggcstaff/CarND-Term1-Starter-Kit/CarND-Behavioral-Cloning-P3/dataCW/IMG/center_2017_09_04_12_13_01_869.jpg,/Users/ggcstaff/CarND-Term1-Starter-Kit/CarND-Behavioral-Cloning-P3/dataCW/IMG/left_2017_09_04_12_13_01_869.jpg,/Users/ggcstaff/CarND-Term1-Starter-Kit/CarND-Behavioral-Cloning-P3/dataCW/IMG/right_2017_09_04_12_13_01_869.jpg,-0.02306899,1,0,30.19064
/Users/ggcstaff/CarND-Term1-Starter-Kit/CarND-Behavioral-Cloning-P3/dataCW/IMG/center_2017_09_04_12_13_01_943.jpg,/Users/ggcstaff/CarND-Term1-Starter-Kit/CarND-Behavioral-Cloning-P3/dataCW/IMG/left_2017_09_04_12_13_01_943.jpg,/Users/ggcstaff/CarND-Term1-Starter-Kit/CarND-Behavioral-Cloning-P3/dataCW/IMG/right_2017_09_04_12_13_01_943.jpg,-0.02306899,1,0,30.19065
/Users/ggcstaff/CarND-Term1-Starter-Kit/CarND-Behavioral-Cloning-P3/dataCW/IMG/center_2017_09_04_12_13_02_017.jpg,/Users/ggcstaff/CarND-Term1-Starter-Kit/CarND-Behavioral-Cloning-P3/dataCW/IMG/left_2017_09_04_12_13_02_017.jpg,/Users/ggcstaff/CarND-Term1-Starter-Kit/CarND-Behavioral-Cloning-P3/dataCW/IMG/right_2017_09_04_12_13_02_017.jpg,-0.02306899,1,0,30.19065
/Users/ggcstaff/CarND-Term1-Starter-Kit/CarND-Behavioral-Cloning-P3/dataCW/IMG/center_2017_09_04_12_13_02_084.jpg,/Users/ggcstaff/CarND-Term1-Starter-Kit/CarND-Behavioral-Cloning-P3/dataCW/IMG/left_2017_09_04_12_13_02_084.jpg,/Users/ggcstaff/CarND-Term1-Starter-Kit/CarND-Behavioral-Cloning-P3/dataCW/IMG/right_2017_09_04_12_13_02_084.jpg,-0.02306899,1,0,30.19062
/Users/ggcstaff/CarND-Term1-Starter-Kit/CarND-Behavioral-Cloning-P3/dataCW/IMG/center_2017_09_04_12_13_02_151.jpg,/Users/ggcstaff/CarND-Term1-Starter-Kit/CarND-Behavioral-Cloning-P3/dataCW/IMG/left_2017_09_04_12_13_02_151.jpg,/Users/ggcstaff/CarND-Term1-Starter-Kit/CarND-Behavioral-Cloning-P3/dataCW/IMG/right_2017_09_04_12_13_02_151.jpg,-0.01978921,1,0,30.19066
/Users/ggcstaff/CarND-Term1-Starter-Kit/CarND-Behavioral-Cloning-P3/dataCW/IMG/center_2017_09_04_12_13_02_218.jpg,/Users/ggcstaff/CarND-Term1-Starter-Kit/CarND-Behavioral-Cloning-P3/dataCW/IMG/left_2017_09_04_12_13_02_218.jpg,/Users/ggcstaff/CarND-Term1-Starter-Kit/CarND-Behavioral-Cloning-P3/dataCW/IMG/right_2017_09_04_12_13_02_218.jpg,-0.0001105542,1,0,30.19062
/Users/ggcstaff/CarND-Term1-Starter-Kit/CarND-Behavioral-Cloning-P3/dataCW/IMG/center_2017_09_04_12_13_02_286.jpg,/Users/ggcstaff/CarND-Term1-Starter-Kit/CarND-Behavioral-Cloning-P3/dataCW/IMG/left_2017_09_04_12_13_02_286.jpg,/Users/ggcstaff/CarND-Term1-Starter-Kit/CarND-Behavioral-Cloning-P3/dataCW/IMG/right_2017_09_04_12_13_02_286.jpg,0.003169222,1,0,30.19063
/Users/ggcstaff/CarND-Term1-Starter-Kit/CarND-Behavioral-Cloning-P3/dataCW/IMG/center_2017_09_04_12_13_02_355.jpg,/Users/ggcstaff/CarND-Term1-Starter-Kit/CarND-Behavioral-Cloning-P3/dataCW/IMG/left_2017_09_04_12_13_02_355.jpg,/Users/ggcstaff/CarND-Term1-Starter-Kit/CarND-Behavioral-Cloning-P3/dataCW/IMG/right_2017_09_04_12_13_02_355.jpg,0.003169222,1,0,30.19064
/Users/ggcstaff/CarND-Term1-Starter-Kit/CarND-Behavioral-Cloning-P3/dataCW/IMG/center_2017_09_04_12_13_02_424.jpg,/Users/ggcstaff/CarND-Term1-Starter-Kit/CarND-Behavioral-Cloning-P3/dataCW/IMG/left_2017_09_04_12_13_02_424.jpg,/Users/ggcstaff/CarND-Term1-Starter-Kit/CarND-Behavioral-Cloning-P3/dataCW/IMG/right_2017_09_04_12_13_02_424.jpg,0.003169222,1,0,30.19065
/Users/ggcstaff/CarND-Term1-Starter-Kit/CarND-Behavioral-Cloning-P3/dataCW/IMG/center_2017_09_04_12_13_02_501.jpg,/Users/ggcstaff/CarND-Term1-Starter-Kit/CarND-Behavioral-Cloning-P3/dataCW/IMG/left_2017_09_04_12_13_02_501.jpg,/Users/ggcstaff/CarND-Term1-Starter-Kit/CarND-Behavioral-Cloning-P3/dataCW/IMG/right_2017_09_04_12_13_02_501.jpg,0.003169222,1,0,30.19063
/Users/ggcstaff/CarND-Term1-Starter-Kit/CarND-Behavioral-Cloning-P3/dataCW/IMG/center_2017_09_04_12_13_02_571.jpg,/Users/ggcstaff/CarND-Term1-Starter-Kit/CarND-Behavioral-Cloning-P3/dataCW/IMG/left_2017_09_04_12_13_02_571.jpg,/Users/ggcstaff/CarND-Term1-Starter-Kit/CarND-Behavioral-Cloning-P3/dataCW/IMG/right_2017_09_04_12_13_02_571.jpg,0.003169222,1,0,30.19065
/Users/ggcstaff/CarND-Term1-Starter-Kit/CarND-Behavioral-Cloning-P3/dataCW/IMG/center_2017_09_04_12_13_02_640.jpg,/Users/ggcstaff/CarND-Term1-Starter-Kit/CarND-Behavioral-Cloning-P3/dataCW/IMG/left_2017_09_04_12_13_02_640.jpg,/Users/ggcstaff/CarND-Term1-Starter-Kit/CarND-Behavioral-Cloning-P3/dataCW/IMG/right_2017_09_04_12_13_02_640.jpg,0.003169222,1,0,30.19064
/Users/ggcstaff/CarND-Term1-Starter-Kit/CarND-Behavioral-Cloning-P3/dataCW/IMG/center_2017_09_04_12_13_02_708.jpg,/Users/ggcstaff/CarND-Term1-Starter-Kit/CarND-Behavioral-Cloning-P3/dataCW/IMG/left_2017_09_04_12_13_02_708.jpg,/Users/ggcstaff/CarND-Term1-Starter-Kit/CarND-Behavioral-Cloning-P3/dataCW/IMG/right_2017_09_04_12_13_02_708.jpg,0.003169222,1,0,30.19065
/Users/ggcstaff/CarND-Term1-Starter-Kit/CarND-Behavioral-Cloning-P3/dataCW/IMG/center_2017_09_04_12_13_02_776.jpg,/Users/ggcstaff/CarND-Term1-Starter-Kit/CarND-Behavioral-Cloning-P3/dataCW/IMG/left_2017_09_04_12_13_02_776.jpg,/Users/ggcstaff/CarND-Term1-Starter-Kit/CarND-Behavioral-Cloning-P3/dataCW/IMG/right_2017_09_04_12_13_02_776.jpg,0.003169222,1,0,30.19067
/Users/ggcstaff/CarND-Term1-Starter-Kit/CarND-Behavioral-Cloning-P3/dataCW/IMG/center_2017_09_04_12_13_02_844.jpg,/Users/ggcstaff/CarND-Term1-Starter-Kit/CarND-Behavioral-Cloning-P3/dataCW/IMG/left_2017_09_04_12_13_02_844.jpg,/Users/ggcstaff/CarND-Term1-Starter-Kit/CarND-Behavioral-Cloning-P3/dataCW/IMG/right_2017_09_04_12_13_02_844.jpg,0.003169222,1,0,30.19065
/Users/ggcstaff/CarND-Term1-Starter-Kit/CarND-Behavioral-Cloning-P3/dataCW/IMG/center_2017_09_04_12_13_02_911.jpg,/Users/ggcstaff/CarND-Term1-Starter-Kit/CarND-Behavioral-Cloning-P3/dataCW/IMG/left_2017_09_04_12_13_02_911.jpg,/Users/ggcstaff/CarND-Term1-Starter-Kit/CarND-Behavioral-Cloning-P3/dataCW/IMG/right_2017_09_04_12_13_02_911.jpg,0.003169222,1,0,30.19062
/Users/ggcstaff/CarND-Term1-Starter-Kit/CarND-Behavioral-Cloning-P3/dataCW/IMG/center_2017_09_04_12_13_02_978.jpg,/Users/ggcstaff/CarND-Term1-Starter-Kit/CarND-Behavioral-Cloning-P3/dataCW/IMG/left_2017_09_04_12_13_02_978.jpg,/Users/ggcstaff/CarND-Term1-Starter-Kit/CarND-Behavioral-Cloning-P3/dataCW/IMG/right_2017_09_04_12_13_02_978.jpg,0.003169222,1,0,30.19063
/Users/ggcstaff/CarND-Term1-Starter-Kit/CarND-Behavioral-Cloning-P3/dataCW/IMG/center_2017_09_04_12_13_03_048.jpg,/Users/ggcstaff/CarND-Term1-Starter-Kit/CarND-Behavioral-Cloning-P3/dataCW/IMG/left_2017_09_04_12_13_03_048.jpg,/Users/ggcstaff/CarND-Term1-Starter-Kit/CarND-Behavioral-Cloning-P3/dataCW/IMG/right_2017_09_04_12_13_03_048.jpg,0.003169222,1,0,30.19064
/Users/ggcstaff/CarND-Term1-Starter-Kit/CarND-Behavioral-Cloning-P3/dataCW/IMG/center_2017_09_04_12_13_03_117.jpg,/Users/ggcstaff/CarND-Term1-Starter-Kit/CarND-Behavioral-Cloning-P3/dataCW/IMG/left_2017_09_04_12_13_03_117.jpg,/Users/ggcstaff/CarND-Term1-Starter-Kit/CarND-Behavioral-Cloning-P3/dataCW/IMG/right_2017_09_04_12_13_03_117.jpg,0.003169222,1,0,30.19065
/Users/ggcstaff/CarND-Term1-Starter-Kit/CarND-Behavioral-Cloning-P3/dataCW/IMG/center_2017_09_04_12_13_03_185.jpg,/Users/ggcstaff/CarND-Term1-Starter-Kit/CarND-Behavioral-Cloning-P3/dataCW/IMG/left_2017_09_04_12_13_03_185.jpg,/Users/ggcstaff/CarND-Term1-Starter-Kit/CarND-Behavioral-Cloning-P3/dataCW/IMG/right_2017_09_04_12_13_03_185.jpg,0.003169222,1,0,30.19064
/Users/ggcstaff/CarND-Term1-Starter-Kit/CarND-Behavioral-Cloning-P3/dataCW/IMG/center_2017_09_04_12_13_03_254.jpg,/Users/ggcstaff/CarND-Term1-Starter-Kit/CarND-Behavioral-Cloning-P3/dataCW/IMG/left_2017_09_04_12_13_03_254.jpg,/Users/ggcstaff/CarND-Term1-Starter-Kit/CarND-Behavioral-Cloning-P3/dataCW/IMG/right_2017_09_04_12_13_03_254.jpg,0.003169222,1,0,30.19063
/Users/ggcstaff/CarND-Term1-Starter-Kit/CarND-Behavioral-Cloning-P3/dataCW/IMG/center_2017_09_04_12_13_03_324.jpg,/Users/ggcstaff/CarND-Term1-Starter-Kit/CarND-Behavioral-Cloning-P3/dataCW/IMG/left_2017_09_04_12_13_03_324.jpg,/Users/ggcstaff/CarND-Term1-Starter-Kit/CarND-Behavioral-Cloning-P3/dataCW/IMG/right_2017_09_04_12_13_03_324.jpg,0.003169222,1,0,30.19064
/Users/ggcstaff/CarND-Term1-Starter-Kit/CarND-Behavioral-Cloning-P3/dataCW/IMG/center_2017_09_04_12_13_03_394.jpg,/Users/ggcstaff/CarND-Term1-Starter-Kit/CarND-Behavioral-Cloning-P3/dataCW/IMG/left_2017_09_04_12_13_03_394.jpg,/Users/ggcstaff/CarND-Term1-Starter-Kit/CarND-Behavioral-Cloning-P3/dataCW/IMG/right_2017_09_04_12_13_03_394.jpg,0.003169222,1,0,30.19064
/Users/ggcstaff/CarND-Term1-Starter-Kit/CarND-Behavioral-Cloning-P3/dataCW/IMG/center_2017_09_04_12_13_03_461.jpg,/Users/ggcstaff/CarND-Term1-Starter-Kit/CarND-Behavioral-Cloning-P3/dataCW/IMG/left_2017_09_04_12_13_03_461.jpg,/Users/ggcstaff/CarND-Term1-Starter-Kit/CarND-Behavioral-Cloning-P3/dataCW/IMG/right_2017_09_04_12_13_03_461.jpg,0.003169222,1,0,30.19064
/Users/ggcstaff/CarND-Term1-Starter-Kit/CarND-Behavioral-Cloning-P3/dataCW/IMG/center_2017_09_04_12_13_03_528.jpg,/Users/ggcstaff/CarND-Term1-Starter-Kit/CarND-Behavioral-Cloning-P3/dataCW/IMG/left_2017_09_04_12_13_03_528.jpg,/Users/ggcstaff/CarND-Term1-Starter-Kit/CarND-Behavioral-Cloning-P3/dataCW/IMG/right_2017_09_04_12_13_03_528.jpg,0.003169222,1,0,30.19064
/Users/ggcstaff/CarND-Term1-Starter-Kit/CarND-Behavioral-Cloning-P3/dataCW/IMG/center_2017_09_04_12_13_03_595.jpg,/Users/ggcstaff/CarND-Term1-Starter-Kit/CarND-Behavioral-Cloning-P3/dataCW/IMG/left_2017_09_04_12_13_03_595.jpg,/Users/ggcstaff/CarND-Term1-Starter-Kit/CarND-Behavioral-Cloning-P3/dataCW/IMG/right_2017_09_04_12_13_03_595.jpg,0.003169222,1,0,30.19064
/Users/ggcstaff/CarND-Term1-Starter-Kit/CarND-Behavioral-Cloning-P3/dataCW/IMG/center_2017_09_04_12_13_03_663.jpg,/Users/ggcstaff/CarND-Term1-Starter-Kit/CarND-Behavioral-Cloning-P3/dataCW/IMG/left_2017_09_04_12_13_03_663.jpg,/Users/ggcstaff/CarND-Term1-Starter-Kit/CarND-Behavioral-Cloning-P3/dataCW/IMG/right_2017_09_04_12_13_03_663.jpg,0.003169222,1,0,30.19065
/Users/ggcstaff/CarND-Term1-Starter-Kit/CarND-Behavioral-Cloning-P3/dataCW/IMG/center_2017_09_04_12_13_03_732.jpg,/Users/ggcstaff/CarND-Term1-Starter-Kit/CarND-Behavioral-Cloning-P3/dataCW/IMG/left_2017_09_04_12_13_03_732.jpg,/Users/ggcstaff/CarND-Term1-Starter-Kit/CarND-Behavioral-Cloning-P3/dataCW/IMG/right_2017_09_04_12_13_03_732.jpg,0.003169222,1,0,30.19066
/Users/ggcstaff/CarND-Term1-Starter-Kit/CarND-Behavioral-Cloning-P3/dataCW/IMG/center_2017_09_04_12_13_03_802.jpg,/Users/ggcstaff/CarND-Term1-Starter-Kit/CarND-Behavioral-Cloning-P3/dataCW/IMG/left_2017_09_04_12_13_03_802.jpg,/Users/ggcstaff/CarND-Term1-Starter-Kit/CarND-Behavioral-Cloning-P3/dataCW/IMG/right_2017_09_04_12_13_03_802.jpg,0.003169222,1,0,30.19067
/Users/ggcstaff/CarND-Term1-Starter-Kit/CarND-Behavioral-Cloning-P3/dataCW/IMG/center_2017_09_04_12_13_03_869.jpg,/Users/ggcstaff/CarND-Term1-Starter-Kit/CarND-Behavioral-Cloning-P3/dataCW/IMG/left_2017_09_04_12_13_03_869.jpg,/Users/ggcstaff/CarND-Term1-Starter-Kit/CarND-Behavioral-Cloning-P3/dataCW/IMG/right_2017_09_04_12_13_03_869.jpg,0.003169222,1,0,30.19067
/Users/ggcstaff/CarND-Term1-Starter-Kit/CarND-Behavioral-Cloning-P3/dataCW/IMG/center_2017_09_04_12_13_03_940.jpg,/Users/ggcstaff/CarND-Term1-Starter-Kit/CarND-Behavioral-Cloning-P3/dataCW/IMG/left_2017_09_04_12_13_03_940.jpg,/Users/ggcstaff/CarND-Term1-Starter-Kit/CarND-Behavioral-Cloning-P3/dataCW/IMG/right_2017_09_04_12_13_03_940.jpg,0.003169222,1,0,30.19065
/Users/ggcstaff/CarND-Term1-Starter-Kit/CarND-Behavioral-Cloning-P3/dataCW/IMG/center_2017_09_04_12_13_04_010.jpg,/Users/ggcstaff/CarND-Term1-Starter-Kit/CarND-Behavioral-Cloning-P3/dataCW/IMG/left_2017_09_04_12_13_04_010.jpg,/Users/ggcstaff/CarND-Term1-Starter-Kit/CarND-Behavioral-Cloning-P3/dataCW/IMG/right_2017_09_04_12_13_04_010.jpg,0.003169222,1,0,30.19065
/Users/ggcstaff/CarND-Term1-Starter-Kit/CarND-Behavioral-Cloning-P3/dataCW/IMG/center_2017_09_04_12_13_04_078.jpg,/Users/ggcstaff/CarND-Term1-Starter-Kit/CarND-Behavioral-Cloning-P3/dataCW/IMG/left_2017_09_04_12_13_04_078.jpg,/Users/ggcstaff/CarND-Term1-Starter-Kit/CarND-Behavioral-Cloning-P3/dataCW/IMG/right_2017_09_04_12_13_04_078.jpg,0.003169222,1,0,30.19065
/Users/ggcstaff/CarND-Term1-Starter-Kit/CarND-Behavioral-Cloning-P3/dataCW/IMG/center_2017_09_04_12_13_04_147.jpg,/Users/ggcstaff/CarND-Term1-Starter-Kit/CarND-Behavioral-Cloning-P3/dataCW/IMG/left_2017_09_04_12_13_04_147.jpg,/Users/ggcstaff/CarND-Term1-Starter-Kit/CarND-Behavioral-Cloning-P3/dataCW/IMG/right_2017_09_04_12_13_04_147.jpg,0.003169222,1,0,30.19065
/Users/ggcstaff/CarND-Term1-Starter-Kit/CarND-Behavioral-Cloning-P3/dataCW/IMG/center_2017_09_04_12_13_04_216.jpg,/Users/ggcstaff/CarND-Term1-Starter-Kit/CarND-Behavioral-Cloning-P3/dataCW/IMG/left_2017_09_04_12_13_04_216.jpg,/Users/ggcstaff/CarND-Term1-Starter-Kit/CarND-Behavioral-Cloning-P3/dataCW/IMG/right_2017_09_04_12_13_04_216.jpg,0.003169222,1,0,30.19065
/Users/ggcstaff/CarND-Term1-Starter-Kit/CarND-Behavioral-Cloning-P3/dataCW/IMG/center_2017_09_04_12_13_04_285.jpg,/Users/ggcstaff/CarND-Term1-Starter-Kit/CarND-Behavioral-Cloning-P3/dataCW/IMG/left_2017_09_04_12_13_04_285.jpg,/Users/ggcstaff/CarND-Term1-Starter-Kit/CarND-Behavioral-Cloning-P3/dataCW/IMG/right_2017_09_04_12_13_04_285.jpg,0.003169222,1,0,30.19064
/Users/ggcstaff/CarND-Term1-Starter-Kit/CarND-Behavioral-Cloning-P3/dataCW/IMG/center_2017_09_04_12_13_04_353.jpg,/Users/ggcstaff/CarND-Term1-Starter-Kit/CarND-Behavioral-Cloning-P3/dataCW/IMG/left_2017_09_04_12_13_04_353.jpg,/Users/ggcstaff/CarND-Term1-Starter-Kit/CarND-Behavioral-Cloning-P3/dataCW/IMG/right_2017_09_04_12_13_04_353.jpg,0.003169222,1,0,30.19065
/Users/ggcstaff/CarND-Term1-Starter-Kit/CarND-Behavioral-Cloning-P3/dataCW/IMG/center_2017_09_04_12_13_04_421.jpg,/Users/ggcstaff/CarND-Term1-Starter-Kit/CarND-Behavioral-Cloning-P3/dataCW/IMG/left_2017_09_04_12_13_04_421.jpg,/Users/ggcstaff/CarND-Term1-Starter-Kit/CarND-Behavioral-Cloning-P3/dataCW/IMG/right_2017_09_04_12_13_04_421.jpg,0.003169222,1,0,30.19067
/Users/ggcstaff/CarND-Term1-Starter-Kit/CarND-Behavioral-Cloning-P3/dataCW/IMG/center_2017_09_04_12_13_04_488.jpg,/Users/ggcstaff/CarND-Term1-Starter-Kit/CarND-Behavioral-Cloning-P3/dataCW/IMG/left_2017_09_04_12_13_04_488.jpg,/Users/ggcstaff/CarND-Term1-Starter-Kit/CarND-Behavioral-Cloning-P3/dataCW/IMG/right_2017_09_04_12_13_04_488.jpg,0.003169222,1,0,30.19066
/Users/ggcstaff/CarND-Term1-Starter-Kit/CarND-Behavioral-Cloning-P3/dataCW/IMG/center_2017_09_04_12_13_04_558.jpg,/Users/ggcstaff/CarND-Term1-Starter-Kit/CarND-Behavioral-Cloning-P3/dataCW/IMG/left_2017_09_04_12_13_04_558.jpg,/Users/ggcstaff/CarND-Term1-Starter-Kit/CarND-Behavioral-Cloning-P3/dataCW/IMG/right_2017_09_04_12_13_04_558.jpg,0.003169222,1,0,30.19066
/Users/ggcstaff/CarND-Term1-Starter-Kit/CarND-Behavioral-Cloning-P3/dataCW/IMG/center_2017_09_04_12_13_04_628.jpg,/Users/ggcstaff/CarND-Term1-Starter-Kit/CarND-Behavioral-Cloning-P3/dataCW/IMG/left_2017_09_04_12_13_04_628.jpg,/Users/ggcstaff/CarND-Term1-Starter-Kit/CarND-Behavioral-Cloning-P3/dataCW/IMG/right_2017_09_04_12_13_04_628.jpg,0.003169222,1,0,30.19066
/Users/ggcstaff/CarND-Term1-Starter-Kit/CarND-Behavioral-Cloning-P3/dataCW/IMG/center_2017_09_04_12_13_04_699.jpg,/Users/ggcstaff/CarND-Term1-Starter-Kit/CarND-Behavioral-Cloning-P3/dataCW/IMG/left_2017_09_04_12_13_04_699.jpg,/Users/ggcstaff/CarND-Term1-Starter-Kit/CarND-Behavioral-Cloning-P3/dataCW/IMG/right_2017_09_04_12_13_04_699.jpg,0.003169222,1,0,30.19065
/Users/ggcstaff/CarND-Term1-Starter-Kit/CarND-Behavioral-Cloning-P3/dataCW/IMG/center_2017_09_04_12_13_04_768.jpg,/Users/ggcstaff/CarND-Term1-Starter-Kit/CarND-Behavioral-Cloning-P3/dataCW/IMG/left_2017_09_04_12_13_04_768.jpg,/Users/ggcstaff/CarND-Term1-Starter-Kit/CarND-Behavioral-Cloning-P3/dataCW/IMG/right_2017_09_04_12_13_04_768.jpg,0.003169222,1,0,30.19067
/Users/ggcstaff/CarND-Term1-Starter-Kit/CarND-Behavioral-Cloning-P3/dataCW/IMG/center_2017_09_04_12_13_04_837.jpg,/Users/ggcstaff/CarND-Term1-Starter-Kit/CarND-Behavioral-Cloning-P3/dataCW/IMG/left_2017_09_04_12_13_04_837.jpg,/Users/ggcstaff/CarND-Term1-Starter-Kit/CarND-Behavioral-Cloning-P3/dataCW/IMG/right_2017_09_04_12_13_04_837.jpg,0.003169222,1,0,30.19066
/Users/ggcstaff/CarND-Term1-Starter-Kit/CarND-Behavioral-Cloning-P3/dataCW/IMG/center_2017_09_04_12_13_04_904.jpg,/Users/ggcstaff/CarND-Term1-Starter-Kit/CarND-Behavioral-Cloning-P3/dataCW/IMG/left_2017_09_04_12_13_04_904.jpg,/Users/ggcstaff/CarND-Term1-Starter-Kit/CarND-Behavioral-Cloning-P3/dataCW/IMG/right_2017_09_04_12_13_04_904.jpg,0.003169222,1,0,30.19068
/Users/ggcstaff/CarND-Term1-Starter-Kit/CarND-Behavioral-Cloning-P3/dataCW/IMG/center_2017_09_04_12_13_04_972.jpg,/Users/ggcstaff/CarND-Term1-Starter-Kit/CarND-Behavioral-Cloning-P3/dataCW/IMG/left_2017_09_04_12_13_04_972.jpg,/Users/ggcstaff/CarND-Term1-Starter-Kit/CarND-Behavioral-Cloning-P3/dataCW/IMG/right_2017_09_04_12_13_04_972.jpg,0.003169222,1,0,30.19066
/Users/ggcstaff/CarND-Term1-Starter-Kit/CarND-Behavioral-Cloning-P3/dataCW/IMG/center_2017_09_04_12_13_05_041.jpg,/Users/ggcstaff/CarND-Term1-Starter-Kit/CarND-Behavioral-Cloning-P3/dataCW/IMG/left_2017_09_04_12_13_05_041.jpg,/Users/ggcstaff/CarND-Term1-Starter-Kit/CarND-Behavioral-Cloning-P3/dataCW/IMG/right_2017_09_04_12_13_05_041.jpg,0.003169222,1,0,30.19066
/Users/ggcstaff/CarND-Term1-Starter-Kit/CarND-Behavioral-Cloning-P3/dataCW/IMG/center_2017_09_04_12_13_05_108.jpg,/Users/ggcstaff/CarND-Term1-Starter-Kit/CarND-Behavioral-Cloning-P3/dataCW/IMG/left_2017_09_04_12_13_05_108.jpg,/Users/ggcstaff/CarND-Term1-Starter-Kit/CarND-Behavioral-Cloning-P3/dataCW/IMG/right_2017_09_04_12_13_05_108.jpg,0.003169222,1,0,30.19068
/Users/ggcstaff/CarND-Term1-Starter-Kit/CarND-Behavioral-Cloning-P3/dataCW/IMG/center_2017_09_04_12_13_05_175.jpg,/Users/ggcstaff/CarND-Term1-Starter-Kit/CarND-Behavioral-Cloning-P3/dataCW/IMG/left_2017_09_04_12_13_05_175.jpg,/Users/ggcstaff/CarND-Term1-Starter-Kit/CarND-Behavioral-Cloning-P3/dataCW/IMG/right_2017_09_04_12_13_05_175.jpg,0.003169222,1,0,30.19067
/Users/ggcstaff/CarND-Term1-Starter-Kit/CarND-Behavioral-Cloning-P3/dataCW/IMG/center_2017_09_04_12_13_05_242.jpg,/Users/ggcstaff/CarND-Term1-Starter-Kit/CarND-Behavioral-Cloning-P3/dataCW/IMG/left_2017_09_04_12_13_05_242.jpg,/Users/ggcstaff/CarND-Term1-Starter-Kit/CarND-Behavioral-Cloning-P3/dataCW/IMG/right_2017_09_04_12_13_05_242.jpg,0.003169222,1,0,30.19067
/Users/ggcstaff/CarND-Term1-Starter-Kit/CarND-Behavioral-Cloning-P3/dataCW/IMG/center_2017_09_04_12_13_05_311.jpg,/Users/ggcstaff/CarND-Term1-Starter-Kit/CarND-Behavioral-Cloning-P3/dataCW/IMG/left_2017_09_04_12_13_05_311.jpg,/Users/ggcstaff/CarND-Term1-Starter-Kit/CarND-Behavioral-Cloning-P3/dataCW/IMG/right_2017_09_04_12_13_05_311.jpg,0.003169222,1,0,30.19069
/Users/ggcstaff/CarND-Term1-Starter-Kit/CarND-Behavioral-Cloning-P3/dataCW/IMG/center_2017_09_04_12_13_05_380.jpg,/Users/ggcstaff/CarND-Term1-Starter-Kit/CarND-Behavioral-Cloning-P3/dataCW/IMG/left_2017_09_04_12_13_05_380.jpg,/Users/ggcstaff/CarND-Term1-Starter-Kit/CarND-Behavioral-Cloning-P3/dataCW/IMG/right_2017_09_04_12_13_05_380.jpg,0.003169222,1,0,30.19066
/Users/ggcstaff/CarND-Term1-Starter-Kit/CarND-Behavioral-Cloning-P3/dataCW/IMG/center_2017_09_04_12_13_05_447.jpg,/Users/ggcstaff/CarND-Term1-Starter-Kit/CarND-Behavioral-Cloning-P3/dataCW/IMG/left_2017_09_04_12_13_05_447.jpg,/Users/ggcstaff/CarND-Term1-Starter-Kit/CarND-Behavioral-Cloning-P3/dataCW/IMG/right_2017_09_04_12_13_05_447.jpg,0.003169222,1,0,30.19067
/Users/ggcstaff/CarND-Term1-Starter-Kit/CarND-Behavioral-Cloning-P3/dataCW/IMG/center_2017_09_04_12_13_05_515.jpg,/Users/ggcstaff/CarND-Term1-Starter-Kit/CarND-Behavioral-Cloning-P3/dataCW/IMG/left_2017_09_04_12_13_05_515.jpg,/Users/ggcstaff/CarND-Term1-Starter-Kit/CarND-Behavioral-Cloning-P3/dataCW/IMG/right_2017_09_04_12_13_05_515.jpg,0.003169222,1,0,30.19067
/Users/ggcstaff/CarND-Term1-Starter-Kit/CarND-Behavioral-Cloning-P3/dataCW/IMG/center_2017_09_04_12_13_05_589.jpg,/Users/ggcstaff/CarND-Term1-Starter-Kit/CarND-Behavioral-Cloning-P3/dataCW/IMG/left_2017_09_04_12_13_05_589.jpg,/Users/ggcstaff/CarND-Term1-Starter-Kit/CarND-Behavioral-Cloning-P3/dataCW/IMG/right_2017_09_04_12_13_05_589.jpg,0.003169222,1,0,30.19067
/Users/ggcstaff/CarND-Term1-Starter-Kit/CarND-Behavioral-Cloning-P3/dataCW/IMG/center_2017_09_04_12_13_05_659.jpg,/Users/ggcstaff/CarND-Term1-Starter-Kit/CarND-Behavioral-Cloning-P3/dataCW/IMG/left_2017_09_04_12_13_05_659.jpg,/Users/ggcstaff/CarND-Term1-Starter-Kit/CarND-Behavioral-Cloning-P3/dataCW/IMG/right_2017_09_04_12_13_05_659.jpg,0.003169222,1,0,30.19067
/Users/ggcstaff/CarND-Term1-Starter-Kit/CarND-Behavioral-Cloning-P3/dataCW/IMG/center_2017_09_04_12_13_05_729.jpg,/Users/ggcstaff/CarND-Term1-Starter-Kit/CarND-Behavioral-Cloning-P3/dataCW/IMG/left_2017_09_04_12_13_05_729.jpg,/Users/ggcstaff/CarND-Term1-Starter-Kit/CarND-Behavioral-Cloning-P3/dataCW/IMG/right_2017_09_04_12_13_05_729.jpg,0.003169222,1,0,30.19067
/Users/ggcstaff/CarND-Term1-Starter-Kit/CarND-Behavioral-Cloning-P3/dataCW/IMG/center_2017_09_04_12_13_05_795.jpg,/Users/ggcstaff/CarND-Term1-Starter-Kit/CarND-Behavioral-Cloning-P3/dataCW/IMG/left_2017_09_04_12_13_05_795.jpg,/Users/ggcstaff/CarND-Term1-Starter-Kit/CarND-Behavioral-Cloning-P3/dataCW/IMG/right_2017_09_04_12_13_05_795.jpg,0.003169222,1,0,30.19067
/Users/ggcstaff/CarND-Term1-Starter-Kit/CarND-Behavioral-Cloning-P3/dataCW/IMG/center_2017_09_04_12_13_05_865.jpg,/Users/ggcstaff/CarND-Term1-Starter-Kit/CarND-Behavioral-Cloning-P3/dataCW/IMG/left_2017_09_04_12_13_05_865.jpg,/Users/ggcstaff/CarND-Term1-Starter-Kit/CarND-Behavioral-Cloning-P3/dataCW/IMG/right_2017_09_04_12_13_05_865.jpg,0.003169222,1,0,30.19066
/Users/ggcstaff/CarND-Term1-Starter-Kit/CarND-Behavioral-Cloning-P3/dataCW/IMG/center_2017_09_04_12_13_05_938.jpg,/Users/ggcstaff/CarND-Term1-Starter-Kit/CarND-Behavioral-Cloning-P3/dataCW/IMG/left_2017_09_04_12_13_05_938.jpg,/Users/ggcstaff/CarND-Term1-Starter-Kit/CarND-Behavioral-Cloning-P3/dataCW/IMG/right_2017_09_04_12_13_05_938.jpg,0.003169222,1,0,30.19067
/Users/ggcstaff/CarND-Term1-Starter-Kit/CarND-Behavioral-Cloning-P3/dataCW/IMG/center_2017_09_04_12_13_06_006.jpg,/Users/ggcstaff/CarND-Term1-Starter-Kit/CarND-Behavioral-Cloning-P3/dataCW/IMG/left_2017_09_04_12_13_06_006.jpg,/Users/ggcstaff/CarND-Term1-Starter-Kit/CarND-Behavioral-Cloning-P3/dataCW/IMG/right_2017_09_04_12_13_06_006.jpg,0.003169222,1,0,30.19068
/Users/ggcstaff/CarND-Term1-Starter-Kit/CarND-Behavioral-Cloning-P3/dataCW/IMG/center_2017_09_04_12_13_06_074.jpg,/Users/ggcstaff/CarND-Term1-Starter-Kit/CarND-Behavioral-Cloning-P3/dataCW/IMG/left_2017_09_04_12_13_06_074.jpg,/Users/ggcstaff/CarND-Term1-Starter-Kit/CarND-Behavioral-Cloning-P3/dataCW/IMG/right_2017_09_04_12_13_06_074.jpg,0.003169222,1,0,30.19068
/Users/ggcstaff/CarND-Term1-Starter-Kit/CarND-Behavioral-Cloning-P3/dataCW/IMG/center_2017_09_04_12_13_06_144.jpg,/Users/ggcstaff/CarND-Term1-Starter-Kit/CarND-Behavioral-Cloning-P3/dataCW/IMG/left_2017_09_04_12_13_06_144.jpg,/Users/ggcstaff/CarND-Term1-Starter-Kit/CarND-Behavioral-Cloning-P3/dataCW/IMG/right_2017_09_04_12_13_06_144.jpg,0.003169222,1,0,30.19067
/Users/ggcstaff/CarND-Term1-Starter-Kit/CarND-Behavioral-Cloning-P3/dataCW/IMG/center_2017_09_04_12_13_06_213.jpg,/Users/ggcstaff/CarND-Term1-Starter-Kit/CarND-Behavioral-Cloning-P3/dataCW/IMG/left_2017_09_04_12_13_06_213.jpg,/Users/ggcstaff/CarND-Term1-Starter-Kit/CarND-Behavioral-Cloning-P3/dataCW/IMG/right_2017_09_04_12_13_06_213.jpg,0.003169222,1,0,30.19068
/Users/ggcstaff/CarND-Term1-Starter-Kit/CarND-Behavioral-Cloning-P3/dataCW/IMG/center_2017_09_04_12_13_06_286.jpg,/Users/ggcstaff/CarND-Term1-Starter-Kit/CarND-Behavioral-Cloning-P3/dataCW/IMG/left_2017_09_04_12_13_06_286.jpg,/Users/ggcstaff/CarND-Term1-Starter-Kit/CarND-Behavioral-Cloning-P3/dataCW/IMG/right_2017_09_04_12_13_06_286.jpg,0.003169222,1,0,30.19069
/Users/ggcstaff/CarND-Term1-Starter-Kit/CarND-Behavioral-Cloning-P3/dataCW/IMG/center_2017_09_04_12_13_06_352.jpg,/Users/ggcstaff/CarND-Term1-Starter-Kit/CarND-Behavioral-Cloning-P3/dataCW/IMG/left_2017_09_04_12_13_06_352.jpg,/Users/ggcstaff/CarND-Term1-Starter-Kit/CarND-Behavioral-Cloning-P3/dataCW/IMG/right_2017_09_04_12_13_06_352.jpg,0.003169222,1,0,30.06172
/Users/ggcstaff/CarND-Term1-Starter-Kit/CarND-Behavioral-Cloning-P3/dataCW/IMG/center_2017_09_04_12_13_06_422.jpg,/Users/ggcstaff/CarND-Term1-Starter-Kit/CarND-Behavioral-Cloning-P3/dataCW/IMG/left_2017_09_04_12_13_06_422.jpg,/Users/ggcstaff/CarND-Term1-Starter-Kit/CarND-Behavioral-Cloning-P3/dataCW/IMG/right_2017_09_04_12_13_06_422.jpg,0.003169222,1,0,29.92775
/Users/ggcstaff/CarND-Term1-Starter-Kit/CarND-Behavioral-Cloning-P3/dataCW/IMG/center_2017_09_04_12_13_06_497.jpg,/Users/ggcstaff/CarND-Term1-Starter-Kit/CarND-Behavioral-Cloning-P3/dataCW/IMG/left_2017_09_04_12_13_06_497.jpg,/Users/ggcstaff/CarND-Term1-Starter-Kit/CarND-Behavioral-Cloning-P3/dataCW/IMG/right_2017_09_04_12_13_06_497.jpg,0.003169222,1,0,30.11582
/Users/ggcstaff/CarND-Term1-Starter-Kit/CarND-Behavioral-Cloning-P3/dataCW/IMG/center_2017_09_04_12_13_06_565.jpg,/Users/ggcstaff/CarND-Term1-Starter-Kit/CarND-Behavioral-Cloning-P3/dataCW/IMG/left_2017_09_04_12_13_06_565.jpg,/Users/ggcstaff/CarND-Term1-Starter-Kit/CarND-Behavioral-Cloning-P3/dataCW/IMG/right_2017_09_04_12_13_06_565.jpg,0.003169222,1,0,30.34672
/Users/ggcstaff/CarND-Term1-Starter-Kit/CarND-Behavioral-Cloning-P3/dataCW/IMG/center_2017_09_04_12_13_06_634.jpg,/Users/ggcstaff/CarND-Term1-Starter-Kit/CarND-Behavioral-Cloning-P3/dataCW/IMG/left_2017_09_04_12_13_06_634.jpg,/Users/ggcstaff/CarND-Term1-Starter-Kit/CarND-Behavioral-Cloning-P3/dataCW/IMG/right_2017_09_04_12_13_06_634.jpg,0.003169222,1,0,30.08611
/Users/ggcstaff/CarND-Term1-Starter-Kit/CarND-Behavioral-Cloning-P3/dataCW/IMG/center_2017_09_04_12_13_06_704.jpg,/Users/ggcstaff/CarND-Term1-Starter-Kit/CarND-Behavioral-Cloning-P3/dataCW/IMG/left_2017_09_04_12_13_06_704.jpg,/Users/ggcstaff/CarND-Term1-Starter-Kit/CarND-Behavioral-Cloning-P3/dataCW/IMG/right_2017_09_04_12_13_06_704.jpg,0.01300855,1,0,30.21634
/Users/ggcstaff/CarND-Term1-Starter-Kit/CarND-Behavioral-Cloning-P3/dataCW/IMG/center_2017_09_04_12_13_06_771.jpg,/Users/ggcstaff/CarND-Term1-Starter-Kit/CarND-Behavioral-Cloning-P3/dataCW/IMG/left_2017_09_04_12_13_06_771.jpg,/Users/ggcstaff/CarND-Term1-Starter-Kit/CarND-Behavioral-Cloning-P3/dataCW/IMG/right_2017_09_04_12_13_06_771.jpg,0.01300855,1,0,30.20864
/Users/ggcstaff/CarND-Term1-Starter-Kit/CarND-Behavioral-Cloning-P3/dataCW/IMG/center_2017_09_04_12_13_06_838.jpg,/Users/ggcstaff/CarND-Term1-Starter-Kit/CarND-Behavioral-Cloning-P3/dataCW/IMG/left_2017_09_04_12_13_06_838.jpg,/Users/ggcstaff/CarND-Term1-Starter-Kit/CarND-Behavioral-Cloning-P3/dataCW/IMG/right_2017_09_04_12_13_06_838.jpg,0.01300855,1,0,30.19037
/Users/ggcstaff/CarND-Term1-Starter-Kit/CarND-Behavioral-Cloning-P3/dataCW/IMG/center_2017_09_04_12_13_06_910.jpg,/Users/ggcstaff/CarND-Term1-Starter-Kit/CarND-Behavioral-Cloning-P3/dataCW/IMG/left_2017_09_04_12_13_06_910.jpg,/Users/ggcstaff/CarND-Term1-Starter-Kit/CarND-Behavioral-Cloning-P3/dataCW/IMG/right_2017_09_04_12_13_06_910.jpg,0.01300855,1,0,30.1897
/Users/ggcstaff/CarND-Term1-Starter-Kit/CarND-Behavioral-Cloning-P3/dataCW/IMG/center_2017_09_04_12_13_06_978.jpg,/Users/ggcstaff/CarND-Term1-Starter-Kit/CarND-Behavioral-Cloning-P3/dataCW/IMG/left_2017_09_04_12_13_06_978.jpg,/Users/ggcstaff/CarND-Term1-Starter-Kit/CarND-Behavioral-Cloning-P3/dataCW/IMG/right_2017_09_04_12_13_06_978.jpg,0.0195681,1,0,30.18981
/Users/ggcstaff/CarND-Term1-Starter-Kit/CarND-Behavioral-Cloning-P3/dataCW/IMG/center_2017_09_04_12_13_07_048.jpg,/Users/ggcstaff/CarND-Term1-Starter-Kit/CarND-Behavioral-Cloning-P3/dataCW/IMG/left_2017_09_04_12_13_07_048.jpg,/Users/ggcstaff/CarND-Term1-Starter-Kit/CarND-Behavioral-Cloning-P3/dataCW/IMG/right_2017_09_04_12_13_07_048.jpg,0.03924676,1,0,30.18974
/Users/ggcstaff/CarND-Term1-Starter-Kit/CarND-Behavioral-Cloning-P3/dataCW/IMG/center_2017_09_04_12_13_07_117.jpg,/Users/ggcstaff/CarND-Term1-Starter-Kit/CarND-Behavioral-Cloning-P3/dataCW/IMG/left_2017_09_04_12_13_07_117.jpg,/Users/ggcstaff/CarND-Term1-Starter-Kit/CarND-Behavioral-Cloning-P3/dataCW/IMG/right_2017_09_04_12_13_07_117.jpg,0.04908608,1,0,30.18994
/Users/ggcstaff/CarND-Term1-Starter-Kit/CarND-Behavioral-Cloning-P3/dataCW/IMG/center_2017_09_04_12_13_07_192.jpg,/Users/ggcstaff/CarND-Term1-Starter-Kit/CarND-Behavioral-Cloning-P3/dataCW/IMG/left_2017_09_04_12_13_07_192.jpg,/Users/ggcstaff/CarND-Term1-Starter-Kit/CarND-Behavioral-Cloning-P3/dataCW/IMG/right_2017_09_04_12_13_07_192.jpg,0.05564564,1,0,30.18995
/Users/ggcstaff/CarND-Term1-Starter-Kit/CarND-Behavioral-Cloning-P3/dataCW/IMG/center_2017_09_04_12_13_07_261.jpg,/Users/ggcstaff/CarND-Term1-Starter-Kit/CarND-Behavioral-Cloning-P3/dataCW/IMG/left_2017_09_04_12_13_07_261.jpg,/Users/ggcstaff/CarND-Term1-Starter-Kit/CarND-Behavioral-Cloning-P3/dataCW/IMG/right_2017_09_04_12_13_07_261.jpg,0.05892541,1,0,30.19001
/Users/ggcstaff/CarND-Term1-Starter-Kit/CarND-Behavioral-Cloning-P3/dataCW/IMG/center_2017_09_04_12_13_07_329.jpg,/Users/ggcstaff/CarND-Term1-Starter-Kit/CarND-Behavioral-Cloning-P3/dataCW/IMG/left_2017_09_04_12_13_07_329.jpg,/Users/ggcstaff/CarND-Term1-Starter-Kit/CarND-Behavioral-Cloning-P3/dataCW/IMG/right_2017_09_04_12_13_07_329.jpg,0.05892541,1,0,30.19006
/Users/ggcstaff/CarND-Term1-Starter-Kit/CarND-Behavioral-Cloning-P3/dataCW/IMG/center_2017_09_04_12_13_07_396.jpg,/Users/ggcstaff/CarND-Term1-Starter-Kit/CarND-Behavioral-Cloning-P3/dataCW/IMG/left_2017_09_04_12_13_07_396.jpg,/Users/ggcstaff/CarND-Term1-Starter-Kit/CarND-Behavioral-Cloning-P3/dataCW/IMG/right_2017_09_04_12_13_07_396.jpg,0.05892541,1,0,30.19015
/Users/ggcstaff/CarND-Term1-Starter-Kit/CarND-Behavioral-Cloning-P3/dataCW/IMG/center_2017_09_04_12_13_07_467.jpg,/Users/ggcstaff/CarND-Term1-Starter-Kit/CarND-Behavioral-Cloning-P3/dataCW/IMG/left_2017_09_04_12_13_07_467.jpg,/Users/ggcstaff/CarND-Term1-Starter-Kit/CarND-Behavioral-Cloning-P3/dataCW/IMG/right_2017_09_04_12_13_07_467.jpg,0.06220518,1,0,30.19014
/Users/ggcstaff/CarND-Term1-Starter-Kit/CarND-Behavioral-Cloning-P3/dataCW/IMG/center_2017_09_04_12_13_07_534.jpg,/Users/ggcstaff/CarND-Term1-Starter-Kit/CarND-Behavioral-Cloning-P3/dataCW/IMG/left_2017_09_04_12_13_07_534.jpg,/Users/ggcstaff/CarND-Term1-Starter-Kit/CarND-Behavioral-Cloning-P3/dataCW/IMG/right_2017_09_04_12_13_07_534.jpg,0.06876474,1,0,30.19006
/Users/ggcstaff/CarND-Term1-Starter-Kit/CarND-Behavioral-Cloning-P3/dataCW/IMG/center_2017_09_04_12_13_07_601.jpg,/Users/ggcstaff/CarND-Term1-Starter-Kit/CarND-Behavioral-Cloning-P3/dataCW/IMG/left_2017_09_04_12_13_07_601.jpg,/Users/ggcstaff/CarND-Term1-Starter-Kit/CarND-Behavioral-Cloning-P3/dataCW/IMG/right_2017_09_04_12_13_07_601.jpg,0.07532429,1,0,30.18999
/Users/ggcstaff/CarND-Term1-Starter-Kit/CarND-Behavioral-Cloning-P3/dataCW/IMG/center_2017_09_04_12_13_07_669.jpg,/Users/ggcstaff/CarND-Term1-Starter-Kit/CarND-Behavioral-Cloning-P3/dataCW/IMG/left_2017_09_04_12_13_07_669.jpg,/Users/ggcstaff/CarND-Term1-Starter-Kit/CarND-Behavioral-Cloning-P3/dataCW/IMG/right_2017_09_04_12_13_07_669.jpg,0.08188385,1,0,30.18995
/Users/ggcstaff/CarND-Term1-Starter-Kit/CarND-Behavioral-Cloning-P3/dataCW/IMG/center_2017_09_04_12_13_07_738.jpg,/Users/ggcstaff/CarND-Term1-Starter-Kit/CarND-Behavioral-Cloning-P3/dataCW/IMG/left_2017_09_04_12_13_07_738.jpg,/Users/ggcstaff/CarND-Term1-Starter-Kit/CarND-Behavioral-Cloning-P3/dataCW/IMG/right_2017_09_04_12_13_07_738.jpg,0.08188385,1,0,30.19
/Users/ggcstaff/CarND-Term1-Starter-Kit/CarND-Behavioral-Cloning-P3/dataCW/IMG/center_2017_09_04_12_13_07_814.jpg,/Users/ggcstaff/CarND-Term1-Starter-Kit/CarND-Behavioral-Cloning-P3/dataCW/IMG/left_2017_09_04_12_13_07_814.jpg,/Users/ggcstaff/CarND-Term1-Starter-Kit/CarND-Behavioral-Cloning-P3/dataCW/IMG/right_2017_09_04_12_13_07_814.jpg,0.08188385,1,0,30.19007
/Users/ggcstaff/CarND-Term1-Starter-Kit/CarND-Behavioral-Cloning-P3/dataCW/IMG/center_2017_09_04_12_13_07_884.jpg,/Users/ggcstaff/CarND-Term1-Starter-Kit/CarND-Behavioral-Cloning-P3/dataCW/IMG/left_2017_09_04_12_13_07_884.jpg,/Users/ggcstaff/CarND-Term1-Starter-Kit/CarND-Behavioral-Cloning-P3/dataCW/IMG/right_2017_09_04_12_13_07_884.jpg,0.08188385,1,0,30.19008
/Users/ggcstaff/CarND-Term1-Starter-Kit/CarND-Behavioral-Cloning-P3/dataCW/IMG/center_2017_09_04_12_13_07_953.jpg,/Users/ggcstaff/CarND-Term1-Starter-Kit/CarND-Behavioral-Cloning-P3/dataCW/IMG/left_2017_09_04_12_13_07_953.jpg,/Users/ggcstaff/CarND-Term1-Starter-Kit/CarND-Behavioral-Cloning-P3/dataCW/IMG/right_2017_09_04_12_13_07_953.jpg,0.05454009,1,0,30.1905
/Users/ggcstaff/CarND-Term1-Starter-Kit/CarND-Behavioral-Cloning-P3/dataCW/IMG/center_2017_09_04_12_13_08_023.jpg,/Users/ggcstaff/CarND-Term1-Starter-Kit/CarND-Behavioral-Cloning-P3/dataCW/IMG/left_2017_09_04_12_13_08_023.jpg,/Users/ggcstaff/CarND-Term1-Starter-Kit/CarND-Behavioral-Cloning-P3/dataCW/IMG/right_2017_09_04_12_13_08_023.jpg,0.03795696,1,0,30.19043
/Users/ggcstaff/CarND-Term1-Starter-Kit/CarND-Behavioral-Cloning-P3/dataCW/IMG/center_2017_09_04_12_13_08_097.jpg,/Users/ggcstaff/CarND-Term1-Starter-Kit/CarND-Behavioral-Cloning-P3/dataCW/IMG/left_2017_09_04_12_13_08_097.jpg,/Users/ggcstaff/CarND-Term1-Starter-Kit/CarND-Behavioral-Cloning-P3/dataCW/IMG/right_2017_09_04_12_13_08_097.jpg,0.03795696,1,0,30.19041
/Users/ggcstaff/CarND-Term1-Starter-Kit/CarND-Behavioral-Cloning-P3/dataCW/IMG/center_2017_09_04_12_13_08_166.jpg,/Users/ggcstaff/CarND-Term1-Starter-Kit/CarND-Behavioral-Cloning-P3/dataCW/IMG/left_2017_09_04_12_13_08_166.jpg,/Users/ggcstaff/CarND-Term1-Starter-Kit/CarND-Behavioral-Cloning-P3/dataCW/IMG/right_2017_09_04_12_13_08_166.jpg,0.03795696,1,0,30.19036
/Users/ggcstaff/CarND-Term1-Starter-Kit/CarND-Behavioral-Cloning-P3/dataCW/IMG/center_2017_09_04_12_13_08_236.jpg,/Users/ggcstaff/CarND-Term1-Starter-Kit/CarND-Behavioral-Cloning-P3/dataCW/IMG/left_2017_09_04_12_13_08_236.jpg,/Users/ggcstaff/CarND-Term1-Starter-Kit/CarND-Behavioral-Cloning-P3/dataCW/IMG/right_2017_09_04_12_13_08_236.jpg,0.03795696,1,0,30.19032
/Users/ggcstaff/CarND-Term1-Starter-Kit/CarND-Behavioral-Cloning-P3/dataCW/IMG/center_2017_09_04_12_13_08_316.jpg,/Users/ggcstaff/CarND-Term1-Starter-Kit/CarND-Behavioral-Cloning-P3/dataCW/IMG/left_2017_09_04_12_13_08_316.jpg,/Users/ggcstaff/CarND-Term1-Starter-Kit/CarND-Behavioral-Cloning-P3/dataCW/IMG/right_2017_09_04_12_13_08_316.jpg,0.03795696,1,0,30.1903
/Users/ggcstaff/CarND-Term1-Starter-Kit/CarND-Behavioral-Cloning-P3/dataCW/IMG/center_2017_09_04_12_13_08_384.jpg,/Users/ggcstaff/CarND-Term1-Starter-Kit/CarND-Behavioral-Cloning-P3/dataCW/IMG/left_2017_09_04_12_13_08_384.jpg,/Users/ggcstaff/CarND-Term1-Starter-Kit/CarND-Behavioral-Cloning-P3/dataCW/IMG/right_2017_09_04_12_13_08_384.jpg,0.02469045,1,0,30.1904
/Users/ggcstaff/CarND-Term1-Starter-Kit/CarND-Behavioral-Cloning-P3/dataCW/IMG/center_2017_09_04_12_13_08_453.jpg,/Users/ggcstaff/CarND-Term1-Starter-Kit/CarND-Behavioral-Cloning-P3/dataCW/IMG/left_2017_09_04_12_13_08_453.jpg,/Users/ggcstaff/CarND-Term1-Starter-Kit/CarND-Behavioral-Cloning-P3/dataCW/IMG/right_2017_09_04_12_13_08_453.jpg,0.004790684,1,0,30.19031
/Users/ggcstaff/CarND-Term1-Starter-Kit/CarND-Behavioral-Cloning-P3/dataCW/IMG/center_2017_09_04_12_13_08_520.jpg,/Users/ggcstaff/CarND-Term1-Starter-Kit/CarND-Behavioral-Cloning-P3/dataCW/IMG/left_2017_09_04_12_13_08_520.jpg,/Users/ggcstaff/CarND-Term1-Starter-Kit/CarND-Behavioral-Cloning-P3/dataCW/IMG/right_2017_09_04_12_13_08_520.jpg,0.004790684,1,0,30.19029
/Users/ggcstaff/CarND-Term1-Starter-Kit/CarND-Behavioral-Cloning-P3/dataCW/IMG/center_2017_09_04_12_13_08_590.jpg,/Users/ggcstaff/CarND-Term1-Starter-Kit/CarND-Behavioral-Cloning-P3/dataCW/IMG/left_2017_09_04_12_13_08_590.jpg,/Users/ggcstaff/CarND-Term1-Starter-Kit/CarND-Behavioral-Cloning-P3/dataCW/IMG/right_2017_09_04_12_13_08_590.jpg,0.004790684,1,0,30.1903
/Users/ggcstaff/CarND-Term1-Starter-Kit/CarND-Behavioral-Cloning-P3/dataCW/IMG/center_2017_09_04_12_13_08_658.jpg,/Users/ggcstaff/CarND-Term1-Starter-Kit/CarND-Behavioral-Cloning-P3/dataCW/IMG/left_2017_09_04_12_13_08_658.jpg,/Users/ggcstaff/CarND-Term1-Starter-Kit/CarND-Behavioral-Cloning-P3/dataCW/IMG/right_2017_09_04_12_13_08_658.jpg,0.004790684,1,0,30.19032
/Users/ggcstaff/CarND-Term1-Starter-Kit/CarND-Behavioral-Cloning-P3/dataCW/IMG/center_2017_09_04_12_13_08_726.jpg,/Users/ggcstaff/CarND-Term1-Starter-Kit/CarND-Behavioral-Cloning-P3/dataCW/IMG/left_2017_09_04_12_13_08_726.jpg,/Users/ggcstaff/CarND-Term1-Starter-Kit/CarND-Behavioral-Cloning-P3/dataCW/IMG/right_2017_09_04_12_13_08_726.jpg,0.004790684,1,0,30.1903
/Users/ggcstaff/CarND-Term1-Starter-Kit/CarND-Behavioral-Cloning-P3/dataCW/IMG/center_2017_09_04_12_13_08_795.jpg,/Users/ggcstaff/CarND-Term1-Starter-Kit/CarND-Behavioral-Cloning-P3/dataCW/IMG/left_2017_09_04_12_13_08_795.jpg,/Users/ggcstaff/CarND-Term1-Starter-Kit/CarND-Behavioral-Cloning-P3/dataCW/IMG/right_2017_09_04_12_13_08_795.jpg,0.004790684,1,0,30.19031
/Users/ggcstaff/CarND-Term1-Starter-Kit/CarND-Behavioral-Cloning-P3/dataCW/IMG/center_2017_09_04_12_13_08_862.jpg,/Users/ggcstaff/CarND-Term1-Starter-Kit/CarND-Behavioral-Cloning-P3/dataCW/IMG/left_2017_09_04_12_13_08_862.jpg,/Users/ggcstaff/CarND-Term1-Starter-Kit/CarND-Behavioral-Cloning-P3/dataCW/IMG/right_2017_09_04_12_13_08_862.jpg,0.004790684,1,0,30.19027
/Users/ggcstaff/CarND-Term1-Starter-Kit/CarND-Behavioral-Cloning-P3/dataCW/IMG/center_2017_09_04_12_13_08_933.jpg,/Users/ggcstaff/CarND-Term1-Starter-Kit/CarND-Behavioral-Cloning-P3/dataCW/IMG/left_2017_09_04_12_13_08_933.jpg,/Users/ggcstaff/CarND-Term1-Starter-Kit/CarND-Behavioral-Cloning-P3/dataCW/IMG/right_2017_09_04_12_13_08_933.jpg,0.004790684,1,0,30.19029
/Users/ggcstaff/CarND-Term1-Starter-Kit/CarND-Behavioral-Cloning-P3/dataCW/IMG/center_2017_09_04_12_13_09_004.jpg,/Users/ggcstaff/CarND-Term1-Starter-Kit/CarND-Behavioral-Cloning-P3/dataCW/IMG/left_2017_09_04_12_13_09_004.jpg,/Users/ggcstaff/CarND-Term1-Starter-Kit/CarND-Behavioral-Cloning-P3/dataCW/IMG/right_2017_09_04_12_13_09_004.jpg,-0.005159198,1,0,30.19028
/Users/ggcstaff/CarND-Term1-Starter-Kit/CarND-Behavioral-Cloning-P3/dataCW/IMG/center_2017_09_04_12_13_09_074.jpg,/Users/ggcstaff/CarND-Term1-Starter-Kit/CarND-Behavioral-Cloning-P3/dataCW/IMG/left_2017_09_04_12_13_09_074.jpg,/Users/ggcstaff/CarND-Term1-Starter-Kit/CarND-Behavioral-Cloning-P3/dataCW/IMG/right_2017_09_04_12_13_09_074.jpg,-0.008475825,1,0,30.19033
/Users/ggcstaff/CarND-Term1-Starter-Kit/CarND-Behavioral-Cloning-P3/dataCW/IMG/center_2017_09_04_12_13_09_143.jpg,/Users/ggcstaff/CarND-Term1-Starter-Kit/CarND-Behavioral-Cloning-P3/dataCW/IMG/left_2017_09_04_12_13_09_143.jpg,/Users/ggcstaff/CarND-Term1-Starter-Kit/CarND-Behavioral-Cloning-P3/dataCW/IMG/right_2017_09_04_12_13_09_143.jpg,-0.008475825,1,0,30.19031
/Users/ggcstaff/CarND-Term1-Starter-Kit/CarND-Behavioral-Cloning-P3/dataCW/IMG/center_2017_09_04_12_13_09_210.jpg,/Users/ggcstaff/CarND-Term1-Starter-Kit/CarND-Behavioral-Cloning-P3/dataCW/IMG/left_2017_09_04_12_13_09_210.jpg,/Users/ggcstaff/CarND-Term1-Starter-Kit/CarND-Behavioral-Cloning-P3/dataCW/IMG/right_2017_09_04_12_13_09_210.jpg,-0.008475825,1,0,30.19029
/Users/ggcstaff/CarND-Term1-Starter-Kit/CarND-Behavioral-Cloning-P3/dataCW/IMG/center_2017_09_04_12_13_09_286.jpg,/Users/ggcstaff/CarND-Term1-Starter-Kit/CarND-Behavioral-Cloning-P3/dataCW/IMG/left_2017_09_04_12_13_09_286.jpg,/Users/ggcstaff/CarND-Term1-Starter-Kit/CarND-Behavioral-Cloning-P3/dataCW/IMG/right_2017_09_04_12_13_09_286.jpg,-0.008475825,1,0,30.19028
/Users/ggcstaff/CarND-Term1-Starter-Kit/CarND-Behavioral-Cloning-P3/dataCW/IMG/center_2017_09_04_12_13_09_354.jpg,/Users/ggcstaff/CarND-Term1-Starter-Kit/CarND-Behavioral-Cloning-P3/dataCW/IMG/left_2017_09_04_12_13_09_354.jpg,/Users/ggcstaff/CarND-Term1-Starter-Kit/CarND-Behavioral-Cloning-P3/dataCW/IMG/right_2017_09_04_12_13_09_354.jpg,-0.001916274,1,0,30.19029
/Users/ggcstaff/CarND-Term1-Starter-Kit/CarND-Behavioral-Cloning-P3/dataCW/IMG/center_2017_09_04_12_13_09_422.jpg,/Users/ggcstaff/CarND-Term1-Starter-Kit/CarND-Behavioral-Cloning-P3/dataCW/IMG/left_2017_09_04_12_13_09_422.jpg,/Users/ggcstaff/CarND-Term1-Starter-Kit/CarND-Behavioral-Cloning-P3/dataCW/IMG/right_2017_09_04_12_13_09_422.jpg,-0.001916274,1,0,30.1903
/Users/ggcstaff/CarND-Term1-Starter-Kit/CarND-Behavioral-Cloning-P3/dataCW/IMG/center_2017_09_04_12_13_09_492.jpg,/Users/ggcstaff/CarND-Term1-Starter-Kit/CarND-Behavioral-Cloning-P3/dataCW/IMG/left_2017_09_04_12_13_09_492.jpg,/Users/ggcstaff/CarND-Term1-Starter-Kit/CarND-Behavioral-Cloning-P3/dataCW/IMG/right_2017_09_04_12_13_09_492.jpg,-0.001916274,1,0,30.1903
/Users/ggcstaff/CarND-Term1-Starter-Kit/CarND-Behavioral-Cloning-P3/dataCW/IMG/center_2017_09_04_12_13_09_560.jpg,/Users/ggcstaff/CarND-Term1-Starter-Kit/CarND-Behavioral-Cloning-P3/dataCW/IMG/left_2017_09_04_12_13_09_560.jpg,/Users/ggcstaff/CarND-Term1-Starter-Kit/CarND-Behavioral-Cloning-P3/dataCW/IMG/right_2017_09_04_12_13_09_560.jpg,-0.001916274,1,0,30.1903
/Users/ggcstaff/CarND-Term1-Starter-Kit/CarND-Behavioral-Cloning-P3/dataCW/IMG/center_2017_09_04_12_13_09_628.jpg,/Users/ggcstaff/CarND-Term1-Starter-Kit/CarND-Behavioral-Cloning-P3/dataCW/IMG/left_2017_09_04_12_13_09_628.jpg,/Users/ggcstaff/CarND-Term1-Starter-Kit/CarND-Behavioral-Cloning-P3/dataCW/IMG/right_2017_09_04_12_13_09_628.jpg,-0.001916274,1,0,30.1903
/Users/ggcstaff/CarND-Term1-Starter-Kit/CarND-Behavioral-Cloning-P3/dataCW/IMG/center_2017_09_04_12_13_09_699.jpg,/Users/ggcstaff/CarND-Term1-Starter-Kit/CarND-Behavioral-Cloning-P3/dataCW/IMG/left_2017_09_04_12_13_09_699.jpg,/Users/ggcstaff/CarND-Term1-Starter-Kit/CarND-Behavioral-Cloning-P3/dataCW/IMG/right_2017_09_04_12_13_09_699.jpg,0.01120283,1,0,30.19011
/Users/ggcstaff/CarND-Term1-Starter-Kit/CarND-Behavioral-Cloning-P3/dataCW/IMG/center_2017_09_04_12_13_09_767.jpg,/Users/ggcstaff/CarND-Term1-Starter-Kit/CarND-Behavioral-Cloning-P3/dataCW/IMG/left_2017_09_04_12_13_09_767.jpg,/Users/ggcstaff/CarND-Term1-Starter-Kit/CarND-Behavioral-Cloning-P3/dataCW/IMG/right_2017_09_04_12_13_09_767.jpg,0.01448261,1,0,30.19028
/Users/ggcstaff/CarND-Term1-Starter-Kit/CarND-Behavioral-Cloning-P3/dataCW/IMG/center_2017_09_04_12_13_09_837.jpg,/Users/ggcstaff/CarND-Term1-Starter-Kit/CarND-Behavioral-Cloning-P3/dataCW/IMG/left_2017_09_04_12_13_09_837.jpg,/Users/ggcstaff/CarND-Term1-Starter-Kit/CarND-Behavioral-Cloning-P3/dataCW/IMG/right_2017_09_04_12_13_09_837.jpg,0.01776238,1,0,30.19025
/Users/ggcstaff/CarND-Term1-Starter-Kit/CarND-Behavioral-Cloning-P3/dataCW/IMG/center_2017_09_04_12_13_09_906.jpg,/Users/ggcstaff/CarND-Term1-Starter-Kit/CarND-Behavioral-Cloning-P3/dataCW/IMG/left_2017_09_04_12_13_09_906.jpg,/Users/ggcstaff/CarND-Term1-Starter-Kit/CarND-Behavioral-Cloning-P3/dataCW/IMG/right_2017_09_04_12_13_09_906.jpg,0.02104216,1,0,30.19021
/Users/ggcstaff/CarND-Term1-Starter-Kit/CarND-Behavioral-Cloning-P3/dataCW/IMG/center_2017_09_04_12_13_09_974.jpg,/Users/ggcstaff/CarND-Term1-Starter-Kit/CarND-Behavioral-Cloning-P3/dataCW/IMG/left_2017_09_04_12_13_09_974.jpg,/Users/ggcstaff/CarND-Term1-Starter-Kit/CarND-Behavioral-Cloning-P3/dataCW/IMG/right_2017_09_04_12_13_09_974.jpg,0.02432194,1,0,30.1902
/Users/ggcstaff/CarND-Term1-Starter-Kit/CarND-Behavioral-Cloning-P3/dataCW/IMG/center_2017_09_04_12_13_10_044.jpg,/Users/ggcstaff/CarND-Term1-Starter-Kit/CarND-Behavioral-Cloning-P3/dataCW/IMG/left_2017_09_04_12_13_10_044.jpg,/Users/ggcstaff/CarND-Term1-Starter-Kit/CarND-Behavioral-Cloning-P3/dataCW/IMG/right_2017_09_04_12_13_10_044.jpg,0.02432194,1,0,30.19025
/Users/ggcstaff/CarND-Term1-Starter-Kit/CarND-Behavioral-Cloning-P3/dataCW/IMG/center_2017_09_04_12_13_10_111.jpg,/Users/ggcstaff/CarND-Term1-Starter-Kit/CarND-Behavioral-Cloning-P3/dataCW/IMG/left_2017_09_04_12_13_10_111.jpg,/Users/ggcstaff/CarND-Term1-Starter-Kit/CarND-Behavioral-Cloning-P3/dataCW/IMG/right_2017_09_04_12_13_10_111.jpg,0.02432194,1,0,30.19031
/Users/ggcstaff/CarND-Term1-Starter-Kit/CarND-Behavioral-Cloning-P3/dataCW/IMG/center_2017_09_04_12_13_10_187.jpg,/Users/ggcstaff/CarND-Term1-Starter-Kit/CarND-Behavioral-Cloning-P3/dataCW/IMG/left_2017_09_04_12_13_10_187.jpg,/Users/ggcstaff/CarND-Term1-Starter-Kit/CarND-Behavioral-Cloning-P3/dataCW/IMG/right_2017_09_04_12_13_10_187.jpg,0.02432194,1,0,30.1903
/Users/ggcstaff/CarND-Term1-Starter-Kit/CarND-Behavioral-Cloning-P3/dataCW/IMG/center_2017_09_04_12_13_10_255.jpg,/Users/ggcstaff/CarND-Term1-Starter-Kit/CarND-Behavioral-Cloning-P3/dataCW/IMG/left_2017_09_04_12_13_10_255.jpg,/Users/ggcstaff/CarND-Term1-Starter-Kit/CarND-Behavioral-Cloning-P3/dataCW/IMG/right_2017_09_04_12_13_10_255.jpg,0.02432194,1,0,30.19027
/Users/ggcstaff/CarND-Term1-Starter-Kit/CarND-Behavioral-Cloning-P3/dataCW/IMG/center_2017_09_04_12_13_10_326.jpg,/Users/ggcstaff/CarND-Term1-Starter-Kit/CarND-Behavioral-Cloning-P3/dataCW/IMG/left_2017_09_04_12_13_10_326.jpg,/Users/ggcstaff/CarND-Term1-Starter-Kit/CarND-Behavioral-Cloning-P3/dataCW/IMG/right_2017_09_04_12_13_10_326.jpg,0.02432194,1,0,30.19028
/Users/ggcstaff/CarND-Term1-Starter-Kit/CarND-Behavioral-Cloning-P3/dataCW/IMG/center_2017_09_04_12_13_10_395.jpg,/Users/ggcstaff/CarND-Term1-Starter-Kit/CarND-Behavioral-Cloning-P3/dataCW/IMG/left_2017_09_04_12_13_10_395.jpg,/Users/ggcstaff/CarND-Term1-Starter-Kit/CarND-Behavioral-Cloning-P3/dataCW/IMG/right_2017_09_04_12_13_10_395.jpg,0.02432194,1,0,30.19032
/Users/ggcstaff/CarND-Term1-Starter-Kit/CarND-Behavioral-Cloning-P3/dataCW/IMG/center_2017_09_04_12_13_10_463.jpg,/Users/ggcstaff/CarND-Term1-Starter-Kit/CarND-Behavioral-Cloning-P3/dataCW/IMG/left_2017_09_04_12_13_10_463.jpg,/Users/ggcstaff/CarND-Term1-Starter-Kit/CarND-Behavioral-Cloning-P3/dataCW/IMG/right_2017_09_04_12_13_10_463.jpg,0.02432194,1,0,30.19027
/Users/ggcstaff/CarND-Term1-Starter-Kit/CarND-Behavioral-Cloning-P3/dataCW/IMG/center_2017_09_04_12_13_10_534.jpg,/Users/ggcstaff/CarND-Term1-Starter-Kit/CarND-Behavioral-Cloning-P3/dataCW/IMG/left_2017_09_04_12_13_10_534.jpg,/Users/ggcstaff/CarND-Term1-Starter-Kit/CarND-Behavioral-Cloning-P3/dataCW/IMG/right_2017_09_04_12_13_10_534.jpg,0.02432194,1,0,30.19038
/Users/ggcstaff/CarND-Term1-Starter-Kit/CarND-Behavioral-Cloning-P3/dataCW/IMG/center_2017_09_04_12_13_10_602.jpg,/Users/ggcstaff/CarND-Term1-Starter-Kit/CarND-Behavioral-Cloning-P3/dataCW/IMG/left_2017_09_04_12_13_10_602.jpg,/Users/ggcstaff/CarND-Term1-Starter-Kit/CarND-Behavioral-Cloning-P3/dataCW/IMG/right_2017_09_04_12_13_10_602.jpg,0.02432194,1,0,30.1903
/Users/ggcstaff/CarND-Term1-Starter-Kit/CarND-Behavioral-Cloning-P3/dataCW/IMG/center_2017_09_04_12_13_10_670.jpg,/Users/ggcstaff/CarND-Term1-Starter-Kit/CarND-Behavioral-Cloning-P3/dataCW/IMG/left_2017_09_04_12_13_10_670.jpg,/Users/ggcstaff/CarND-Term1-Starter-Kit/CarND-Behavioral-Cloning-P3/dataCW/IMG/right_2017_09_04_12_13_10_670.jpg,0.02432194,1,0,30.19028
/Users/ggcstaff/CarND-Term1-Starter-Kit/CarND-Behavioral-Cloning-P3/dataCW/IMG/center_2017_09_04_12_13_10_737.jpg,/Users/ggcstaff/CarND-Term1-Starter-Kit/CarND-Behavioral-Cloning-P3/dataCW/IMG/left_2017_09_04_12_13_10_737.jpg,/Users/ggcstaff/CarND-Term1-Starter-Kit/CarND-Behavioral-Cloning-P3/dataCW/IMG/right_2017_09_04_12_13_10_737.jpg,0.02432194,1,0,30.19011
/Users/ggcstaff/CarND-Term1-Starter-Kit/CarND-Behavioral-Cloning-P3/dataCW/IMG/center_2017_09_04_12_13_10_814.jpg,/Users/ggcstaff/CarND-Term1-Starter-Kit/CarND-Behavioral-Cloning-P3/dataCW/IMG/left_2017_09_04_12_13_10_814.jpg,/Users/ggcstaff/CarND-Term1-Starter-Kit/CarND-Behavioral-Cloning-P3/dataCW/IMG/right_2017_09_04_12_13_10_814.jpg,0.02432194,1,0,30.19027
/Users/ggcstaff/CarND-Term1-Starter-Kit/CarND-Behavioral-Cloning-P3/dataCW/IMG/center_2017_09_04_12_13_10_881.jpg,/Users/ggcstaff/CarND-Term1-Starter-Kit/CarND-Behavioral-Cloning-P3/dataCW/IMG/left_2017_09_04_12_13_10_881.jpg,/Users/ggcstaff/CarND-Term1-Starter-Kit/CarND-Behavioral-Cloning-P3/dataCW/IMG/right_2017_09_04_12_13_10_881.jpg,0.02432194,1,0,30.19027
/Users/ggcstaff/CarND-Term1-Starter-Kit/CarND-Behavioral-Cloning-P3/dataCW/IMG/center_2017_09_04_12_13_10_953.jpg,/Users/ggcstaff/CarND-Term1-Starter-Kit/CarND-Behavioral-Cloning-P3/dataCW/IMG/left_2017_09_04_12_13_10_953.jpg,/Users/ggcstaff/CarND-Term1-Starter-Kit/CarND-Behavioral-Cloning-P3/dataCW/IMG/right_2017_09_04_12_13_10_953.jpg,0.02432194,1,0,30.19027
/Users/ggcstaff/CarND-Term1-Starter-Kit/CarND-Behavioral-Cloning-P3/dataCW/IMG/center_2017_09_04_12_13_11_022.jpg,/Users/ggcstaff/CarND-Term1-Starter-Kit/CarND-Behavioral-Cloning-P3/dataCW/IMG/left_2017_09_04_12_13_11_022.jpg,/Users/ggcstaff/CarND-Term1-Starter-Kit/CarND-Behavioral-Cloning-P3/dataCW/IMG/right_2017_09_04_12_13_11_022.jpg,0.02432194,1,0,30.19029
/Users/ggcstaff/CarND-Term1-Starter-Kit/CarND-Behavioral-Cloning-P3/dataCW/IMG/center_2017_09_04_12_13_11_092.jpg,/Users/ggcstaff/CarND-Term1-Starter-Kit/CarND-Behavioral-Cloning-P3/dataCW/IMG/left_2017_09_04_12_13_11_092.jpg,/Users/ggcstaff/CarND-Term1-Starter-Kit/CarND-Behavioral-Cloning-P3/dataCW/IMG/right_2017_09_04_12_13_11_092.jpg,0.02432194,1,0,30.19028
/Users/ggcstaff/CarND-Term1-Starter-Kit/CarND-Behavioral-Cloning-P3/dataCW/IMG/center_2017_09_04_12_13_11_168.jpg,/Users/ggcstaff/CarND-Term1-Starter-Kit/CarND-Behavioral-Cloning-P3/dataCW/IMG/left_2017_09_04_12_13_11_168.jpg,/Users/ggcstaff/CarND-Term1-Starter-Kit/CarND-Behavioral-Cloning-P3/dataCW/IMG/right_2017_09_04_12_13_11_168.jpg,0.02432194,1,0,30.19027
/Users/ggcstaff/CarND-Term1-Starter-Kit/CarND-Behavioral-Cloning-P3/dataCW/IMG/center_2017_09_04_12_13_11_235.jpg,/Users/ggcstaff/CarND-Term1-Starter-Kit/CarND-Behavioral-Cloning-P3/dataCW/IMG/left_2017_09_04_12_13_11_235.jpg,/Users/ggcstaff/CarND-Term1-Starter-Kit/CarND-Behavioral-Cloning-P3/dataCW/IMG/right_2017_09_04_12_13_11_235.jpg,0.02432194,1,0,30.19028
/Users/ggcstaff/CarND-Term1-Starter-Kit/CarND-Behavioral-Cloning-P3/dataCW/IMG/center_2017_09_04_12_13_11_304.jpg,/Users/ggcstaff/CarND-Term1-Starter-Kit/CarND-Behavioral-Cloning-P3/dataCW/IMG/left_2017_09_04_12_13_11_304.jpg,/Users/ggcstaff/CarND-Term1-Starter-Kit/CarND-Behavioral-Cloning-P3/dataCW/IMG/right_2017_09_04_12_13_11_304.jpg,0.02432194,1,0,30.19027
/Users/ggcstaff/CarND-Term1-Starter-Kit/CarND-Behavioral-Cloning-P3/dataCW/IMG/center_2017_09_04_12_13_11_371.jpg,/Users/ggcstaff/CarND-Term1-Starter-Kit/CarND-Behavioral-Cloning-P3/dataCW/IMG/left_2017_09_04_12_13_11_371.jpg,/Users/ggcstaff/CarND-Term1-Starter-Kit/CarND-Behavioral-Cloning-P3/dataCW/IMG/right_2017_09_04_12_13_11_371.jpg,0.02432194,1,0,30.19018
/Users/ggcstaff/CarND-Term1-Starter-Kit/CarND-Behavioral-Cloning-P3/dataCW/IMG/center_2017_09_04_12_13_11_438.jpg,/Users/ggcstaff/CarND-Term1-Starter-Kit/CarND-Behavioral-Cloning-P3/dataCW/IMG/left_2017_09_04_12_13_11_438.jpg,/Users/ggcstaff/CarND-Term1-Starter-Kit/CarND-Behavioral-Cloning-P3/dataCW/IMG/right_2017_09_04_12_13_11_438.jpg,0.03744104,1,0,30.19019
/Users/ggcstaff/CarND-Term1-Starter-Kit/CarND-Behavioral-Cloning-P3/dataCW/IMG/center_2017_09_04_12_13_11_508.jpg,/Users/ggcstaff/CarND-Term1-Starter-Kit/CarND-Behavioral-Cloning-P3/dataCW/IMG/left_2017_09_04_12_13_11_508.jpg,/Users/ggcstaff/CarND-Term1-Starter-Kit/CarND-Behavioral-Cloning-P3/dataCW/IMG/right_2017_09_04_12_13_11_508.jpg,0.05383992,1,0,30.18991
/Users/ggcstaff/CarND-Term1-Starter-Kit/CarND-Behavioral-Cloning-P3/dataCW/IMG/center_2017_09_04_12_13_11_575.jpg,/Users/ggcstaff/CarND-Term1-Starter-Kit/CarND-Behavioral-Cloning-P3/dataCW/IMG/left_2017_09_04_12_13_11_575.jpg,/Users/ggcstaff/CarND-Term1-Starter-Kit/CarND-Behavioral-Cloning-P3/dataCW/IMG/right_2017_09_04_12_13_11_575.jpg,0.05383992,1,0,30.19009
/Users/ggcstaff/CarND-Term1-Starter-Kit/CarND-Behavioral-Cloning-P3/dataCW/IMG/center_2017_09_04_12_13_11_644.jpg,/Users/ggcstaff/CarND-Term1-Starter-Kit/CarND-Behavioral-Cloning-P3/dataCW/IMG/left_2017_09_04_12_13_11_644.jpg,/Users/ggcstaff/CarND-Term1-Starter-Kit/CarND-Behavioral-Cloning-P3/dataCW/IMG/right_2017_09_04_12_13_11_644.jpg,0.05711969,1,0,30.19004
/Users/ggcstaff/CarND-Term1-Starter-Kit/CarND-Behavioral-Cloning-P3/dataCW/IMG/center_2017_09_04_12_13_11_713.jpg,/Users/ggcstaff/CarND-Term1-Starter-Kit/CarND-Behavioral-Cloning-P3/dataCW/IMG/left_2017_09_04_12_13_11_713.jpg,/Users/ggcstaff/CarND-Term1-Starter-Kit/CarND-Behavioral-Cloning-P3/dataCW/IMG/right_2017_09_04_12_13_11_713.jpg,0.08217865,1,0,30.18957
/Users/ggcstaff/CarND-Term1-Starter-Kit/CarND-Behavioral-Cloning-P3/dataCW/IMG/center_2017_09_04_12_13_11_781.jpg,/Users/ggcstaff/CarND-Term1-Starter-Kit/CarND-Behavioral-Cloning-P3/dataCW/IMG/left_2017_09_04_12_13_11_781.jpg,/Users/ggcstaff/CarND-Term1-Starter-Kit/CarND-Behavioral-Cloning-P3/dataCW/IMG/right_2017_09_04_12_13_11_781.jpg,0.08217865,1,0,30.18978
/Users/ggcstaff/CarND-Term1-Starter-Kit/CarND-Behavioral-Cloning-P3/dataCW/IMG/center_2017_09_04_12_13_11_850.jpg,/Users/ggcstaff/CarND-Term1-Starter-Kit/CarND-Behavioral-Cloning-P3/dataCW/IMG/left_2017_09_04_12_13_11_850.jpg,/Users/ggcstaff/CarND-Term1-Starter-Kit/CarND-Behavioral-Cloning-P3/dataCW/IMG/right_2017_09_04_12_13_11_850.jpg,0.08217865,1,0,30.18993
/Users/ggcstaff/CarND-Term1-Starter-Kit/CarND-Behavioral-Cloning-P3/dataCW/IMG/center_2017_09_04_12_13_11_920.jpg,/Users/ggcstaff/CarND-Term1-Starter-Kit/CarND-Behavioral-Cloning-P3/dataCW/IMG/left_2017_09_04_12_13_11_920.jpg,/Users/ggcstaff/CarND-Term1-Starter-Kit/CarND-Behavioral-Cloning-P3/dataCW/IMG/right_2017_09_04_12_13_11_920.jpg,0.08217865,1,0,30.19002
/Users/ggcstaff/CarND-Term1-Starter-Kit/CarND-Behavioral-Cloning-P3/dataCW/IMG/center_2017_09_04_12_13_11_988.jpg,/Users/ggcstaff/CarND-Term1-Starter-Kit/CarND-Behavioral-Cloning-P3/dataCW/IMG/left_2017_09_04_12_13_11_988.jpg,/Users/ggcstaff/CarND-Term1-Starter-Kit/CarND-Behavioral-Cloning-P3/dataCW/IMG/right_2017_09_04_12_13_11_988.jpg,0.08217865,1,0,30.19008
/Users/ggcstaff/CarND-Term1-Starter-Kit/CarND-Behavioral-Cloning-P3/dataCW/IMG/center_2017_09_04_12_13_12_057.jpg,/Users/ggcstaff/CarND-Term1-Starter-Kit/CarND-Behavioral-Cloning-P3/dataCW/IMG/left_2017_09_04_12_13_12_057.jpg,/Users/ggcstaff/CarND-Term1-Starter-Kit/CarND-Behavioral-Cloning-P3/dataCW/IMG/right_2017_09_04_12_13_12_057.jpg,0.08217865,1,0,30.19011
/Users/ggcstaff/CarND-Term1-Starter-Kit/CarND-Behavioral-Cloning-P3/dataCW/IMG/center_2017_09_04_12_13_12_127.jpg,/Users/ggcstaff/CarND-Term1-Starter-Kit/CarND-Behavioral-Cloning-P3/dataCW/IMG/left_2017_09_04_12_13_12_127.jpg,/Users/ggcstaff/CarND-Term1-Starter-Kit/CarND-Behavioral-Cloning-P3/dataCW/IMG/right_2017_09_04_12_13_12_127.jpg,0.08217865,1,0,30.1902
/Users/ggcstaff/CarND-Term1-Starter-Kit/CarND-Behavioral-Cloning-P3/dataCW/IMG/center_2017_09_04_12_13_12_194.jpg,/Users/ggcstaff/CarND-Term1-Starter-Kit/CarND-Behavioral-Cloning-P3/dataCW/IMG/left_2017_09_04_12_13_12_194.jpg,/Users/ggcstaff/CarND-Term1-Starter-Kit/CarND-Behavioral-Cloning-P3/dataCW/IMG/right_2017_09_04_12_13_12_194.jpg,0.08217865,1,0,30.19011
/Users/ggcstaff/CarND-Term1-Starter-Kit/CarND-Behavioral-Cloning-P3/dataCW/IMG/center_2017_09_04_12_13_12_264.jpg,/Users/ggcstaff/CarND-Term1-Starter-Kit/CarND-Behavioral-Cloning-P3/dataCW/IMG/left_2017_09_04_12_13_12_264.jpg,/Users/ggcstaff/CarND-Term1-Starter-Kit/CarND-Behavioral-Cloning-P3/dataCW/IMG/right_2017_09_04_12_13_12_264.jpg,0.08217865,1,0,30.19014
/Users/ggcstaff/CarND-Term1-Starter-Kit/CarND-Behavioral-Cloning-P3/dataCW/IMG/center_2017_09_04_12_13_12_332.jpg,/Users/ggcstaff/CarND-Term1-Starter-Kit/CarND-Behavioral-Cloning-P3/dataCW/IMG/left_2017_09_04_12_13_12_332.jpg,/Users/ggcstaff/CarND-Term1-Starter-Kit/CarND-Behavioral-Cloning-P3/dataCW/IMG/right_2017_09_04_12_13_12_332.jpg,0.08217865,1,0,30.19048
/Users/ggcstaff/CarND-Term1-Starter-Kit/CarND-Behavioral-Cloning-P3/dataCW/IMG/center_2017_09_04_12_13_12_401.jpg,/Users/ggcstaff/CarND-Term1-Starter-Kit/CarND-Behavioral-Cloning-P3/dataCW/IMG/left_2017_09_04_12_13_12_401.jpg,/Users/ggcstaff/CarND-Term1-Starter-Kit/CarND-Behavioral-Cloning-P3/dataCW/IMG/right_2017_09_04_12_13_12_401.jpg,0.08217865,1,0,30.19011
/Users/ggcstaff/CarND-Term1-Starter-Kit/CarND-Behavioral-Cloning-P3/dataCW/IMG/center_2017_09_04_12_13_12_471.jpg,/Users/ggcstaff/CarND-Term1-Starter-Kit/CarND-Behavioral-Cloning-P3/dataCW/IMG/left_2017_09_04_12_13_12_471.jpg,/Users/ggcstaff/CarND-Term1-Starter-Kit/CarND-Behavioral-Cloning-P3/dataCW/IMG/right_2017_09_04_12_13_12_471.jpg,0.08217865,1,0,30.1901
/Users/ggcstaff/CarND-Term1-Starter-Kit/CarND-Behavioral-Cloning-P3/dataCW/IMG/center_2017_09_04_12_13_12_540.jpg,/Users/ggcstaff/CarND-Term1-Starter-Kit/CarND-Behavioral-Cloning-P3/dataCW/IMG/left_2017_09_04_12_13_12_540.jpg,/Users/ggcstaff/CarND-Term1-Starter-Kit/CarND-Behavioral-Cloning-P3/dataCW/IMG/right_2017_09_04_12_13_12_540.jpg,0.08217865,1,0,30.19017
/Users/ggcstaff/CarND-Term1-Starter-Kit/CarND-Behavioral-Cloning-P3/dataCW/IMG/center_2017_09_04_12_13_12_608.jpg,/Users/ggcstaff/CarND-Term1-Starter-Kit/CarND-Behavioral-Cloning-P3/dataCW/IMG/left_2017_09_04_12_13_12_608.jpg,/Users/ggcstaff/CarND-Term1-Starter-Kit/CarND-Behavioral-Cloning-P3/dataCW/IMG/right_2017_09_04_12_13_12_608.jpg,0.08217865,1,0,30.19017
/Users/ggcstaff/CarND-Term1-Starter-Kit/CarND-Behavioral-Cloning-P3/dataCW/IMG/center_2017_09_04_12_13_12_677.jpg,/Users/ggcstaff/CarND-Term1-Starter-Kit/CarND-Behavioral-Cloning-P3/dataCW/IMG/left_2017_09_04_12_13_12_677.jpg,/Users/ggcstaff/CarND-Term1-Starter-Kit/CarND-Behavioral-Cloning-P3/dataCW/IMG/right_2017_09_04_12_13_12_677.jpg,0.08217865,1,0,30.19016
/Users/ggcstaff/CarND-Term1-Starter-Kit/CarND-Behavioral-Cloning-P3/dataCW/IMG/center_2017_09_04_12_13_12_744.jpg,/Users/ggcstaff/CarND-Term1-Starter-Kit/CarND-Behavioral-Cloning-P3/dataCW/IMG/left_2017_09_04_12_13_12_744.jpg,/Users/ggcstaff/CarND-Term1-Starter-Kit/CarND-Behavioral-Cloning-P3/dataCW/IMG/right_2017_09_04_12_13_12_744.jpg,0.05358196,1,0,30.19054
/Users/ggcstaff/CarND-Term1-Starter-Kit/CarND-Behavioral-Cloning-P3/dataCW/IMG/center_2017_09_04_12_13_12_816.jpg,/Users/ggcstaff/CarND-Term1-Starter-Kit/CarND-Behavioral-Cloning-P3/dataCW/IMG/left_2017_09_04_12_13_12_816.jpg,/Users/ggcstaff/CarND-Term1-Starter-Kit/CarND-Behavioral-Cloning-P3/dataCW/IMG/right_2017_09_04_12_13_12_816.jpg,0.02373231,1,0,30.19046
/Users/ggcstaff/CarND-Term1-Starter-Kit/CarND-Behavioral-Cloning-P3/dataCW/IMG/center_2017_09_04_12_13_12_887.jpg,/Users/ggcstaff/CarND-Term1-Starter-Kit/CarND-Behavioral-Cloning-P3/dataCW/IMG/left_2017_09_04_12_13_12_887.jpg,/Users/ggcstaff/CarND-Term1-Starter-Kit/CarND-Behavioral-Cloning-P3/dataCW/IMG/right_2017_09_04_12_13_12_887.jpg,0.02041569,1,0,30.19069
/Users/ggcstaff/CarND-Term1-Starter-Kit/CarND-Behavioral-Cloning-P3/dataCW/IMG/center_2017_09_04_12_13_12_960.jpg,/Users/ggcstaff/CarND-Term1-Starter-Kit/CarND-Behavioral-Cloning-P3/dataCW/IMG/left_2017_09_04_12_13_12_960.jpg,/Users/ggcstaff/CarND-Term1-Starter-Kit/CarND-Behavioral-Cloning-P3/dataCW/IMG/right_2017_09_04_12_13_12_960.jpg,0.02041569,1,0,30.19038
/Users/ggcstaff/CarND-Term1-Starter-Kit/CarND-Behavioral-Cloning-P3/dataCW/IMG/center_2017_09_04_12_13_13_027.jpg,/Users/ggcstaff/CarND-Term1-Starter-Kit/CarND-Behavioral-Cloning-P3/dataCW/IMG/left_2017_09_04_12_13_13_027.jpg,/Users/ggcstaff/CarND-Term1-Starter-Kit/CarND-Behavioral-Cloning-P3/dataCW/IMG/right_2017_09_04_12_13_13_027.jpg,0.02041569,1,0,30.19032
/Users/ggcstaff/CarND-Term1-Starter-Kit/CarND-Behavioral-Cloning-P3/dataCW/IMG/center_2017_09_04_12_13_13_095.jpg,/Users/ggcstaff/CarND-Term1-Starter-Kit/CarND-Behavioral-Cloning-P3/dataCW/IMG/left_2017_09_04_12_13_13_095.jpg,/Users/ggcstaff/CarND-Term1-Starter-Kit/CarND-Behavioral-Cloning-P3/dataCW/IMG/right_2017_09_04_12_13_13_095.jpg,0.02041569,1,0,30.19036
/Users/ggcstaff/CarND-Term1-Starter-Kit/CarND-Behavioral-Cloning-P3/dataCW/IMG/center_2017_09_04_12_13_13_169.jpg,/Users/ggcstaff/CarND-Term1-Starter-Kit/CarND-Behavioral-Cloning-P3/dataCW/IMG/left_2017_09_04_12_13_13_169.jpg,/Users/ggcstaff/CarND-Term1-Starter-Kit/CarND-Behavioral-Cloning-P3/dataCW/IMG/right_2017_09_04_12_13_13_169.jpg,0.02041569,1,0,30.19029
/Users/ggcstaff/CarND-Term1-Starter-Kit/CarND-Behavioral-Cloning-P3/dataCW/IMG/center_2017_09_04_12_13_13_239.jpg,/Users/ggcstaff/CarND-Term1-Starter-Kit/CarND-Behavioral-Cloning-P3/dataCW/IMG/left_2017_09_04_12_13_13_239.jpg,/Users/ggcstaff/CarND-Term1-Starter-Kit/CarND-Behavioral-Cloning-P3/dataCW/IMG/right_2017_09_04_12_13_13_239.jpg,0.03025501,1,0,30.19024
/Users/ggcstaff/CarND-Term1-Starter-Kit/CarND-Behavioral-Cloning-P3/dataCW/IMG/center_2017_09_04_12_13_13_318.jpg,/Users/ggcstaff/CarND-Term1-Starter-Kit/CarND-Behavioral-Cloning-P3/dataCW/IMG/left_2017_09_04_12_13_13_318.jpg,/Users/ggcstaff/CarND-Term1-Starter-Kit/CarND-Behavioral-Cloning-P3/dataCW/IMG/right_2017_09_04_12_13_13_318.jpg,0.03353479,1,0,30.1902
/Users/ggcstaff/CarND-Term1-Starter-Kit/CarND-Behavioral-Cloning-P3/dataCW/IMG/center_2017_09_04_12_13_13_386.jpg,/Users/ggcstaff/CarND-Term1-Starter-Kit/CarND-Behavioral-Cloning-P3/dataCW/IMG/left_2017_09_04_12_13_13_386.jpg,/Users/ggcstaff/CarND-Term1-Starter-Kit/CarND-Behavioral-Cloning-P3/dataCW/IMG/right_2017_09_04_12_13_13_386.jpg,0.03353479,1,0,30.1902
/Users/ggcstaff/CarND-Term1-Starter-Kit/CarND-Behavioral-Cloning-P3/dataCW/IMG/center_2017_09_04_12_13_13_460.jpg,/Users/ggcstaff/CarND-Term1-Starter-Kit/CarND-Behavioral-Cloning-P3/dataCW/IMG/left_2017_09_04_12_13_13_460.jpg,/Users/ggcstaff/CarND-Term1-Starter-Kit/CarND-Behavioral-Cloning-P3/dataCW/IMG/right_2017_09_04_12_13_13_460.jpg,0.03353479,1,0,30.19024
/Users/ggcstaff/CarND-Term1-Starter-Kit/CarND-Behavioral-Cloning-P3/dataCW/IMG/center_2017_09_04_12_13_13_533.jpg,/Users/ggcstaff/CarND-Term1-Starter-Kit/CarND-Behavioral-Cloning-P3/dataCW/IMG/left_2017_09_04_12_13_13_533.jpg,/Users/ggcstaff/CarND-Term1-Starter-Kit/CarND-Behavioral-Cloning-P3/dataCW/IMG/right_2017_09_04_12_13_13_533.jpg,0.03353479,1,0,30.19027
/Users/ggcstaff/CarND-Term1-Starter-Kit/CarND-Behavioral-Cloning-P3/dataCW/IMG/center_2017_09_04_12_13_13_603.jpg,/Users/ggcstaff/CarND-Term1-Starter-Kit/CarND-Behavioral-Cloning-P3/dataCW/IMG/left_2017_09_04_12_13_13_603.jpg,/Users/ggcstaff/CarND-Term1-Starter-Kit/CarND-Behavioral-Cloning-P3/dataCW/IMG/right_2017_09_04_12_13_13_603.jpg,0.03681456,1,0,30.19042
/Users/ggcstaff/CarND-Term1-Starter-Kit/CarND-Behavioral-Cloning-P3/dataCW/IMG/center_2017_09_04_12_13_13_673.jpg,/Users/ggcstaff/CarND-Term1-Starter-Kit/CarND-Behavioral-Cloning-P3/dataCW/IMG/left_2017_09_04_12_13_13_673.jpg,/Users/ggcstaff/CarND-Term1-Starter-Kit/CarND-Behavioral-Cloning-P3/dataCW/IMG/right_2017_09_04_12_13_13_673.jpg,0.03681456,1,0,30.19024
/Users/ggcstaff/CarND-Term1-Starter-Kit/CarND-Behavioral-Cloning-P3/dataCW/IMG/center_2017_09_04_12_13_13_739.jpg,/Users/ggcstaff/CarND-Term1-Starter-Kit/CarND-Behavioral-Cloning-P3/dataCW/IMG/left_2017_09_04_12_13_13_739.jpg,/Users/ggcstaff/CarND-Term1-Starter-Kit/CarND-Behavioral-Cloning-P3/dataCW/IMG/right_2017_09_04_12_13_13_739.jpg,0.03681456,1,0,30.19025
/Users/ggcstaff/CarND-Term1-Starter-Kit/CarND-Behavioral-Cloning-P3/dataCW/IMG/center_2017_09_04_12_13_13_807.jpg,/Users/ggcstaff/CarND-Term1-Starter-Kit/CarND-Behavioral-Cloning-P3/dataCW/IMG/left_2017_09_04_12_13_13_807.jpg,/Users/ggcstaff/CarND-Term1-Starter-Kit/CarND-Behavioral-Cloning-P3/dataCW/IMG/right_2017_09_04_12_13_13_807.jpg,0.03681456,1,0,30.19075
/Users/ggcstaff/CarND-Term1-Starter-Kit/CarND-Behavioral-Cloning-P3/dataCW/IMG/center_2017_09_04_12_13_13_876.jpg,/Users/ggcstaff/CarND-Term1-Starter-Kit/CarND-Behavioral-Cloning-P3/dataCW/IMG/left_2017_09_04_12_13_13_876.jpg,/Users/ggcstaff/CarND-Term1-Starter-Kit/CarND-Behavioral-Cloning-P3/dataCW/IMG/right_2017_09_04_12_13_13_876.jpg,0.03681456,1,0,30.19023
/Users/ggcstaff/CarND-Term1-Starter-Kit/CarND-Behavioral-Cloning-P3/dataCW/IMG/center_2017_09_04_12_13_13_955.jpg,/Users/ggcstaff/CarND-Term1-Starter-Kit/CarND-Behavioral-Cloning-P3/dataCW/IMG/left_2017_09_04_12_13_13_955.jpg,/Users/ggcstaff/CarND-Term1-Starter-Kit/CarND-Behavioral-Cloning-P3/dataCW/IMG/right_2017_09_04_12_13_13_955.jpg,0.03681456,1,0,30.19029
/Users/ggcstaff/CarND-Term1-Starter-Kit/CarND-Behavioral-Cloning-P3/dataCW/IMG/center_2017_09_04_12_13_14_025.jpg,/Users/ggcstaff/CarND-Term1-Starter-Kit/CarND-Behavioral-Cloning-P3/dataCW/IMG/left_2017_09_04_12_13_14_025.jpg,/Users/ggcstaff/CarND-Term1-Starter-Kit/CarND-Behavioral-Cloning-P3/dataCW/IMG/right_2017_09_04_12_13_14_025.jpg,0.03681456,1,0,30.19026
/Users/ggcstaff/CarND-Term1-Starter-Kit/CarND-Behavioral-Cloning-P3/dataCW/IMG/center_2017_09_04_12_13_14_098.jpg,/Users/ggcstaff/CarND-Term1-Starter-Kit/CarND-Behavioral-Cloning-P3/dataCW/IMG/left_2017_09_04_12_13_14_098.jpg,/Users/ggcstaff/CarND-Term1-Starter-Kit/CarND-Behavioral-Cloning-P3/dataCW/IMG/right_2017_09_04_12_13_14_098.jpg,0.06305277,1,0,30.18986
/Users/ggcstaff/CarND-Term1-Starter-Kit/CarND-Behavioral-Cloning-P3/dataCW/IMG/center_2017_09_04_12_13_14_170.jpg,/Users/ggcstaff/CarND-Term1-Starter-Kit/CarND-Behavioral-Cloning-P3/dataCW/IMG/left_2017_09_04_12_13_14_170.jpg,/Users/ggcstaff/CarND-Term1-Starter-Kit/CarND-Behavioral-Cloning-P3/dataCW/IMG/right_2017_09_04_12_13_14_170.jpg,0.1066111,1,0,30.1887
/Users/ggcstaff/CarND-Term1-Starter-Kit/CarND-Behavioral-Cloning-P3/dataCW/IMG/center_2017_09_04_12_13_14_239.jpg,/Users/ggcstaff/CarND-Term1-Starter-Kit/CarND-Behavioral-Cloning-P3/dataCW/IMG/left_2017_09_04_12_13_14_239.jpg,/Users/ggcstaff/CarND-Term1-Starter-Kit/CarND-Behavioral-Cloning-P3/dataCW/IMG/right_2017_09_04_12_13_14_239.jpg,0.12301,1,0,30.18848
/Users/ggcstaff/CarND-Term1-Starter-Kit/CarND-Behavioral-Cloning-P3/dataCW/IMG/center_2017_09_04_12_13_14_314.jpg,/Users/ggcstaff/CarND-Term1-Starter-Kit/CarND-Behavioral-Cloning-P3/dataCW/IMG/left_2017_09_04_12_13_14_314.jpg,/Users/ggcstaff/CarND-Term1-Starter-Kit/CarND-Behavioral-Cloning-P3/dataCW/IMG/right_2017_09_04_12_13_14_314.jpg,0.12301,1,0,30.18915
/Users/ggcstaff/CarND-Term1-Starter-Kit/CarND-Behavioral-Cloning-P3/dataCW/IMG/center_2017_09_04_12_13_14_384.jpg,/Users/ggcstaff/CarND-Term1-Starter-Kit/CarND-Behavioral-Cloning-P3/dataCW/IMG/left_2017_09_04_12_13_14_384.jpg,/Users/ggcstaff/CarND-Term1-Starter-Kit/CarND-Behavioral-Cloning-P3/dataCW/IMG/right_2017_09_04_12_13_14_384.jpg,0.1262898,1,0,30.18933
/Users/ggcstaff/CarND-Term1-Starter-Kit/CarND-Behavioral-Cloning-P3/dataCW/IMG/center_2017_09_04_12_13_14_454.jpg,/Users/ggcstaff/CarND-Term1-Starter-Kit/CarND-Behavioral-Cloning-P3/dataCW/IMG/left_2017_09_04_12_13_14_454.jpg,/Users/ggcstaff/CarND-Term1-Starter-Kit/CarND-Behavioral-Cloning-P3/dataCW/IMG/right_2017_09_04_12_13_14_454.jpg,0.1262898,1,0,30.18955
/Users/ggcstaff/CarND-Term1-Starter-Kit/CarND-Behavioral-Cloning-P3/dataCW/IMG/center_2017_09_04_12_13_14_524.jpg,/Users/ggcstaff/CarND-Term1-Starter-Kit/CarND-Behavioral-Cloning-P3/dataCW/IMG/left_2017_09_04_12_13_14_524.jpg,/Users/ggcstaff/CarND-Term1-Starter-Kit/CarND-Behavioral-Cloning-P3/dataCW/IMG/right_2017_09_04_12_13_14_524.jpg,0.1262898,1,0,30.18961
/Users/ggcstaff/CarND-Term1-Starter-Kit/CarND-Behavioral-Cloning-P3/dataCW/IMG/center_2017_09_04_12_13_14_591.jpg,/Users/ggcstaff/CarND-Term1-Starter-Kit/CarND-Behavioral-Cloning-P3/dataCW/IMG/left_2017_09_04_12_13_14_591.jpg,/Users/ggcstaff/CarND-Term1-Starter-Kit/CarND-Behavioral-Cloning-P3/dataCW/IMG/right_2017_09_04_12_13_14_591.jpg,0.1262898,1,0,30.18981
/Users/ggcstaff/CarND-Term1-Starter-Kit/CarND-Behavioral-Cloning-P3/dataCW/IMG/center_2017_09_04_12_13_14_661.jpg,/Users/ggcstaff/CarND-Term1-Starter-Kit/CarND-Behavioral-Cloning-P3/dataCW/IMG/left_2017_09_04_12_13_14_661.jpg,/Users/ggcstaff/CarND-Term1-Starter-Kit/CarND-Behavioral-Cloning-P3/dataCW/IMG/right_2017_09_04_12_13_14_661.jpg,0.1262898,1,0,30.18986
/Users/ggcstaff/CarND-Term1-Starter-Kit/CarND-Behavioral-Cloning-P3/dataCW/IMG/center_2017_09_04_12_13_14_729.jpg,/Users/ggcstaff/CarND-Term1-Starter-Kit/CarND-Behavioral-Cloning-P3/dataCW/IMG/left_2017_09_04_12_13_14_729.jpg,/Users/ggcstaff/CarND-Term1-Starter-Kit/CarND-Behavioral-Cloning-P3/dataCW/IMG/right_2017_09_04_12_13_14_729.jpg,0.1262898,1,0,30.18989
/Users/ggcstaff/CarND-Term1-Starter-Kit/CarND-Behavioral-Cloning-P3/dataCW/IMG/center_2017_09_04_12_13_14_800.jpg,/Users/ggcstaff/CarND-Term1-Starter-Kit/CarND-Behavioral-Cloning-P3/dataCW/IMG/left_2017_09_04_12_13_14_800.jpg,/Users/ggcstaff/CarND-Term1-Starter-Kit/CarND-Behavioral-Cloning-P3/dataCW/IMG/right_2017_09_04_12_13_14_800.jpg,0.1262898,1,0,30.18993
/Users/ggcstaff/CarND-Term1-Starter-Kit/CarND-Behavioral-Cloning-P3/dataCW/IMG/center_2017_09_04_12_13_14_867.jpg,/Users/ggcstaff/CarND-Term1-Starter-Kit/CarND-Behavioral-Cloning-P3/dataCW/IMG/left_2017_09_04_12_13_14_867.jpg,/Users/ggcstaff/CarND-Term1-Starter-Kit/CarND-Behavioral-Cloning-P3/dataCW/IMG/right_2017_09_04_12_13_14_867.jpg,0.1130233,1,0,30.19029
/Users/ggcstaff/CarND-Term1-Starter-Kit/CarND-Behavioral-Cloning-P3/dataCW/IMG/center_2017_09_04_12_13_14_938.jpg,/Users/ggcstaff/CarND-Term1-Starter-Kit/CarND-Behavioral-Cloning-P3/dataCW/IMG/left_2017_09_04_12_13_14_938.jpg,/Users/ggcstaff/CarND-Term1-Starter-Kit/CarND-Behavioral-Cloning-P3/dataCW/IMG/right_2017_09_04_12_13_14_938.jpg,0.1097067,1,0,30.18979
/Users/ggcstaff/CarND-Term1-Starter-Kit/CarND-Behavioral-Cloning-P3/dataCW/IMG/center_2017_09_04_12_13_15_009.jpg,/Users/ggcstaff/CarND-Term1-Starter-Kit/CarND-Behavioral-Cloning-P3/dataCW/IMG/left_2017_09_04_12_13_15_009.jpg,/Users/ggcstaff/CarND-Term1-Starter-Kit/CarND-Behavioral-Cloning-P3/dataCW/IMG/right_2017_09_04_12_13_15_009.jpg,0.1097067,1,0,30.19008
/Users/ggcstaff/CarND-Term1-Starter-Kit/CarND-Behavioral-Cloning-P3/dataCW/IMG/center_2017_09_04_12_13_15_077.jpg,/Users/ggcstaff/CarND-Term1-Starter-Kit/CarND-Behavioral-Cloning-P3/dataCW/IMG/left_2017_09_04_12_13_15_077.jpg,/Users/ggcstaff/CarND-Term1-Starter-Kit/CarND-Behavioral-Cloning-P3/dataCW/IMG/right_2017_09_04_12_13_15_077.jpg,0.1097067,1,0,30.19013
/Users/ggcstaff/CarND-Term1-Starter-Kit/CarND-Behavioral-Cloning-P3/dataCW/IMG/center_2017_09_04_12_13_15_147.jpg,/Users/ggcstaff/CarND-Term1-Starter-Kit/CarND-Behavioral-Cloning-P3/dataCW/IMG/left_2017_09_04_12_13_15_147.jpg,/Users/ggcstaff/CarND-Term1-Starter-Kit/CarND-Behavioral-Cloning-P3/dataCW/IMG/right_2017_09_04_12_13_15_147.jpg,0.1347656,1,0,30.18924
/Users/ggcstaff/CarND-Term1-Starter-Kit/CarND-Behavioral-Cloning-P3/dataCW/IMG/center_2017_09_04_12_13_15_215.jpg,/Users/ggcstaff/CarND-Term1-Starter-Kit/CarND-Behavioral-Cloning-P3/dataCW/IMG/left_2017_09_04_12_13_15_215.jpg,/Users/ggcstaff/CarND-Term1-Starter-Kit/CarND-Behavioral-Cloning-P3/dataCW/IMG/right_2017_09_04_12_13_15_215.jpg,0.144605,1,0,30.18913
/Users/ggcstaff/CarND-Term1-Starter-Kit/CarND-Behavioral-Cloning-P3/dataCW/IMG/center_2017_09_04_12_13_15_283.jpg,/Users/ggcstaff/CarND-Term1-Starter-Kit/CarND-Behavioral-Cloning-P3/dataCW/IMG/left_2017_09_04_12_13_15_283.jpg,/Users/ggcstaff/CarND-Term1-Starter-Kit/CarND-Behavioral-Cloning-P3/dataCW/IMG/right_2017_09_04_12_13_15_283.jpg,0.144605,1,0,30.18939
/Users/ggcstaff/CarND-Term1-Starter-Kit/CarND-Behavioral-Cloning-P3/dataCW/IMG/center_2017_09_04_12_13_15_351.jpg,/Users/ggcstaff/CarND-Term1-Starter-Kit/CarND-Behavioral-Cloning-P3/dataCW/IMG/left_2017_09_04_12_13_15_351.jpg,/Users/ggcstaff/CarND-Term1-Starter-Kit/CarND-Behavioral-Cloning-P3/dataCW/IMG/right_2017_09_04_12_13_15_351.jpg,0.144605,1,0,30.18957
/Users/ggcstaff/CarND-Term1-Starter-Kit/CarND-Behavioral-Cloning-P3/dataCW/IMG/center_2017_09_04_12_13_15_422.jpg,/Users/ggcstaff/CarND-Term1-Starter-Kit/CarND-Behavioral-Cloning-P3/dataCW/IMG/left_2017_09_04_12_13_15_422.jpg,/Users/ggcstaff/CarND-Term1-Starter-Kit/CarND-Behavioral-Cloning-P3/dataCW/IMG/right_2017_09_04_12_13_15_422.jpg,0.144605,1,0,30.18961
/Users/ggcstaff/CarND-Term1-Starter-Kit/CarND-Behavioral-Cloning-P3/dataCW/IMG/center_2017_09_04_12_13_15_492.jpg,/Users/ggcstaff/CarND-Term1-Starter-Kit/CarND-Behavioral-Cloning-P3/dataCW/IMG/left_2017_09_04_12_13_15_492.jpg,/Users/ggcstaff/CarND-Term1-Starter-Kit/CarND-Behavioral-Cloning-P3/dataCW/IMG/right_2017_09_04_12_13_15_492.jpg,0.144605,1,0,30.18973
/Users/ggcstaff/CarND-Term1-Starter-Kit/CarND-Behavioral-Cloning-P3/dataCW/IMG/center_2017_09_04_12_13_15_561.jpg,/Users/ggcstaff/CarND-Term1-Starter-Kit/CarND-Behavioral-Cloning-P3/dataCW/IMG/left_2017_09_04_12_13_15_561.jpg,/Users/ggcstaff/CarND-Term1-Starter-Kit/CarND-Behavioral-Cloning-P3/dataCW/IMG/right_2017_09_04_12_13_15_561.jpg,0.144605,1,0,30.1898
/Users/ggcstaff/CarND-Term1-Starter-Kit/CarND-Behavioral-Cloning-P3/dataCW/IMG/center_2017_09_04_12_13_15_631.jpg,/Users/ggcstaff/CarND-Term1-Starter-Kit/CarND-Behavioral-Cloning-P3/dataCW/IMG/left_2017_09_04_12_13_15_631.jpg,/Users/ggcstaff/CarND-Term1-Starter-Kit/CarND-Behavioral-Cloning-P3/dataCW/IMG/right_2017_09_04_12_13_15_631.jpg,0.1118072,1,0,30.19058
/Users/ggcstaff/CarND-Term1-Starter-Kit/CarND-Behavioral-Cloning-P3/dataCW/IMG/center_2017_09_04_12_13_15_701.jpg,/Users/ggcstaff/CarND-Term1-Starter-Kit/CarND-Behavioral-Cloning-P3/dataCW/IMG/left_2017_09_04_12_13_15_701.jpg,/Users/ggcstaff/CarND-Term1-Starter-Kit/CarND-Behavioral-Cloning-P3/dataCW/IMG/right_2017_09_04_12_13_15_701.jpg,0.1018573,1,0,30.19069
/Users/ggcstaff/CarND-Term1-Starter-Kit/CarND-Behavioral-Cloning-P3/dataCW/IMG/center_2017_09_04_12_13_15_776.jpg,/Users/ggcstaff/CarND-Term1-Starter-Kit/CarND-Behavioral-Cloning-P3/dataCW/IMG/left_2017_09_04_12_13_15_776.jpg,/Users/ggcstaff/CarND-Term1-Starter-Kit/CarND-Behavioral-Cloning-P3/dataCW/IMG/right_2017_09_04_12_13_15_776.jpg,0.09190743,1,0,30.1906
/Users/ggcstaff/CarND-Term1-Starter-Kit/CarND-Behavioral-Cloning-P3/dataCW/IMG/center_2017_09_04_12_13_15_845.jpg,/Users/ggcstaff/CarND-Term1-Starter-Kit/CarND-Behavioral-Cloning-P3/dataCW/IMG/left_2017_09_04_12_13_15_845.jpg,/Users/ggcstaff/CarND-Term1-Starter-Kit/CarND-Behavioral-Cloning-P3/dataCW/IMG/right_2017_09_04_12_13_15_845.jpg,0.08527417,1,0,30.19047
/Users/ggcstaff/CarND-Term1-Starter-Kit/CarND-Behavioral-Cloning-P3/dataCW/IMG/center_2017_09_04_12_13_15_913.jpg,/Users/ggcstaff/CarND-Term1-Starter-Kit/CarND-Behavioral-Cloning-P3/dataCW/IMG/left_2017_09_04_12_13_15_913.jpg,/Users/ggcstaff/CarND-Term1-Starter-Kit/CarND-Behavioral-Cloning-P3/dataCW/IMG/right_2017_09_04_12_13_15_913.jpg,0.08527417,1,0,30.1904
/Users/ggcstaff/CarND-Term1-Starter-Kit/CarND-Behavioral-Cloning-P3/dataCW/IMG/center_2017_09_04_12_13_15_985.jpg,/Users/ggcstaff/CarND-Term1-Starter-Kit/CarND-Behavioral-Cloning-P3/dataCW/IMG/left_2017_09_04_12_13_15_985.jpg,/Users/ggcstaff/CarND-Term1-Starter-Kit/CarND-Behavioral-Cloning-P3/dataCW/IMG/right_2017_09_04_12_13_15_985.jpg,0.08527417,1,0,30.19031
/Users/ggcstaff/CarND-Term1-Starter-Kit/CarND-Behavioral-Cloning-P3/dataCW/IMG/center_2017_09_04_12_13_16_057.jpg,/Users/ggcstaff/CarND-Term1-Starter-Kit/CarND-Behavioral-Cloning-P3/dataCW/IMG/left_2017_09_04_12_13_16_057.jpg,/Users/ggcstaff/CarND-Term1-Starter-Kit/CarND-Behavioral-Cloning-P3/dataCW/IMG/right_2017_09_04_12_13_16_057.jpg,0.06537441,1,0,30.19055
/Users/ggcstaff/CarND-Term1-Starter-Kit/CarND-Behavioral-Cloning-P3/dataCW/IMG/center_2017_09_04_12_13_16_128.jpg,/Users/ggcstaff/CarND-Term1-Starter-Kit/CarND-Behavioral-Cloning-P3/dataCW/IMG/left_2017_09_04_12_13_16_128.jpg,/Users/ggcstaff/CarND-Term1-Starter-Kit/CarND-Behavioral-Cloning-P3/dataCW/IMG/right_2017_09_04_12_13_16_128.jpg,0.03552476,1,0,30.19054
/Users/ggcstaff/CarND-Term1-Starter-Kit/CarND-Behavioral-Cloning-P3/dataCW/IMG/center_2017_09_04_12_13_16_200.jpg,/Users/ggcstaff/CarND-Term1-Starter-Kit/CarND-Behavioral-Cloning-P3/dataCW/IMG/left_2017_09_04_12_13_16_200.jpg,/Users/ggcstaff/CarND-Term1-Starter-Kit/CarND-Behavioral-Cloning-P3/dataCW/IMG/right_2017_09_04_12_13_16_200.jpg,0.02889151,1,0,30.19049
/Users/ggcstaff/CarND-Term1-Starter-Kit/CarND-Behavioral-Cloning-P3/dataCW/IMG/center_2017_09_04_12_13_16_273.jpg,/Users/ggcstaff/CarND-Term1-Starter-Kit/CarND-Behavioral-Cloning-P3/dataCW/IMG/left_2017_09_04_12_13_16_273.jpg,/Users/ggcstaff/CarND-Term1-Starter-Kit/CarND-Behavioral-Cloning-P3/dataCW/IMG/right_2017_09_04_12_13_16_273.jpg,0.02889151,1,0,30.19052
/Users/ggcstaff/CarND-Term1-Starter-Kit/CarND-Behavioral-Cloning-P3/dataCW/IMG/center_2017_09_04_12_13_16_352.jpg,/Users/ggcstaff/CarND-Term1-Starter-Kit/CarND-Behavioral-Cloning-P3/dataCW/IMG/left_2017_09_04_12_13_16_352.jpg,/Users/ggcstaff/CarND-Term1-Starter-Kit/CarND-Behavioral-Cloning-P3/dataCW/IMG/right_2017_09_04_12_13_16_352.jpg,0.02889151,1,0,30.19038
/Users/ggcstaff/CarND-Term1-Starter-Kit/CarND-Behavioral-Cloning-P3/dataCW/IMG/center_2017_09_04_12_13_16_421.jpg,/Users/ggcstaff/CarND-Term1-Starter-Kit/CarND-Behavioral-Cloning-P3/dataCW/IMG/left_2017_09_04_12_13_16_421.jpg,/Users/ggcstaff/CarND-Term1-Starter-Kit/CarND-Behavioral-Cloning-P3/dataCW/IMG/right_2017_09_04_12_13_16_421.jpg,0.06051002,1,0,30.18989
/Users/ggcstaff/CarND-Term1-Starter-Kit/CarND-Behavioral-Cloning-P3/dataCW/IMG/center_2017_09_04_12_13_16_490.jpg,/Users/ggcstaff/CarND-Term1-Starter-Kit/CarND-Behavioral-Cloning-P3/dataCW/IMG/left_2017_09_04_12_13_16_490.jpg,/Users/ggcstaff/CarND-Term1-Starter-Kit/CarND-Behavioral-Cloning-P3/dataCW/IMG/right_2017_09_04_12_13_16_490.jpg,0.0769089,1,0,30.18962
/Users/ggcstaff/CarND-Term1-Starter-Kit/CarND-Behavioral-Cloning-P3/dataCW/IMG/center_2017_09_04_12_13_16_561.jpg,/Users/ggcstaff/CarND-Term1-Starter-Kit/CarND-Behavioral-Cloning-P3/dataCW/IMG/left_2017_09_04_12_13_16_561.jpg,/Users/ggcstaff/CarND-Term1-Starter-Kit/CarND-Behavioral-Cloning-P3/dataCW/IMG/right_2017_09_04_12_13_16_561.jpg,0.08018868,1,0,30.18978
/Users/ggcstaff/CarND-Term1-Starter-Kit/CarND-Behavioral-Cloning-P3/dataCW/IMG/center_2017_09_04_12_13_16_640.jpg,/Users/ggcstaff/CarND-Term1-Starter-Kit/CarND-Behavioral-Cloning-P3/dataCW/IMG/left_2017_09_04_12_13_16_640.jpg,/Users/ggcstaff/CarND-Term1-Starter-Kit/CarND-Behavioral-Cloning-P3/dataCW/IMG/right_2017_09_04_12_13_16_640.jpg,0.08018868,1,0,30.18994
/Users/ggcstaff/CarND-Term1-Starter-Kit/CarND-Behavioral-Cloning-P3/dataCW/IMG/center_2017_09_04_12_13_16_712.jpg,/Users/ggcstaff/CarND-Term1-Starter-Kit/CarND-Behavioral-Cloning-P3/dataCW/IMG/left_2017_09_04_12_13_16_712.jpg,/Users/ggcstaff/CarND-Term1-Starter-Kit/CarND-Behavioral-Cloning-P3/dataCW/IMG/right_2017_09_04_12_13_16_712.jpg,0.08018868,1,0,30.19004
/Users/ggcstaff/CarND-Term1-Starter-Kit/CarND-Behavioral-Cloning-P3/dataCW/IMG/center_2017_09_04_12_13_16_790.jpg,/Users/ggcstaff/CarND-Term1-Starter-Kit/CarND-Behavioral-Cloning-P3/dataCW/IMG/left_2017_09_04_12_13_16_790.jpg,/Users/ggcstaff/CarND-Term1-Starter-Kit/CarND-Behavioral-Cloning-P3/dataCW/IMG/right_2017_09_04_12_13_16_790.jpg,0.08018868,1,0,30.1901
/Users/ggcstaff/CarND-Term1-Starter-Kit/CarND-Behavioral-Cloning-P3/dataCW/IMG/center_2017_09_04_12_13_16_863.jpg,/Users/ggcstaff/CarND-Term1-Starter-Kit/CarND-Behavioral-Cloning-P3/dataCW/IMG/left_2017_09_04_12_13_16_863.jpg,/Users/ggcstaff/CarND-Term1-Starter-Kit/CarND-Behavioral-Cloning-P3/dataCW/IMG/right_2017_09_04_12_13_16_863.jpg,0.08018868,1,0,30.19016
/Users/ggcstaff/CarND-Term1-Starter-Kit/CarND-Behavioral-Cloning-P3/dataCW/IMG/center_2017_09_04_12_13_16_931.jpg,/Users/ggcstaff/CarND-Term1-Starter-Kit/CarND-Behavioral-Cloning-P3/dataCW/IMG/left_2017_09_04_12_13_16_931.jpg,/Users/ggcstaff/CarND-Term1-Starter-Kit/CarND-Behavioral-Cloning-P3/dataCW/IMG/right_2017_09_04_12_13_16_931.jpg,0.08018868,1,0,30.19052
/Users/ggcstaff/CarND-Term1-Starter-Kit/CarND-Behavioral-Cloning-P3/dataCW/IMG/center_2017_09_04_12_13_17_001.jpg,/Users/ggcstaff/CarND-Term1-Starter-Kit/CarND-Behavioral-Cloning-P3/dataCW/IMG/left_2017_09_04_12_13_17_001.jpg,/Users/ggcstaff/CarND-Term1-Starter-Kit/CarND-Behavioral-Cloning-P3/dataCW/IMG/right_2017_09_04_12_13_17_001.jpg,0.08018868,1,0,30.19015
/Users/ggcstaff/CarND-Term1-Starter-Kit/CarND-Behavioral-Cloning-P3/dataCW/IMG/center_2017_09_04_12_13_17_068.jpg,/Users/ggcstaff/CarND-Term1-Starter-Kit/CarND-Behavioral-Cloning-P3/dataCW/IMG/left_2017_09_04_12_13_17_068.jpg,/Users/ggcstaff/CarND-Term1-Starter-Kit/CarND-Behavioral-Cloning-P3/dataCW/IMG/right_2017_09_04_12_13_17_068.jpg,0.08018868,1,0,30.19012
/Users/ggcstaff/CarND-Term1-Starter-Kit/CarND-Behavioral-Cloning-P3/dataCW/IMG/center_2017_09_04_12_13_17_136.jpg,/Users/ggcstaff/CarND-Term1-Starter-Kit/CarND-Behavioral-Cloning-P3/dataCW/IMG/left_2017_09_04_12_13_17_136.jpg,/Users/ggcstaff/CarND-Term1-Starter-Kit/CarND-Behavioral-Cloning-P3/dataCW/IMG/right_2017_09_04_12_13_17_136.jpg,0.08018868,1,0,30.19009
/Users/ggcstaff/CarND-Term1-Starter-Kit/CarND-Behavioral-Cloning-P3/dataCW/IMG/center_2017_09_04_12_13_17_204.jpg,/Users/ggcstaff/CarND-Term1-Starter-Kit/CarND-Behavioral-Cloning-P3/dataCW/IMG/left_2017_09_04_12_13_17_204.jpg,/Users/ggcstaff/CarND-Term1-Starter-Kit/CarND-Behavioral-Cloning-P3/dataCW/IMG/right_2017_09_04_12_13_17_204.jpg,0.08018868,1,0,30.19015
/Users/ggcstaff/CarND-Term1-Starter-Kit/CarND-Behavioral-Cloning-P3/dataCW/IMG/center_2017_09_04_12_13_17_279.jpg,/Users/ggcstaff/CarND-Term1-Starter-Kit/CarND-Behavioral-Cloning-P3/dataCW/IMG/left_2017_09_04_12_13_17_279.jpg,/Users/ggcstaff/CarND-Term1-Starter-Kit/CarND-Behavioral-Cloning-P3/dataCW/IMG/right_2017_09_04_12_13_17_279.jpg,0.08018868,1,0,30.19017
/Users/ggcstaff/CarND-Term1-Starter-Kit/CarND-Behavioral-Cloning-P3/dataCW/IMG/center_2017_09_04_12_13_17_353.jpg,/Users/ggcstaff/CarND-Term1-Starter-Kit/CarND-Behavioral-Cloning-P3/dataCW/IMG/left_2017_09_04_12_13_17_353.jpg,/Users/ggcstaff/CarND-Term1-Starter-Kit/CarND-Behavioral-Cloning-P3/dataCW/IMG/right_2017_09_04_12_13_17_353.jpg,0.08018868,1,0,30.19015
/Users/ggcstaff/CarND-Term1-Starter-Kit/CarND-Behavioral-Cloning-P3/dataCW/IMG/center_2017_09_04_12_13_17_420.jpg,/Users/ggcstaff/CarND-Term1-Starter-Kit/CarND-Behavioral-Cloning-P3/dataCW/IMG/left_2017_09_04_12_13_17_420.jpg,/Users/ggcstaff/CarND-Term1-Starter-Kit/CarND-Behavioral-Cloning-P3/dataCW/IMG/right_2017_09_04_12_13_17_420.jpg,0.08346846,1,0,30.19007
/Users/ggcstaff/CarND-Term1-Starter-Kit/CarND-Behavioral-Cloning-P3/dataCW/IMG/center_2017_09_04_12_13_17_489.jpg,/Users/ggcstaff/CarND-Term1-Starter-Kit/CarND-Behavioral-Cloning-P3/dataCW/IMG/left_2017_09_04_12_13_17_489.jpg,/Users/ggcstaff/CarND-Term1-Starter-Kit/CarND-Behavioral-Cloning-P3/dataCW/IMG/right_2017_09_04_12_13_17_489.jpg,0.09986734,1,0,30.18974
/Users/ggcstaff/CarND-Term1-Starter-Kit/CarND-Behavioral-Cloning-P3/dataCW/IMG/center_2017_09_04_12_13_17_561.jpg,/Users/ggcstaff/CarND-Term1-Starter-Kit/CarND-Behavioral-Cloning-P3/dataCW/IMG/left_2017_09_04_12_13_17_561.jpg,/Users/ggcstaff/CarND-Term1-Starter-Kit/CarND-Behavioral-Cloning-P3/dataCW/IMG/right_2017_09_04_12_13_17_561.jpg,0.1097067,1,0,30.18955
/Users/ggcstaff/CarND-Term1-Starter-Kit/CarND-Behavioral-Cloning-P3/dataCW/IMG/center_2017_09_04_12_13_17_629.jpg,/Users/ggcstaff/CarND-Term1-Starter-Kit/CarND-Behavioral-Cloning-P3/dataCW/IMG/left_2017_09_04_12_13_17_629.jpg,/Users/ggcstaff/CarND-Term1-Starter-Kit/CarND-Behavioral-Cloning-P3/dataCW/IMG/right_2017_09_04_12_13_17_629.jpg,0.1129864,1,0,30.18996
/Users/ggcstaff/CarND-Term1-Starter-Kit/CarND-Behavioral-Cloning-P3/dataCW/IMG/center_2017_09_04_12_13_17_701.jpg,/Users/ggcstaff/CarND-Term1-Starter-Kit/CarND-Behavioral-Cloning-P3/dataCW/IMG/left_2017_09_04_12_13_17_701.jpg,/Users/ggcstaff/CarND-Term1-Starter-Kit/CarND-Behavioral-Cloning-P3/dataCW/IMG/right_2017_09_04_12_13_17_701.jpg,0.1129864,1,0,30.18978
/Users/ggcstaff/CarND-Term1-Starter-Kit/CarND-Behavioral-Cloning-P3/dataCW/IMG/center_2017_09_04_12_13_17_769.jpg,/Users/ggcstaff/CarND-Term1-Starter-Kit/CarND-Behavioral-Cloning-P3/dataCW/IMG/left_2017_09_04_12_13_17_769.jpg,/Users/ggcstaff/CarND-Term1-Starter-Kit/CarND-Behavioral-Cloning-P3/dataCW/IMG/right_2017_09_04_12_13_17_769.jpg,0.1129864,1,0,30.18993
/Users/ggcstaff/CarND-Term1-Starter-Kit/CarND-Behavioral-Cloning-P3/dataCW/IMG/center_2017_09_04_12_13_17_839.jpg,/Users/ggcstaff/CarND-Term1-Starter-Kit/CarND-Behavioral-Cloning-P3/dataCW/IMG/left_2017_09_04_12_13_17_839.jpg,/Users/ggcstaff/CarND-Term1-Starter-Kit/CarND-Behavioral-Cloning-P3/dataCW/IMG/right_2017_09_04_12_13_17_839.jpg,0.1129864,1,0,30.18999
/Users/ggcstaff/CarND-Term1-Starter-Kit/CarND-Behavioral-Cloning-P3/dataCW/IMG/center_2017_09_04_12_13_17_909.jpg,/Users/ggcstaff/CarND-Term1-Starter-Kit/CarND-Behavioral-Cloning-P3/dataCW/IMG/left_2017_09_04_12_13_17_909.jpg,/Users/ggcstaff/CarND-Term1-Starter-Kit/CarND-Behavioral-Cloning-P3/dataCW/IMG/right_2017_09_04_12_13_17_909.jpg,0.1129864,1,0,30.18996
/Users/ggcstaff/CarND-Term1-Starter-Kit/CarND-Behavioral-Cloning-P3/dataCW/IMG/center_2017_09_04_12_13_17_977.jpg,/Users/ggcstaff/CarND-Term1-Starter-Kit/CarND-Behavioral-Cloning-P3/dataCW/IMG/left_2017_09_04_12_13_17_977.jpg,/Users/ggcstaff/CarND-Term1-Starter-Kit/CarND-Behavioral-Cloning-P3/dataCW/IMG/right_2017_09_04_12_13_17_977.jpg,0.1129864,1,0,30.19003
/Users/ggcstaff/CarND-Term1-Starter-Kit/CarND-Behavioral-Cloning-P3/dataCW/IMG/center_2017_09_04_12_13_18_047.jpg,/Users/ggcstaff/CarND-Term1-Starter-Kit/CarND-Behavioral-Cloning-P3/dataCW/IMG/left_2017_09_04_12_13_18_047.jpg,/Users/ggcstaff/CarND-Term1-Starter-Kit/CarND-Behavioral-Cloning-P3/dataCW/IMG/right_2017_09_04_12_13_18_047.jpg,0.1129864,1,0,30.19002
/Users/ggcstaff/CarND-Term1-Starter-Kit/CarND-Behavioral-Cloning-P3/dataCW/IMG/center_2017_09_04_12_13_18_118.jpg,/Users/ggcstaff/CarND-Term1-Starter-Kit/CarND-Behavioral-Cloning-P3/dataCW/IMG/left_2017_09_04_12_13_18_118.jpg,/Users/ggcstaff/CarND-Term1-Starter-Kit/CarND-Behavioral-Cloning-P3/dataCW/IMG/right_2017_09_04_12_13_18_118.jpg,0.1129864,1,0,30.19002
/Users/ggcstaff/CarND-Term1-Starter-Kit/CarND-Behavioral-Cloning-P3/dataCW/IMG/center_2017_09_04_12_13_18_187.jpg,/Users/ggcstaff/CarND-Term1-Starter-Kit/CarND-Behavioral-Cloning-P3/dataCW/IMG/left_2017_09_04_12_13_18_187.jpg,/Users/ggcstaff/CarND-Term1-Starter-Kit/CarND-Behavioral-Cloning-P3/dataCW/IMG/right_2017_09_04_12_13_18_187.jpg,0.1129864,1,0,30.19001
/Users/ggcstaff/CarND-Term1-Starter-Kit/CarND-Behavioral-Cloning-P3/dataCW/IMG/center_2017_09_04_12_13_18_261.jpg,/Users/ggcstaff/CarND-Term1-Starter-Kit/CarND-Behavioral-Cloning-P3/dataCW/IMG/left_2017_09_04_12_13_18_261.jpg,/Users/ggcstaff/CarND-Term1-Starter-Kit/CarND-Behavioral-Cloning-P3/dataCW/IMG/right_2017_09_04_12_13_18_261.jpg,0.1129864,1,0,30.19007
/Users/ggcstaff/CarND-Term1-Starter-Kit/CarND-Behavioral-Cloning-P3/dataCW/IMG/center_2017_09_04_12_13_18_332.jpg,/Users/ggcstaff/CarND-Term1-Starter-Kit/CarND-Behavioral-Cloning-P3/dataCW/IMG/left_2017_09_04_12_13_18_332.jpg,/Users/ggcstaff/CarND-Term1-Starter-Kit/CarND-Behavioral-Cloning-P3/dataCW/IMG/right_2017_09_04_12_13_18_332.jpg,0.1129864,1,0,30.19007
/Users/ggcstaff/CarND-Term1-Starter-Kit/CarND-Behavioral-Cloning-P3/dataCW/IMG/center_2017_09_04_12_13_18_405.jpg,/Users/ggcstaff/CarND-Term1-Starter-Kit/CarND-Behavioral-Cloning-P3/dataCW/IMG/left_2017_09_04_12_13_18_405.jpg,/Users/ggcstaff/CarND-Term1-Starter-Kit/CarND-Behavioral-Cloning-P3/dataCW/IMG/right_2017_09_04_12_13_18_405.jpg,0.1129864,1,0,30.19006
/Users/ggcstaff/CarND-Term1-Starter-Kit/CarND-Behavioral-Cloning-P3/dataCW/IMG/center_2017_09_04_12_13_18_475.jpg,/Users/ggcstaff/CarND-Term1-Starter-Kit/CarND-Behavioral-Cloning-P3/dataCW/IMG/left_2017_09_04_12_13_18_475.jpg,/Users/ggcstaff/CarND-Term1-Starter-Kit/CarND-Behavioral-Cloning-P3/dataCW/IMG/right_2017_09_04_12_13_18_475.jpg,0.06905955,1,0,30.19069
/Users/ggcstaff/CarND-Term1-Starter-Kit/CarND-Behavioral-Cloning-P3/dataCW/IMG/center_2017_09_04_12_13_18_545.jpg,/Users/ggcstaff/CarND-Term1-Starter-Kit/CarND-Behavioral-Cloning-P3/dataCW/IMG/left_2017_09_04_12_13_18_545.jpg,/Users/ggcstaff/CarND-Term1-Starter-Kit/CarND-Behavioral-Cloning-P3/dataCW/IMG/right_2017_09_04_12_13_18_545.jpg,0.0624263,1,0,30.19062
/Users/ggcstaff/CarND-Term1-Starter-Kit/CarND-Behavioral-Cloning-P3/dataCW/IMG/center_2017_09_04_12_13_18_617.jpg,/Users/ggcstaff/CarND-Term1-Starter-Kit/CarND-Behavioral-Cloning-P3/dataCW/IMG/left_2017_09_04_12_13_18_617.jpg,/Users/ggcstaff/CarND-Term1-Starter-Kit/CarND-Behavioral-Cloning-P3/dataCW/IMG/right_2017_09_04_12_13_18_617.jpg,0.05910967,1,0,30.19057
/Users/ggcstaff/CarND-Term1-Starter-Kit/CarND-Behavioral-Cloning-P3/dataCW/IMG/center_2017_09_04_12_13_18_686.jpg,/Users/ggcstaff/CarND-Term1-Starter-Kit/CarND-Behavioral-Cloning-P3/dataCW/IMG/left_2017_09_04_12_13_18_686.jpg,/Users/ggcstaff/CarND-Term1-Starter-Kit/CarND-Behavioral-Cloning-P3/dataCW/IMG/right_2017_09_04_12_13_18_686.jpg,0.05910967,1,0,30.19047
/Users/ggcstaff/CarND-Term1-Starter-Kit/CarND-Behavioral-Cloning-P3/dataCW/IMG/center_2017_09_04_12_13_18_756.jpg,/Users/ggcstaff/CarND-Term1-Starter-Kit/CarND-Behavioral-Cloning-P3/dataCW/IMG/left_2017_09_04_12_13_18_756.jpg,/Users/ggcstaff/CarND-Term1-Starter-Kit/CarND-Behavioral-Cloning-P3/dataCW/IMG/right_2017_09_04_12_13_18_756.jpg,0.05910967,1,0,30.19031
/Users/ggcstaff/CarND-Term1-Starter-Kit/CarND-Behavioral-Cloning-P3/dataCW/IMG/center_2017_09_04_12_13_18_829.jpg,/Users/ggcstaff/CarND-Term1-Starter-Kit/CarND-Behavioral-Cloning-P3/dataCW/IMG/left_2017_09_04_12_13_18_829.jpg,/Users/ggcstaff/CarND-Term1-Starter-Kit/CarND-Behavioral-Cloning-P3/dataCW/IMG/right_2017_09_04_12_13_18_829.jpg,0.05910967,1,0,30.19031
/Users/ggcstaff/CarND-Term1-Starter-Kit/CarND-Behavioral-Cloning-P3/dataCW/IMG/center_2017_09_04_12_13_18_899.jpg,/Users/ggcstaff/CarND-Term1-Starter-Kit/CarND-Behavioral-Cloning-P3/dataCW/IMG/left_2017_09_04_12_13_18_899.jpg,/Users/ggcstaff/CarND-Term1-Starter-Kit/CarND-Behavioral-Cloning-P3/dataCW/IMG/right_2017_09_04_12_13_18_899.jpg,0.05910967,1,0,30.19024
/Users/ggcstaff/CarND-Term1-Starter-Kit/CarND-Behavioral-Cloning-P3/dataCW/IMG/center_2017_09_04_12_13_18_967.jpg,/Users/ggcstaff/CarND-Term1-Starter-Kit/CarND-Behavioral-Cloning-P3/dataCW/IMG/left_2017_09_04_12_13_18_967.jpg,/Users/ggcstaff/CarND-Term1-Starter-Kit/CarND-Behavioral-Cloning-P3/dataCW/IMG/right_2017_09_04_12_13_18_967.jpg,0.05910967,1,0,30.19029
/Users/ggcstaff/CarND-Term1-Starter-Kit/CarND-Behavioral-Cloning-P3/dataCW/IMG/center_2017_09_04_12_13_19_038.jpg,/Users/ggcstaff/CarND-Term1-Starter-Kit/CarND-Behavioral-Cloning-P3/dataCW/IMG/left_2017_09_04_12_13_19_038.jpg,/Users/ggcstaff/CarND-Term1-Starter-Kit/CarND-Behavioral-Cloning-P3/dataCW/IMG/right_2017_09_04_12_13_19_038.jpg,0.05910967,1,0,30.19026
/Users/ggcstaff/CarND-Term1-Starter-Kit/CarND-Behavioral-Cloning-P3/dataCW/IMG/center_2017_09_04_12_13_19_109.jpg,/Users/ggcstaff/CarND-Term1-Starter-Kit/CarND-Behavioral-Cloning-P3/dataCW/IMG/left_2017_09_04_12_13_19_109.jpg,/Users/ggcstaff/CarND-Term1-Starter-Kit/CarND-Behavioral-Cloning-P3/dataCW/IMG/right_2017_09_04_12_13_19_109.jpg,0.05910967,1,0,30.19023
/Users/ggcstaff/CarND-Term1-Starter-Kit/CarND-Behavioral-Cloning-P3/dataCW/IMG/center_2017_09_04_12_13_19_178.jpg,/Users/ggcstaff/CarND-Term1-Starter-Kit/CarND-Behavioral-Cloning-P3/dataCW/IMG/left_2017_09_04_12_13_19_178.jpg,/Users/ggcstaff/CarND-Term1-Starter-Kit/CarND-Behavioral-Cloning-P3/dataCW/IMG/right_2017_09_04_12_13_19_178.jpg,0.05910967,1,0,30.19015
/Users/ggcstaff/CarND-Term1-Starter-Kit/CarND-Behavioral-Cloning-P3/dataCW/IMG/center_2017_09_04_12_13_19_245.jpg,/Users/ggcstaff/CarND-Term1-Starter-Kit/CarND-Behavioral-Cloning-P3/dataCW/IMG/left_2017_09_04_12_13_19_245.jpg,/Users/ggcstaff/CarND-Term1-Starter-Kit/CarND-Behavioral-Cloning-P3/dataCW/IMG/right_2017_09_04_12_13_19_245.jpg,0.05910967,1,0,30.19024
/Users/ggcstaff/CarND-Term1-Starter-Kit/CarND-Behavioral-Cloning-P3/dataCW/IMG/center_2017_09_04_12_13_19_315.jpg,/Users/ggcstaff/CarND-Term1-Starter-Kit/CarND-Behavioral-Cloning-P3/dataCW/IMG/left_2017_09_04_12_13_19_315.jpg,/Users/ggcstaff/CarND-Term1-Starter-Kit/CarND-Behavioral-Cloning-P3/dataCW/IMG/right_2017_09_04_12_13_19_315.jpg,0.05910967,1,0,30.19026
/Users/ggcstaff/CarND-Term1-Starter-Kit/CarND-Behavioral-Cloning-P3/dataCW/IMG/center_2017_09_04_12_13_19_384.jpg,/Users/ggcstaff/CarND-Term1-Starter-Kit/CarND-Behavioral-Cloning-P3/dataCW/IMG/left_2017_09_04_12_13_19_384.jpg,/Users/ggcstaff/CarND-Term1-Starter-Kit/CarND-Behavioral-Cloning-P3/dataCW/IMG/right_2017_09_04_12_13_19_384.jpg,0.05910967,1,0,30.18983
/Users/ggcstaff/CarND-Term1-Starter-Kit/CarND-Behavioral-Cloning-P3/dataCW/IMG/center_2017_09_04_12_13_19_453.jpg,/Users/ggcstaff/CarND-Term1-Starter-Kit/CarND-Behavioral-Cloning-P3/dataCW/IMG/left_2017_09_04_12_13_19_453.jpg,/Users/ggcstaff/CarND-Term1-Starter-Kit/CarND-Behavioral-Cloning-P3/dataCW/IMG/right_2017_09_04_12_13_19_453.jpg,0.05910967,1,0,30.19029
/Users/ggcstaff/CarND-Term1-Starter-Kit/CarND-Behavioral-Cloning-P3/dataCW/IMG/center_2017_09_04_12_13_19_520.jpg,/Users/ggcstaff/CarND-Term1-Starter-Kit/CarND-Behavioral-Cloning-P3/dataCW/IMG/left_2017_09_04_12_13_19_520.jpg,/Users/ggcstaff/CarND-Term1-Starter-Kit/CarND-Behavioral-Cloning-P3/dataCW/IMG/right_2017_09_04_12_13_19_520.jpg,0.05910967,1,0,30.1902
/Users/ggcstaff/CarND-Term1-Starter-Kit/CarND-Behavioral-Cloning-P3/dataCW/IMG/center_2017_09_04_12_13_19_591.jpg,/Users/ggcstaff/CarND-Term1-Starter-Kit/CarND-Behavioral-Cloning-P3/dataCW/IMG/left_2017_09_04_12_13_19_591.jpg,/Users/ggcstaff/CarND-Term1-Starter-Kit/CarND-Behavioral-Cloning-P3/dataCW/IMG/right_2017_09_04_12_13_19_591.jpg,0.05910967,1,0,30.19024
/Users/ggcstaff/CarND-Term1-Starter-Kit/CarND-Behavioral-Cloning-P3/dataCW/IMG/center_2017_09_04_12_13_19_663.jpg,/Users/ggcstaff/CarND-Term1-Starter-Kit/CarND-Behavioral-Cloning-P3/dataCW/IMG/left_2017_09_04_12_13_19_663.jpg,/Users/ggcstaff/CarND-Term1-Starter-Kit/CarND-Behavioral-Cloning-P3/dataCW/IMG/right_2017_09_04_12_13_19_663.jpg,0.05910967,1,0,30.19021
/Users/ggcstaff/CarND-Term1-Starter-Kit/CarND-Behavioral-Cloning-P3/dataCW/IMG/center_2017_09_04_12_13_19_733.jpg,/Users/ggcstaff/CarND-Term1-Starter-Kit/CarND-Behavioral-Cloning-P3/dataCW/IMG/left_2017_09_04_12_13_19_733.jpg,/Users/ggcstaff/CarND-Term1-Starter-Kit/CarND-Behavioral-Cloning-P3/dataCW/IMG/right_2017_09_04_12_13_19_733.jpg,0.05910967,1,0,30.19017
/Users/ggcstaff/CarND-Term1-Starter-Kit/CarND-Behavioral-Cloning-P3/dataCW/IMG/center_2017_09_04_12_13_19_802.jpg,/Users/ggcstaff/CarND-Term1-Starter-Kit/CarND-Behavioral-Cloning-P3/dataCW/IMG/left_2017_09_04_12_13_19_802.jpg,/Users/ggcstaff/CarND-Term1-Starter-Kit/CarND-Behavioral-Cloning-P3/dataCW/IMG/right_2017_09_04_12_13_19_802.jpg,0.05910967,1,0,30.19018
/Users/ggcstaff/CarND-Term1-Starter-Kit/CarND-Behavioral-Cloning-P3/dataCW/IMG/center_2017_09_04_12_13_19_870.jpg,/Users/ggcstaff/CarND-Term1-Starter-Kit/CarND-Behavioral-Cloning-P3/dataCW/IMG/left_2017_09_04_12_13_19_870.jpg,/Users/ggcstaff/CarND-Term1-Starter-Kit/CarND-Behavioral-Cloning-P3/dataCW/IMG/right_2017_09_04_12_13_19_870.jpg,0.05910967,1,0,30.19016
/Users/ggcstaff/CarND-Term1-Starter-Kit/CarND-Behavioral-Cloning-P3/dataCW/IMG/center_2017_09_04_12_13_19_941.jpg,/Users/ggcstaff/CarND-Term1-Starter-Kit/CarND-Behavioral-Cloning-P3/dataCW/IMG/left_2017_09_04_12_13_19_941.jpg,/Users/ggcstaff/CarND-Term1-Starter-Kit/CarND-Behavioral-Cloning-P3/dataCW/IMG/right_2017_09_04_12_13_19_941.jpg,0.05910967,1,0,30.19024
/Users/ggcstaff/CarND-Term1-Starter-Kit/CarND-Behavioral-Cloning-P3/dataCW/IMG/center_2017_09_04_12_13_20_014.jpg,/Users/ggcstaff/CarND-Term1-Starter-Kit/CarND-Behavioral-Cloning-P3/dataCW/IMG/left_2017_09_04_12_13_20_014.jpg,/Users/ggcstaff/CarND-Term1-Starter-Kit/CarND-Behavioral-Cloning-P3/dataCW/IMG/right_2017_09_04_12_13_20_014.jpg,0.07760908,1,0,30.18962
/Users/ggcstaff/CarND-Term1-Starter-Kit/CarND-Behavioral-Cloning-P3/dataCW/IMG/center_2017_09_04_12_13_20_080.jpg,/Users/ggcstaff/CarND-Term1-Starter-Kit/CarND-Behavioral-Cloning-P3/dataCW/IMG/left_2017_09_04_12_13_20_080.jpg,/Users/ggcstaff/CarND-Term1-Starter-Kit/CarND-Behavioral-Cloning-P3/dataCW/IMG/right_2017_09_04_12_13_20_080.jpg,0.08416864,1,0,30.18982
/Users/ggcstaff/CarND-Term1-Starter-Kit/CarND-Behavioral-Cloning-P3/dataCW/IMG/center_2017_09_04_12_13_20_152.jpg,/Users/ggcstaff/CarND-Term1-Starter-Kit/CarND-Behavioral-Cloning-P3/dataCW/IMG/left_2017_09_04_12_13_20_152.jpg,/Users/ggcstaff/CarND-Term1-Starter-Kit/CarND-Behavioral-Cloning-P3/dataCW/IMG/right_2017_09_04_12_13_20_152.jpg,0.09072819,1,0,30.18982
/Users/ggcstaff/CarND-Term1-Starter-Kit/CarND-Behavioral-Cloning-P3/dataCW/IMG/center_2017_09_04_12_13_20_222.jpg,/Users/ggcstaff/CarND-Term1-Starter-Kit/CarND-Behavioral-Cloning-P3/dataCW/IMG/left_2017_09_04_12_13_20_222.jpg,/Users/ggcstaff/CarND-Term1-Starter-Kit/CarND-Behavioral-Cloning-P3/dataCW/IMG/right_2017_09_04_12_13_20_222.jpg,0.09072819,1,0,30.18966
/Users/ggcstaff/CarND-Term1-Starter-Kit/CarND-Behavioral-Cloning-P3/dataCW/IMG/center_2017_09_04_12_13_20_290.jpg,/Users/ggcstaff/CarND-Term1-Starter-Kit/CarND-Behavioral-Cloning-P3/dataCW/IMG/left_2017_09_04_12_13_20_290.jpg,/Users/ggcstaff/CarND-Term1-Starter-Kit/CarND-Behavioral-Cloning-P3/dataCW/IMG/right_2017_09_04_12_13_20_290.jpg,0.09728774,1,0,30.18982
/Users/ggcstaff/CarND-Term1-Starter-Kit/CarND-Behavioral-Cloning-P3/dataCW/IMG/center_2017_09_04_12_13_20_362.jpg,/Users/ggcstaff/CarND-Term1-Starter-Kit/CarND-Behavioral-Cloning-P3/dataCW/IMG/left_2017_09_04_12_13_20_362.jpg,/Users/ggcstaff/CarND-Term1-Starter-Kit/CarND-Behavioral-Cloning-P3/dataCW/IMG/right_2017_09_04_12_13_20_362.jpg,0.1071271,1,0,30.18966
/Users/ggcstaff/CarND-Term1-Starter-Kit/CarND-Behavioral-Cloning-P3/dataCW/IMG/center_2017_09_04_12_13_20_436.jpg,/Users/ggcstaff/CarND-Term1-Starter-Kit/CarND-Behavioral-Cloning-P3/dataCW/IMG/left_2017_09_04_12_13_20_436.jpg,/Users/ggcstaff/CarND-Term1-Starter-Kit/CarND-Behavioral-Cloning-P3/dataCW/IMG/right_2017_09_04_12_13_20_436.jpg,0.1136866,1,0,30.1896
/Users/ggcstaff/CarND-Term1-Starter-Kit/CarND-Behavioral-Cloning-P3/dataCW/IMG/center_2017_09_04_12_13_20_511.jpg,/Users/ggcstaff/CarND-Term1-Starter-Kit/CarND-Behavioral-Cloning-P3/dataCW/IMG/left_2017_09_04_12_13_20_511.jpg,/Users/ggcstaff/CarND-Term1-Starter-Kit/CarND-Behavioral-Cloning-P3/dataCW/IMG/right_2017_09_04_12_13_20_511.jpg,0.1136866,1,0,30.18979
/Users/ggcstaff/CarND-Term1-Starter-Kit/CarND-Behavioral-Cloning-P3/dataCW/IMG/center_2017_09_04_12_13_20_594.jpg,/Users/ggcstaff/CarND-Term1-Starter-Kit/CarND-Behavioral-Cloning-P3/dataCW/IMG/left_2017_09_04_12_13_20_594.jpg,/Users/ggcstaff/CarND-Term1-Starter-Kit/CarND-Behavioral-Cloning-P3/dataCW/IMG/right_2017_09_04_12_13_20_594.jpg,0.1136866,1,0,30.18987
/Users/ggcstaff/CarND-Term1-Starter-Kit/CarND-Behavioral-Cloning-P3/dataCW/IMG/center_2017_09_04_12_13_20_665.jpg,/Users/ggcstaff/CarND-Term1-Starter-Kit/CarND-Behavioral-Cloning-P3/dataCW/IMG/left_2017_09_04_12_13_20_665.jpg,/Users/ggcstaff/CarND-Term1-Starter-Kit/CarND-Behavioral-Cloning-P3/dataCW/IMG/right_2017_09_04_12_13_20_665.jpg,0.11037,1,0,30.18999
/Users/ggcstaff/CarND-Term1-Starter-Kit/CarND-Behavioral-Cloning-P3/dataCW/IMG/center_2017_09_04_12_13_20_736.jpg,/Users/ggcstaff/CarND-Term1-Starter-Kit/CarND-Behavioral-Cloning-P3/dataCW/IMG/left_2017_09_04_12_13_20_736.jpg,/Users/ggcstaff/CarND-Term1-Starter-Kit/CarND-Behavioral-Cloning-P3/dataCW/IMG/right_2017_09_04_12_13_20_736.jpg,0.1004201,1,0,30.19023
/Users/ggcstaff/CarND-Term1-Starter-Kit/CarND-Behavioral-Cloning-P3/dataCW/IMG/center_2017_09_04_12_13_20_807.jpg,/Users/ggcstaff/CarND-Term1-Starter-Kit/CarND-Behavioral-Cloning-P3/dataCW/IMG/left_2017_09_04_12_13_20_807.jpg,/Users/ggcstaff/CarND-Term1-Starter-Kit/CarND-Behavioral-Cloning-P3/dataCW/IMG/right_2017_09_04_12_13_20_807.jpg,0.0871536,1,0,30.19048
/Users/ggcstaff/CarND-Term1-Starter-Kit/CarND-Behavioral-Cloning-P3/dataCW/IMG/center_2017_09_04_12_13_20_893.jpg,/Users/ggcstaff/CarND-Term1-Starter-Kit/CarND-Behavioral-Cloning-P3/dataCW/IMG/left_2017_09_04_12_13_20_893.jpg,/Users/ggcstaff/CarND-Term1-Starter-Kit/CarND-Behavioral-Cloning-P3/dataCW/IMG/right_2017_09_04_12_13_20_893.jpg,0.06725384,1,0,30.19069
/Users/ggcstaff/CarND-Term1-Starter-Kit/CarND-Behavioral-Cloning-P3/dataCW/IMG/center_2017_09_04_12_13_20_965.jpg,/Users/ggcstaff/CarND-Term1-Starter-Kit/CarND-Behavioral-Cloning-P3/dataCW/IMG/left_2017_09_04_12_13_20_965.jpg,/Users/ggcstaff/CarND-Term1-Starter-Kit/CarND-Behavioral-Cloning-P3/dataCW/IMG/right_2017_09_04_12_13_20_965.jpg,0.05067069,1,0,30.1906
/Users/ggcstaff/CarND-Term1-Starter-Kit/CarND-Behavioral-Cloning-P3/dataCW/IMG/center_2017_09_04_12_13_21_041.jpg,/Users/ggcstaff/CarND-Term1-Starter-Kit/CarND-Behavioral-Cloning-P3/dataCW/IMG/left_2017_09_04_12_13_21_041.jpg,/Users/ggcstaff/CarND-Term1-Starter-Kit/CarND-Behavioral-Cloning-P3/dataCW/IMG/right_2017_09_04_12_13_21_041.jpg,0.02745431,1,0,30.19049
/Users/ggcstaff/CarND-Term1-Starter-Kit/CarND-Behavioral-Cloning-P3/dataCW/IMG/center_2017_09_04_12_13_21_112.jpg,/Users/ggcstaff/CarND-Term1-Starter-Kit/CarND-Behavioral-Cloning-P3/dataCW/IMG/left_2017_09_04_12_13_21_112.jpg,/Users/ggcstaff/CarND-Term1-Starter-Kit/CarND-Behavioral-Cloning-P3/dataCW/IMG/right_2017_09_04_12_13_21_112.jpg,0.00755454,1,0,30.19078
/Users/ggcstaff/CarND-Term1-Starter-Kit/CarND-Behavioral-Cloning-P3/dataCW/IMG/center_2017_09_04_12_13_21_183.jpg,/Users/ggcstaff/CarND-Term1-Starter-Kit/CarND-Behavioral-Cloning-P3/dataCW/IMG/left_2017_09_04_12_13_21_183.jpg,/Users/ggcstaff/CarND-Term1-Starter-Kit/CarND-Behavioral-Cloning-P3/dataCW/IMG/right_2017_09_04_12_13_21_183.jpg,-0.009028597,1,0,30.1902
/Users/ggcstaff/CarND-Term1-Starter-Kit/CarND-Behavioral-Cloning-P3/dataCW/IMG/center_2017_09_04_12_13_21_263.jpg,/Users/ggcstaff/CarND-Term1-Starter-Kit/CarND-Behavioral-Cloning-P3/dataCW/IMG/left_2017_09_04_12_13_21_263.jpg,/Users/ggcstaff/CarND-Term1-Starter-Kit/CarND-Behavioral-Cloning-P3/dataCW/IMG/right_2017_09_04_12_13_21_263.jpg,-0.01234522,1,0,30.19022
/Users/ggcstaff/CarND-Term1-Starter-Kit/CarND-Behavioral-Cloning-P3/dataCW/IMG/center_2017_09_04_12_13_21_336.jpg,/Users/ggcstaff/CarND-Term1-Starter-Kit/CarND-Behavioral-Cloning-P3/dataCW/IMG/left_2017_09_04_12_13_21_336.jpg,/Users/ggcstaff/CarND-Term1-Starter-Kit/CarND-Behavioral-Cloning-P3/dataCW/IMG/right_2017_09_04_12_13_21_336.jpg,-0.01234522,1,0,30.19028
/Users/ggcstaff/CarND-Term1-Starter-Kit/CarND-Behavioral-Cloning-P3/dataCW/IMG/center_2017_09_04_12_13_21_404.jpg,/Users/ggcstaff/CarND-Term1-Starter-Kit/CarND-Behavioral-Cloning-P3/dataCW/IMG/left_2017_09_04_12_13_21_404.jpg,/Users/ggcstaff/CarND-Term1-Starter-Kit/CarND-Behavioral-Cloning-P3/dataCW/IMG/right_2017_09_04_12_13_21_404.jpg,-0.01234522,1,0,30.19027
/Users/ggcstaff/CarND-Term1-Starter-Kit/CarND-Behavioral-Cloning-P3/dataCW/IMG/center_2017_09_04_12_13_21_474.jpg,/Users/ggcstaff/CarND-Term1-Starter-Kit/CarND-Behavioral-Cloning-P3/dataCW/IMG/left_2017_09_04_12_13_21_474.jpg,/Users/ggcstaff/CarND-Term1-Starter-Kit/CarND-Behavioral-Cloning-P3/dataCW/IMG/right_2017_09_04_12_13_21_474.jpg,-0.01234522,1,0,30.19027
/Users/ggcstaff/CarND-Term1-Starter-Kit/CarND-Behavioral-Cloning-P3/dataCW/IMG/center_2017_09_04_12_13_21_544.jpg,/Users/ggcstaff/CarND-Term1-Starter-Kit/CarND-Behavioral-Cloning-P3/dataCW/IMG/left_2017_09_04_12_13_21_544.jpg,/Users/ggcstaff/CarND-Term1-Starter-Kit/CarND-Behavioral-Cloning-P3/dataCW/IMG/right_2017_09_04_12_13_21_544.jpg,-0.01234522,1,0,30.19025
/Users/ggcstaff/CarND-Term1-Starter-Kit/CarND-Behavioral-Cloning-P3/dataCW/IMG/center_2017_09_04_12_13_21_618.jpg,/Users/ggcstaff/CarND-Term1-Starter-Kit/CarND-Behavioral-Cloning-P3/dataCW/IMG/left_2017_09_04_12_13_21_618.jpg,/Users/ggcstaff/CarND-Term1-Starter-Kit/CarND-Behavioral-Cloning-P3/dataCW/IMG/right_2017_09_04_12_13_21_618.jpg,-0.01234522,1,0,30.19027
/Users/ggcstaff/CarND-Term1-Starter-Kit/CarND-Behavioral-Cloning-P3/dataCW/IMG/center_2017_09_04_12_13_21_687.jpg,/Users/ggcstaff/CarND-Term1-Starter-Kit/CarND-Behavioral-Cloning-P3/dataCW/IMG/left_2017_09_04_12_13_21_687.jpg,/Users/ggcstaff/CarND-Term1-Starter-Kit/CarND-Behavioral-Cloning-P3/dataCW/IMG/right_2017_09_04_12_13_21_687.jpg,-0.01234522,1,0,30.19028
/Users/ggcstaff/CarND-Term1-Starter-Kit/CarND-Behavioral-Cloning-P3/dataCW/IMG/center_2017_09_04_12_13_21_769.jpg,/Users/ggcstaff/CarND-Term1-Starter-Kit/CarND-Behavioral-Cloning-P3/dataCW/IMG/left_2017_09_04_12_13_21_769.jpg,/Users/ggcstaff/CarND-Term1-Starter-Kit/CarND-Behavioral-Cloning-P3/dataCW/IMG/right_2017_09_04_12_13_21_769.jpg,-0.01234522,1,0,30.1903
/Users/ggcstaff/CarND-Term1-Starter-Kit/CarND-Behavioral-Cloning-P3/dataCW/IMG/center_2017_09_04_12_13_21_838.jpg,/Users/ggcstaff/CarND-Term1-Starter-Kit/CarND-Behavioral-Cloning-P3/dataCW/IMG/left_2017_09_04_12_13_21_838.jpg,/Users/ggcstaff/CarND-Term1-Starter-Kit/CarND-Behavioral-Cloning-P3/dataCW/IMG/right_2017_09_04_12_13_21_838.jpg,-0.01234522,1,0,30.19031
/Users/ggcstaff/CarND-Term1-Starter-Kit/CarND-Behavioral-Cloning-P3/dataCW/IMG/center_2017_09_04_12_13_21_906.jpg,/Users/ggcstaff/CarND-Term1-Starter-Kit/CarND-Behavioral-Cloning-P3/dataCW/IMG/left_2017_09_04_12_13_21_906.jpg,/Users/ggcstaff/CarND-Term1-Starter-Kit/CarND-Behavioral-Cloning-P3/dataCW/IMG/right_2017_09_04_12_13_21_906.jpg,0.01271374,1,0,30.19006
/Users/ggcstaff/CarND-Term1-Starter-Kit/CarND-Behavioral-Cloning-P3/dataCW/IMG/center_2017_09_04_12_13_21_980.jpg,/Users/ggcstaff/CarND-Term1-Starter-Kit/CarND-Behavioral-Cloning-P3/dataCW/IMG/left_2017_09_04_12_13_21_980.jpg,/Users/ggcstaff/CarND-Term1-Starter-Kit/CarND-Behavioral-Cloning-P3/dataCW/IMG/right_2017_09_04_12_13_21_980.jpg,0.05417158,1,0,30.18958
/Users/ggcstaff/CarND-Term1-Starter-Kit/CarND-Behavioral-Cloning-P3/dataCW/IMG/center_2017_09_04_12_13_22_048.jpg,/Users/ggcstaff/CarND-Term1-Starter-Kit/CarND-Behavioral-Cloning-P3/dataCW/IMG/left_2017_09_04_12_13_22_048.jpg,/Users/ggcstaff/CarND-Term1-Starter-Kit/CarND-Behavioral-Cloning-P3/dataCW/IMG/right_2017_09_04_12_13_22_048.jpg,0.07057046,1,0,30.18936
/Users/ggcstaff/CarND-Term1-Starter-Kit/CarND-Behavioral-Cloning-P3/dataCW/IMG/center_2017_09_04_12_13_22_116.jpg,/Users/ggcstaff/CarND-Term1-Starter-Kit/CarND-Behavioral-Cloning-P3/dataCW/IMG/left_2017_09_04_12_13_22_116.jpg,/Users/ggcstaff/CarND-Term1-Starter-Kit/CarND-Behavioral-Cloning-P3/dataCW/IMG/right_2017_09_04_12_13_22_116.jpg,0.07057046,1,0,30.18944
/Users/ggcstaff/CarND-Term1-Starter-Kit/CarND-Behavioral-Cloning-P3/dataCW/IMG/center_2017_09_04_12_13_22_185.jpg,/Users/ggcstaff/CarND-Term1-Starter-Kit/CarND-Behavioral-Cloning-P3/dataCW/IMG/left_2017_09_04_12_13_22_185.jpg,/Users/ggcstaff/CarND-Term1-Starter-Kit/CarND-Behavioral-Cloning-P3/dataCW/IMG/right_2017_09_04_12_13_22_185.jpg,0.07057046,1,0,30.18988
/Users/ggcstaff/CarND-Term1-Starter-Kit/CarND-Behavioral-Cloning-P3/dataCW/IMG/center_2017_09_04_12_13_22_262.jpg,/Users/ggcstaff/CarND-Term1-Starter-Kit/CarND-Behavioral-Cloning-P3/dataCW/IMG/left_2017_09_04_12_13_22_262.jpg,/Users/ggcstaff/CarND-Term1-Starter-Kit/CarND-Behavioral-Cloning-P3/dataCW/IMG/right_2017_09_04_12_13_22_262.jpg,0.05192364,1,0,30.19028
/Users/ggcstaff/CarND-Term1-Starter-Kit/CarND-Behavioral-Cloning-P3/dataCW/IMG/center_2017_09_04_12_13_22_331.jpg,/Users/ggcstaff/CarND-Term1-Starter-Kit/CarND-Behavioral-Cloning-P3/dataCW/IMG/left_2017_09_04_12_13_22_331.jpg,/Users/ggcstaff/CarND-Term1-Starter-Kit/CarND-Behavioral-Cloning-P3/dataCW/IMG/right_2017_09_04_12_13_22_331.jpg,0.04197376,1,0,30.19035
/Users/ggcstaff/CarND-Term1-Starter-Kit/CarND-Behavioral-Cloning-P3/dataCW/IMG/center_2017_09_04_12_13_22_399.jpg,/Users/ggcstaff/CarND-Term1-Starter-Kit/CarND-Behavioral-Cloning-P3/dataCW/IMG/left_2017_09_04_12_13_22_399.jpg,/Users/ggcstaff/CarND-Term1-Starter-Kit/CarND-Behavioral-Cloning-P3/dataCW/IMG/right_2017_09_04_12_13_22_399.jpg,0.04197376,1,0,30.19036
/Users/ggcstaff/CarND-Term1-Starter-Kit/CarND-Behavioral-Cloning-P3/dataCW/IMG/center_2017_09_04_12_13_22_470.jpg,/Users/ggcstaff/CarND-Term1-Starter-Kit/CarND-Behavioral-Cloning-P3/dataCW/IMG/left_2017_09_04_12_13_22_470.jpg,/Users/ggcstaff/CarND-Term1-Starter-Kit/CarND-Behavioral-Cloning-P3/dataCW/IMG/right_2017_09_04_12_13_22_470.jpg,0.04197376,1,0,30.19029
/Users/ggcstaff/CarND-Term1-Starter-Kit/CarND-Behavioral-Cloning-P3/dataCW/IMG/center_2017_09_04_12_13_22_541.jpg,/Users/ggcstaff/CarND-Term1-Starter-Kit/CarND-Behavioral-Cloning-P3/dataCW/IMG/left_2017_09_04_12_13_22_541.jpg,/Users/ggcstaff/CarND-Term1-Starter-Kit/CarND-Behavioral-Cloning-P3/dataCW/IMG/right_2017_09_04_12_13_22_541.jpg,0.04197376,1,0,30.19027
/Users/ggcstaff/CarND-Term1-Starter-Kit/CarND-Behavioral-Cloning-P3/dataCW/IMG/center_2017_09_04_12_13_22_610.jpg,/Users/ggcstaff/CarND-Term1-Starter-Kit/CarND-Behavioral-Cloning-P3/dataCW/IMG/left_2017_09_04_12_13_22_610.jpg,/Users/ggcstaff/CarND-Term1-Starter-Kit/CarND-Behavioral-Cloning-P3/dataCW/IMG/right_2017_09_04_12_13_22_610.jpg,0.04197376,1,0,30.19031
/Users/ggcstaff/CarND-Term1-Starter-Kit/CarND-Behavioral-Cloning-P3/dataCW/IMG/center_2017_09_04_12_13_22_679.jpg,/Users/ggcstaff/CarND-Term1-Starter-Kit/CarND-Behavioral-Cloning-P3/dataCW/IMG/left_2017_09_04_12_13_22_679.jpg,/Users/ggcstaff/CarND-Term1-Starter-Kit/CarND-Behavioral-Cloning-P3/dataCW/IMG/right_2017_09_04_12_13_22_679.jpg,0.04197376,1,0,30.19025
/Users/ggcstaff/CarND-Term1-Starter-Kit/CarND-Behavioral-Cloning-P3/dataCW/IMG/center_2017_09_04_12_13_22_756.jpg,/Users/ggcstaff/CarND-Term1-Starter-Kit/CarND-Behavioral-Cloning-P3/dataCW/IMG/left_2017_09_04_12_13_22_756.jpg,/Users/ggcstaff/CarND-Term1-Starter-Kit/CarND-Behavioral-Cloning-P3/dataCW/IMG/right_2017_09_04_12_13_22_756.jpg,0.05509286,1,0,30.19007
/Users/ggcstaff/CarND-Term1-Starter-Kit/CarND-Behavioral-Cloning-P3/dataCW/IMG/center_2017_09_04_12_13_22_825.jpg,/Users/ggcstaff/CarND-Term1-Starter-Kit/CarND-Behavioral-Cloning-P3/dataCW/IMG/left_2017_09_04_12_13_22_825.jpg,/Users/ggcstaff/CarND-Term1-Starter-Kit/CarND-Behavioral-Cloning-P3/dataCW/IMG/right_2017_09_04_12_13_22_825.jpg,0.05509286,1,0,30.19017
/Users/ggcstaff/CarND-Term1-Starter-Kit/CarND-Behavioral-Cloning-P3/dataCW/IMG/center_2017_09_04_12_13_22_906.jpg,/Users/ggcstaff/CarND-Term1-Starter-Kit/CarND-Behavioral-Cloning-P3/dataCW/IMG/left_2017_09_04_12_13_22_906.jpg,/Users/ggcstaff/CarND-Term1-Starter-Kit/CarND-Behavioral-Cloning-P3/dataCW/IMG/right_2017_09_04_12_13_22_906.jpg,0.05509286,1,0,30.19022
/Users/ggcstaff/CarND-Term1-Starter-Kit/CarND-Behavioral-Cloning-P3/dataCW/IMG/center_2017_09_04_12_13_22_981.jpg,/Users/ggcstaff/CarND-Term1-Starter-Kit/CarND-Behavioral-Cloning-P3/dataCW/IMG/left_2017_09_04_12_13_22_981.jpg,/Users/ggcstaff/CarND-Term1-Starter-Kit/CarND-Behavioral-Cloning-P3/dataCW/IMG/right_2017_09_04_12_13_22_981.jpg,0.05509286,1,0,30.19021
/Users/ggcstaff/CarND-Term1-Starter-Kit/CarND-Behavioral-Cloning-P3/dataCW/IMG/center_2017_09_04_12_13_23_049.jpg,/Users/ggcstaff/CarND-Term1-Starter-Kit/CarND-Behavioral-Cloning-P3/dataCW/IMG/left_2017_09_04_12_13_23_049.jpg,/Users/ggcstaff/CarND-Term1-Starter-Kit/CarND-Behavioral-Cloning-P3/dataCW/IMG/right_2017_09_04_12_13_23_049.jpg,0.05509286,1,0,30.19024
/Users/ggcstaff/CarND-Term1-Starter-Kit/CarND-Behavioral-Cloning-P3/dataCW/IMG/center_2017_09_04_12_13_23_116.jpg,/Users/ggcstaff/CarND-Term1-Starter-Kit/CarND-Behavioral-Cloning-P3/dataCW/IMG/left_2017_09_04_12_13_23_116.jpg,/Users/ggcstaff/CarND-Term1-Starter-Kit/CarND-Behavioral-Cloning-P3/dataCW/IMG/right_2017_09_04_12_13_23_116.jpg,0.04182636,1,0,30.19038
/Users/ggcstaff/CarND-Term1-Starter-Kit/CarND-Behavioral-Cloning-P3/dataCW/IMG/center_2017_09_04_12_13_23_185.jpg,/Users/ggcstaff/CarND-Term1-Starter-Kit/CarND-Behavioral-Cloning-P3/dataCW/IMG/left_2017_09_04_12_13_23_185.jpg,/Users/ggcstaff/CarND-Term1-Starter-Kit/CarND-Behavioral-Cloning-P3/dataCW/IMG/right_2017_09_04_12_13_23_185.jpg,0.0351931,1,0,30.19041
/Users/ggcstaff/CarND-Term1-Starter-Kit/CarND-Behavioral-Cloning-P3/dataCW/IMG/center_2017_09_04_12_13_23_255.jpg,/Users/ggcstaff/CarND-Term1-Starter-Kit/CarND-Behavioral-Cloning-P3/dataCW/IMG/left_2017_09_04_12_13_23_255.jpg,/Users/ggcstaff/CarND-Term1-Starter-Kit/CarND-Behavioral-Cloning-P3/dataCW/IMG/right_2017_09_04_12_13_23_255.jpg,0.0351931,1,0,30.19032
/Users/ggcstaff/CarND-Term1-Starter-Kit/CarND-Behavioral-Cloning-P3/dataCW/IMG/center_2017_09_04_12_13_23_336.jpg,/Users/ggcstaff/CarND-Term1-Starter-Kit/CarND-Behavioral-Cloning-P3/dataCW/IMG/left_2017_09_04_12_13_23_336.jpg,/Users/ggcstaff/CarND-Term1-Starter-Kit/CarND-Behavioral-Cloning-P3/dataCW/IMG/right_2017_09_04_12_13_23_336.jpg,0.0351931,1,0,30.19035
/Users/ggcstaff/CarND-Term1-Starter-Kit/CarND-Behavioral-Cloning-P3/dataCW/IMG/center_2017_09_04_12_13_23_409.jpg,/Users/ggcstaff/CarND-Term1-Starter-Kit/CarND-Behavioral-Cloning-P3/dataCW/IMG/left_2017_09_04_12_13_23_409.jpg,/Users/ggcstaff/CarND-Term1-Starter-Kit/CarND-Behavioral-Cloning-P3/dataCW/IMG/right_2017_09_04_12_13_23_409.jpg,0.0351931,1,0,30.19027
/Users/ggcstaff/CarND-Term1-Starter-Kit/CarND-Behavioral-Cloning-P3/dataCW/IMG/center_2017_09_04_12_13_23_478.jpg,/Users/ggcstaff/CarND-Term1-Starter-Kit/CarND-Behavioral-Cloning-P3/dataCW/IMG/left_2017_09_04_12_13_23_478.jpg,/Users/ggcstaff/CarND-Term1-Starter-Kit/CarND-Behavioral-Cloning-P3/dataCW/IMG/right_2017_09_04_12_13_23_478.jpg,0.0351931,1,0,30.19028
/Users/ggcstaff/CarND-Term1-Starter-Kit/CarND-Behavioral-Cloning-P3/dataCW/IMG/center_2017_09_04_12_13_23_552.jpg,/Users/ggcstaff/CarND-Term1-Starter-Kit/CarND-Behavioral-Cloning-P3/dataCW/IMG/left_2017_09_04_12_13_23_552.jpg,/Users/ggcstaff/CarND-Term1-Starter-Kit/CarND-Behavioral-Cloning-P3/dataCW/IMG/right_2017_09_04_12_13_23_552.jpg,0.0351931,1,0,30.19029
/Users/ggcstaff/CarND-Term1-Starter-Kit/CarND-Behavioral-Cloning-P3/dataCW/IMG/center_2017_09_04_12_13_23_621.jpg,/Users/ggcstaff/CarND-Term1-Starter-Kit/CarND-Behavioral-Cloning-P3/dataCW/IMG/left_2017_09_04_12_13_23_621.jpg,/Users/ggcstaff/CarND-Term1-Starter-Kit/CarND-Behavioral-Cloning-P3/dataCW/IMG/right_2017_09_04_12_13_23_621.jpg,0.0351931,1,0,30.19025
/Users/ggcstaff/CarND-Term1-Starter-Kit/CarND-Behavioral-Cloning-P3/dataCW/IMG/center_2017_09_04_12_13_23_689.jpg,/Users/ggcstaff/CarND-Term1-Starter-Kit/CarND-Behavioral-Cloning-P3/dataCW/IMG/left_2017_09_04_12_13_23_689.jpg,/Users/ggcstaff/CarND-Term1-Starter-Kit/CarND-Behavioral-Cloning-P3/dataCW/IMG/right_2017_09_04_12_13_23_689.jpg,0.0351931,1,0,30.19027
/Users/ggcstaff/CarND-Term1-Starter-Kit/CarND-Behavioral-Cloning-P3/dataCW/IMG/center_2017_09_04_12_13_23_757.jpg,/Users/ggcstaff/CarND-Term1-Starter-Kit/CarND-Behavioral-Cloning-P3/dataCW/IMG/left_2017_09_04_12_13_23_757.jpg,/Users/ggcstaff/CarND-Term1-Starter-Kit/CarND-Behavioral-Cloning-P3/dataCW/IMG/right_2017_09_04_12_13_23_757.jpg,0.0351931,1,0,30.19029
/Users/ggcstaff/CarND-Term1-Starter-Kit/CarND-Behavioral-Cloning-P3/dataCW/IMG/center_2017_09_04_12_13_23_827.jpg,/Users/ggcstaff/CarND-Term1-Starter-Kit/CarND-Behavioral-Cloning-P3/dataCW/IMG/left_2017_09_04_12_13_23_827.jpg,/Users/ggcstaff/CarND-Term1-Starter-Kit/CarND-Behavioral-Cloning-P3/dataCW/IMG/right_2017_09_04_12_13_23_827.jpg,0.0351931,1,0,30.19025
/Users/ggcstaff/CarND-Term1-Starter-Kit/CarND-Behavioral-Cloning-P3/dataCW/IMG/center_2017_09_04_12_13_23_897.jpg,/Users/ggcstaff/CarND-Term1-Starter-Kit/CarND-Behavioral-Cloning-P3/dataCW/IMG/left_2017_09_04_12_13_23_897.jpg,/Users/ggcstaff/CarND-Term1-Starter-Kit/CarND-Behavioral-Cloning-P3/dataCW/IMG/right_2017_09_04_12_13_23_897.jpg,0.0351931,1,0,30.19028
/Users/ggcstaff/CarND-Term1-Starter-Kit/CarND-Behavioral-Cloning-P3/dataCW/IMG/center_2017_09_04_12_13_23_968.jpg,/Users/ggcstaff/CarND-Term1-Starter-Kit/CarND-Behavioral-Cloning-P3/dataCW/IMG/left_2017_09_04_12_13_23_968.jpg,/Users/ggcstaff/CarND-Term1-Starter-Kit/CarND-Behavioral-Cloning-P3/dataCW/IMG/right_2017_09_04_12_13_23_968.jpg,0.0351931,1,0,30.19028
/Users/ggcstaff/CarND-Term1-Starter-Kit/CarND-Behavioral-Cloning-P3/dataCW/IMG/center_2017_09_04_12_13_24_037.jpg,/Users/ggcstaff/CarND-Term1-Starter-Kit/CarND-Behavioral-Cloning-P3/dataCW/IMG/left_2017_09_04_12_13_24_037.jpg,/Users/ggcstaff/CarND-Term1-Starter-Kit/CarND-Behavioral-Cloning-P3/dataCW/IMG/right_2017_09_04_12_13_24_037.jpg,0.0351931,1,0,30.19044
/Users/ggcstaff/CarND-Term1-Starter-Kit/CarND-Behavioral-Cloning-P3/dataCW/IMG/center_2017_09_04_12_13_24_106.jpg,/Users/ggcstaff/CarND-Term1-Starter-Kit/CarND-Behavioral-Cloning-P3/dataCW/IMG/left_2017_09_04_12_13_24_106.jpg,/Users/ggcstaff/CarND-Term1-Starter-Kit/CarND-Behavioral-Cloning-P3/dataCW/IMG/right_2017_09_04_12_13_24_106.jpg,0.0351931,1,0,30.19023
/Users/ggcstaff/CarND-Term1-Starter-Kit/CarND-Behavioral-Cloning-P3/dataCW/IMG/center_2017_09_04_12_13_24_181.jpg,/Users/ggcstaff/CarND-Term1-Starter-Kit/CarND-Behavioral-Cloning-P3/dataCW/IMG/left_2017_09_04_12_13_24_181.jpg,/Users/ggcstaff/CarND-Term1-Starter-Kit/CarND-Behavioral-Cloning-P3/dataCW/IMG/right_2017_09_04_12_13_24_181.jpg,0.0351931,1,0,30.19022
/Users/ggcstaff/CarND-Term1-Starter-Kit/CarND-Behavioral-Cloning-P3/dataCW/IMG/center_2017_09_04_12_13_24_254.jpg,/Users/ggcstaff/CarND-Term1-Starter-Kit/CarND-Behavioral-Cloning-P3/dataCW/IMG/left_2017_09_04_12_13_24_254.jpg,/Users/ggcstaff/CarND-Term1-Starter-Kit/CarND-Behavioral-Cloning-P3/dataCW/IMG/right_2017_09_04_12_13_24_254.jpg,0.0351931,1,0,30.19029
/Users/ggcstaff/CarND-Term1-Starter-Kit/CarND-Behavioral-Cloning-P3/dataCW/IMG/center_2017_09_04_12_13_24_331.jpg,/Users/ggcstaff/CarND-Term1-Starter-Kit/CarND-Behavioral-Cloning-P3/dataCW/IMG/left_2017_09_04_12_13_24_331.jpg,/Users/ggcstaff/CarND-Term1-Starter-Kit/CarND-Behavioral-Cloning-P3/dataCW/IMG/right_2017_09_04_12_13_24_331.jpg,0.0351931,1,0,30.19027
/Users/ggcstaff/CarND-Term1-Starter-Kit/CarND-Behavioral-Cloning-P3/dataCW/IMG/center_2017_09_04_12_13_24_401.jpg,/Users/ggcstaff/CarND-Term1-Starter-Kit/CarND-Behavioral-Cloning-P3/dataCW/IMG/left_2017_09_04_12_13_24_401.jpg,/Users/ggcstaff/CarND-Term1-Starter-Kit/CarND-Behavioral-Cloning-P3/dataCW/IMG/right_2017_09_04_12_13_24_401.jpg,0.04503243,1,0,30.19015
/Users/ggcstaff/CarND-Term1-Starter-Kit/CarND-Behavioral-Cloning-P3/dataCW/IMG/center_2017_09_04_12_13_24_469.jpg,/Users/ggcstaff/CarND-Term1-Starter-Kit/CarND-Behavioral-Cloning-P3/dataCW/IMG/left_2017_09_04_12_13_24_469.jpg,/Users/ggcstaff/CarND-Term1-Starter-Kit/CarND-Behavioral-Cloning-P3/dataCW/IMG/right_2017_09_04_12_13_24_469.jpg,0.04503243,1,0,30.19019
/Users/ggcstaff/CarND-Term1-Starter-Kit/CarND-Behavioral-Cloning-P3/dataCW/IMG/center_2017_09_04_12_13_24_538.jpg,/Users/ggcstaff/CarND-Term1-Starter-Kit/CarND-Behavioral-Cloning-P3/dataCW/IMG/left_2017_09_04_12_13_24_538.jpg,/Users/ggcstaff/CarND-Term1-Starter-Kit/CarND-Behavioral-Cloning-P3/dataCW/IMG/right_2017_09_04_12_13_24_538.jpg,0.04503243,1,0,30.19019
/Users/ggcstaff/CarND-Term1-Starter-Kit/CarND-Behavioral-Cloning-P3/dataCW/IMG/center_2017_09_04_12_13_24_607.jpg,/Users/ggcstaff/CarND-Term1-Starter-Kit/CarND-Behavioral-Cloning-P3/dataCW/IMG/left_2017_09_04_12_13_24_607.jpg,/Users/ggcstaff/CarND-Term1-Starter-Kit/CarND-Behavioral-Cloning-P3/dataCW/IMG/right_2017_09_04_12_13_24_607.jpg,0.04503243,1,0,30.1902
/Users/ggcstaff/CarND-Term1-Starter-Kit/CarND-Behavioral-Cloning-P3/dataCW/IMG/center_2017_09_04_12_13_24_676.jpg,/Users/ggcstaff/CarND-Term1-Starter-Kit/CarND-Behavioral-Cloning-P3/dataCW/IMG/left_2017_09_04_12_13_24_676.jpg,/Users/ggcstaff/CarND-Term1-Starter-Kit/CarND-Behavioral-Cloning-P3/dataCW/IMG/right_2017_09_04_12_13_24_676.jpg,0.0417158,1,0,30.19027
/Users/ggcstaff/CarND-Term1-Starter-Kit/CarND-Behavioral-Cloning-P3/dataCW/IMG/center_2017_09_04_12_13_24_746.jpg,/Users/ggcstaff/CarND-Term1-Starter-Kit/CarND-Behavioral-Cloning-P3/dataCW/IMG/left_2017_09_04_12_13_24_746.jpg,/Users/ggcstaff/CarND-Term1-Starter-Kit/CarND-Behavioral-Cloning-P3/dataCW/IMG/right_2017_09_04_12_13_24_746.jpg,0.02181604,1,0,30.19036
/Users/ggcstaff/CarND-Term1-Starter-Kit/CarND-Behavioral-Cloning-P3/dataCW/IMG/center_2017_09_04_12_13_24_816.jpg,/Users/ggcstaff/CarND-Term1-Starter-Kit/CarND-Behavioral-Cloning-P3/dataCW/IMG/left_2017_09_04_12_13_24_816.jpg,/Users/ggcstaff/CarND-Term1-Starter-Kit/CarND-Behavioral-Cloning-P3/dataCW/IMG/right_2017_09_04_12_13_24_816.jpg,0.01849941,1,0,30.1903
/Users/ggcstaff/CarND-Term1-Starter-Kit/CarND-Behavioral-Cloning-P3/dataCW/IMG/center_2017_09_04_12_13_24_889.jpg,/Users/ggcstaff/CarND-Term1-Starter-Kit/CarND-Behavioral-Cloning-P3/dataCW/IMG/left_2017_09_04_12_13_24_889.jpg,/Users/ggcstaff/CarND-Term1-Starter-Kit/CarND-Behavioral-Cloning-P3/dataCW/IMG/right_2017_09_04_12_13_24_889.jpg,0.01849941,1,0,30.19033
/Users/ggcstaff/CarND-Term1-Starter-Kit/CarND-Behavioral-Cloning-P3/dataCW/IMG/center_2017_09_04_12_13_24_965.jpg,/Users/ggcstaff/CarND-Term1-Starter-Kit/CarND-Behavioral-Cloning-P3/dataCW/IMG/left_2017_09_04_12_13_24_965.jpg,/Users/ggcstaff/CarND-Term1-Starter-Kit/CarND-Behavioral-Cloning-P3/dataCW/IMG/right_2017_09_04_12_13_24_965.jpg,0.01849941,1,0,30.1903
/Users/ggcstaff/CarND-Term1-Starter-Kit/CarND-Behavioral-Cloning-P3/dataCW/IMG/center_2017_09_04_12_13_25_045.jpg,/Users/ggcstaff/CarND-Term1-Starter-Kit/CarND-Behavioral-Cloning-P3/dataCW/IMG/left_2017_09_04_12_13_25_045.jpg,/Users/ggcstaff/CarND-Term1-Starter-Kit/CarND-Behavioral-Cloning-P3/dataCW/IMG/right_2017_09_04_12_13_25_045.jpg,0.01849941,1,0,30.19033
/Users/ggcstaff/CarND-Term1-Starter-Kit/CarND-Behavioral-Cloning-P3/dataCW/IMG/center_2017_09_04_12_13_25_115.jpg,/Users/ggcstaff/CarND-Term1-Starter-Kit/CarND-Behavioral-Cloning-P3/dataCW/IMG/left_2017_09_04_12_13_25_115.jpg,/Users/ggcstaff/CarND-Term1-Starter-Kit/CarND-Behavioral-Cloning-P3/dataCW/IMG/right_2017_09_04_12_13_25_115.jpg,0.02505896,1,0,30.19025
/Users/ggcstaff/CarND-Term1-Starter-Kit/CarND-Behavioral-Cloning-P3/dataCW/IMG/center_2017_09_04_12_13_25_184.jpg,/Users/ggcstaff/CarND-Term1-Starter-Kit/CarND-Behavioral-Cloning-P3/dataCW/IMG/left_2017_09_04_12_13_25_184.jpg,/Users/ggcstaff/CarND-Term1-Starter-Kit/CarND-Behavioral-Cloning-P3/dataCW/IMG/right_2017_09_04_12_13_25_184.jpg,0.02833874,1,0,30.19029
/Users/ggcstaff/CarND-Term1-Starter-Kit/CarND-Behavioral-Cloning-P3/dataCW/IMG/center_2017_09_04_12_13_25_254.jpg,/Users/ggcstaff/CarND-Term1-Starter-Kit/CarND-Behavioral-Cloning-P3/dataCW/IMG/left_2017_09_04_12_13_25_254.jpg,/Users/ggcstaff/CarND-Term1-Starter-Kit/CarND-Behavioral-Cloning-P3/dataCW/IMG/right_2017_09_04_12_13_25_254.jpg,0.02833874,1,0,30.19028
/Users/ggcstaff/CarND-Term1-Starter-Kit/CarND-Behavioral-Cloning-P3/dataCW/IMG/center_2017_09_04_12_13_25_324.jpg,/Users/ggcstaff/CarND-Term1-Starter-Kit/CarND-Behavioral-Cloning-P3/dataCW/IMG/left_2017_09_04_12_13_25_324.jpg,/Users/ggcstaff/CarND-Term1-Starter-Kit/CarND-Behavioral-Cloning-P3/dataCW/IMG/right_2017_09_04_12_13_25_324.jpg,0.02833874,1,0,30.19029
/Users/ggcstaff/CarND-Term1-Starter-Kit/CarND-Behavioral-Cloning-P3/dataCW/IMG/center_2017_09_04_12_13_25_395.jpg,/Users/ggcstaff/CarND-Term1-Starter-Kit/CarND-Behavioral-Cloning-P3/dataCW/IMG/left_2017_09_04_12_13_25_395.jpg,/Users/ggcstaff/CarND-Term1-Starter-Kit/CarND-Behavioral-Cloning-P3/dataCW/IMG/right_2017_09_04_12_13_25_395.jpg,0.02833874,1,0,30.19026
/Users/ggcstaff/CarND-Term1-Starter-Kit/CarND-Behavioral-Cloning-P3/dataCW/IMG/center_2017_09_04_12_13_25_464.jpg,/Users/ggcstaff/CarND-Term1-Starter-Kit/CarND-Behavioral-Cloning-P3/dataCW/IMG/left_2017_09_04_12_13_25_464.jpg,/Users/ggcstaff/CarND-Term1-Starter-Kit/CarND-Behavioral-Cloning-P3/dataCW/IMG/right_2017_09_04_12_13_25_464.jpg,0.02833874,1,0,30.19035
/Users/ggcstaff/CarND-Term1-Starter-Kit/CarND-Behavioral-Cloning-P3/dataCW/IMG/center_2017_09_04_12_13_25_534.jpg,/Users/ggcstaff/CarND-Term1-Starter-Kit/CarND-Behavioral-Cloning-P3/dataCW/IMG/left_2017_09_04_12_13_25_534.jpg,/Users/ggcstaff/CarND-Term1-Starter-Kit/CarND-Behavioral-Cloning-P3/dataCW/IMG/right_2017_09_04_12_13_25_534.jpg,0.02833874,1,0,30.1903
/Users/ggcstaff/CarND-Term1-Starter-Kit/CarND-Behavioral-Cloning-P3/dataCW/IMG/center_2017_09_04_12_13_25_601.jpg,/Users/ggcstaff/CarND-Term1-Starter-Kit/CarND-Behavioral-Cloning-P3/dataCW/IMG/left_2017_09_04_12_13_25_601.jpg,/Users/ggcstaff/CarND-Term1-Starter-Kit/CarND-Behavioral-Cloning-P3/dataCW/IMG/right_2017_09_04_12_13_25_601.jpg,0.02833874,1,0,30.19029
/Users/ggcstaff/CarND-Term1-Starter-Kit/CarND-Behavioral-Cloning-P3/dataCW/IMG/center_2017_09_04_12_13_25_669.jpg,/Users/ggcstaff/CarND-Term1-Starter-Kit/CarND-Behavioral-Cloning-P3/dataCW/IMG/left_2017_09_04_12_13_25_669.jpg,/Users/ggcstaff/CarND-Term1-Starter-Kit/CarND-Behavioral-Cloning-P3/dataCW/IMG/right_2017_09_04_12_13_25_669.jpg,0.02833874,1,0,30.19026
/Users/ggcstaff/CarND-Term1-Starter-Kit/CarND-Behavioral-Cloning-P3/dataCW/IMG/center_2017_09_04_12_13_25_739.jpg,/Users/ggcstaff/CarND-Term1-Starter-Kit/CarND-Behavioral-Cloning-P3/dataCW/IMG/left_2017_09_04_12_13_25_739.jpg,/Users/ggcstaff/CarND-Term1-Starter-Kit/CarND-Behavioral-Cloning-P3/dataCW/IMG/right_2017_09_04_12_13_25_739.jpg,0.02833874,1,0,30.19029
/Users/ggcstaff/CarND-Term1-Starter-Kit/CarND-Behavioral-Cloning-P3/dataCW/IMG/center_2017_09_04_12_13_25_809.jpg,/Users/ggcstaff/CarND-Term1-Starter-Kit/CarND-Behavioral-Cloning-P3/dataCW/IMG/left_2017_09_04_12_13_25_809.jpg,/Users/ggcstaff/CarND-Term1-Starter-Kit/CarND-Behavioral-Cloning-P3/dataCW/IMG/right_2017_09_04_12_13_25_809.jpg,0.02833874,1,0,30.19028
/Users/ggcstaff/CarND-Term1-Starter-Kit/CarND-Behavioral-Cloning-P3/dataCW/IMG/center_2017_09_04_12_13_25_882.jpg,/Users/ggcstaff/CarND-Term1-Starter-Kit/CarND-Behavioral-Cloning-P3/dataCW/IMG/left_2017_09_04_12_13_25_882.jpg,/Users/ggcstaff/CarND-Term1-Starter-Kit/CarND-Behavioral-Cloning-P3/dataCW/IMG/right_2017_09_04_12_13_25_882.jpg,0.02833874,1,0,30.1903
/Users/ggcstaff/CarND-Term1-Starter-Kit/CarND-Behavioral-Cloning-P3/dataCW/IMG/center_2017_09_04_12_13_25_950.jpg,/Users/ggcstaff/CarND-Term1-Starter-Kit/CarND-Behavioral-Cloning-P3/dataCW/IMG/left_2017_09_04_12_13_25_950.jpg,/Users/ggcstaff/CarND-Term1-Starter-Kit/CarND-Behavioral-Cloning-P3/dataCW/IMG/right_2017_09_04_12_13_25_950.jpg,0.02833874,1,0,30.19029
/Users/ggcstaff/CarND-Term1-Starter-Kit/CarND-Behavioral-Cloning-P3/dataCW/IMG/center_2017_09_04_12_13_26_017.jpg,/Users/ggcstaff/CarND-Term1-Starter-Kit/CarND-Behavioral-Cloning-P3/dataCW/IMG/left_2017_09_04_12_13_26_017.jpg,/Users/ggcstaff/CarND-Term1-Starter-Kit/CarND-Behavioral-Cloning-P3/dataCW/IMG/right_2017_09_04_12_13_26_017.jpg,0.02833874,1,0,30.1903
/Users/ggcstaff/CarND-Term1-Starter-Kit/CarND-Behavioral-Cloning-P3/dataCW/IMG/center_2017_09_04_12_13_26_087.jpg,/Users/ggcstaff/CarND-Term1-Starter-Kit/CarND-Behavioral-Cloning-P3/dataCW/IMG/left_2017_09_04_12_13_26_087.jpg,/Users/ggcstaff/CarND-Term1-Starter-Kit/CarND-Behavioral-Cloning-P3/dataCW/IMG/right_2017_09_04_12_13_26_087.jpg,0.02833874,1,0,30.19028
/Users/ggcstaff/CarND-Term1-Starter-Kit/CarND-Behavioral-Cloning-P3/dataCW/IMG/center_2017_09_04_12_13_26_156.jpg,/Users/ggcstaff/CarND-Term1-Starter-Kit/CarND-Behavioral-Cloning-P3/dataCW/IMG/left_2017_09_04_12_13_26_156.jpg,/Users/ggcstaff/CarND-Term1-Starter-Kit/CarND-Behavioral-Cloning-P3/dataCW/IMG/right_2017_09_04_12_13_26_156.jpg,0.02833874,1,0,30.19029
/Users/ggcstaff/CarND-Term1-Starter-Kit/CarND-Behavioral-Cloning-P3/dataCW/IMG/center_2017_09_04_12_13_26_223.jpg,/Users/ggcstaff/CarND-Term1-Starter-Kit/CarND-Behavioral-Cloning-P3/dataCW/IMG/left_2017_09_04_12_13_26_223.jpg,/Users/ggcstaff/CarND-Term1-Starter-Kit/CarND-Behavioral-Cloning-P3/dataCW/IMG/right_2017_09_04_12_13_26_223.jpg,0.02833874,1,0,30.19028
/Users/ggcstaff/CarND-Term1-Starter-Kit/CarND-Behavioral-Cloning-P3/dataCW/IMG/center_2017_09_04_12_13_26_291.jpg,/Users/ggcstaff/CarND-Term1-Starter-Kit/CarND-Behavioral-Cloning-P3/dataCW/IMG/left_2017_09_04_12_13_26_291.jpg,/Users/ggcstaff/CarND-Term1-Starter-Kit/CarND-Behavioral-Cloning-P3/dataCW/IMG/right_2017_09_04_12_13_26_291.jpg,0.02833874,1,0,30.19032
/Users/ggcstaff/CarND-Term1-Starter-Kit/CarND-Behavioral-Cloning-P3/dataCW/IMG/center_2017_09_04_12_13_26_362.jpg,/Users/ggcstaff/CarND-Term1-Starter-Kit/CarND-Behavioral-Cloning-P3/dataCW/IMG/left_2017_09_04_12_13_26_362.jpg,/Users/ggcstaff/CarND-Term1-Starter-Kit/CarND-Behavioral-Cloning-P3/dataCW/IMG/right_2017_09_04_12_13_26_362.jpg,0.02833874,1,0,30.19031
/Users/ggcstaff/CarND-Term1-Starter-Kit/CarND-Behavioral-Cloning-P3/dataCW/IMG/center_2017_09_04_12_13_26_429.jpg,/Users/ggcstaff/CarND-Term1-Starter-Kit/CarND-Behavioral-Cloning-P3/dataCW/IMG/left_2017_09_04_12_13_26_429.jpg,/Users/ggcstaff/CarND-Term1-Starter-Kit/CarND-Behavioral-Cloning-P3/dataCW/IMG/right_2017_09_04_12_13_26_429.jpg,0.02833874,1,0,30.19031
/Users/ggcstaff/CarND-Term1-Starter-Kit/CarND-Behavioral-Cloning-P3/dataCW/IMG/center_2017_09_04_12_13_26_501.jpg,/Users/ggcstaff/CarND-Term1-Starter-Kit/CarND-Behavioral-Cloning-P3/dataCW/IMG/left_2017_09_04_12_13_26_501.jpg,/Users/ggcstaff/CarND-Term1-Starter-Kit/CarND-Behavioral-Cloning-P3/dataCW/IMG/right_2017_09_04_12_13_26_501.jpg,0.02833874,1,0,30.19024
/Users/ggcstaff/CarND-Term1-Starter-Kit/CarND-Behavioral-Cloning-P3/dataCW/IMG/center_2017_09_04_12_13_26_568.jpg,/Users/ggcstaff/CarND-Term1-Starter-Kit/CarND-Behavioral-Cloning-P3/dataCW/IMG/left_2017_09_04_12_13_26_568.jpg,/Users/ggcstaff/CarND-Term1-Starter-Kit/CarND-Behavioral-Cloning-P3/dataCW/IMG/right_2017_09_04_12_13_26_568.jpg,0.02833874,1,0,30.19023
/Users/ggcstaff/CarND-Term1-Starter-Kit/CarND-Behavioral-Cloning-P3/dataCW/IMG/center_2017_09_04_12_13_26_635.jpg,/Users/ggcstaff/CarND-Term1-Starter-Kit/CarND-Behavioral-Cloning-P3/dataCW/IMG/left_2017_09_04_12_13_26_635.jpg,/Users/ggcstaff/CarND-Term1-Starter-Kit/CarND-Behavioral-Cloning-P3/dataCW/IMG/right_2017_09_04_12_13_26_635.jpg,0.02502211,1,0,30.19047
/Users/ggcstaff/CarND-Term1-Starter-Kit/CarND-Behavioral-Cloning-P3/dataCW/IMG/center_2017_09_04_12_13_26_705.jpg,/Users/ggcstaff/CarND-Term1-Starter-Kit/CarND-Behavioral-Cloning-P3/dataCW/IMG/left_2017_09_04_12_13_26_705.jpg,/Users/ggcstaff/CarND-Term1-Starter-Kit/CarND-Behavioral-Cloning-P3/dataCW/IMG/right_2017_09_04_12_13_26_705.jpg,0.01838886,1,0,30.19038
/Users/ggcstaff/CarND-Term1-Starter-Kit/CarND-Behavioral-Cloning-P3/dataCW/IMG/center_2017_09_04_12_13_26_773.jpg,/Users/ggcstaff/CarND-Term1-Starter-Kit/CarND-Behavioral-Cloning-P3/dataCW/IMG/left_2017_09_04_12_13_26_773.jpg,/Users/ggcstaff/CarND-Term1-Starter-Kit/CarND-Behavioral-Cloning-P3/dataCW/IMG/right_2017_09_04_12_13_26_773.jpg,0.01838886,1,0,30.19033
/Users/ggcstaff/CarND-Term1-Starter-Kit/CarND-Behavioral-Cloning-P3/dataCW/IMG/center_2017_09_04_12_13_26_847.jpg,/Users/ggcstaff/CarND-Term1-Starter-Kit/CarND-Behavioral-Cloning-P3/dataCW/IMG/left_2017_09_04_12_13_26_847.jpg,/Users/ggcstaff/CarND-Term1-Starter-Kit/CarND-Behavioral-Cloning-P3/dataCW/IMG/right_2017_09_04_12_13_26_847.jpg,0.01838886,1,0,30.19031
/Users/ggcstaff/CarND-Term1-Starter-Kit/CarND-Behavioral-Cloning-P3/dataCW/IMG/center_2017_09_04_12_13_26_916.jpg,/Users/ggcstaff/CarND-Term1-Starter-Kit/CarND-Behavioral-Cloning-P3/dataCW/IMG/left_2017_09_04_12_13_26_916.jpg,/Users/ggcstaff/CarND-Term1-Starter-Kit/CarND-Behavioral-Cloning-P3/dataCW/IMG/right_2017_09_04_12_13_26_916.jpg,0.01838886,1,0,30.19032
/Users/ggcstaff/CarND-Term1-Starter-Kit/CarND-Behavioral-Cloning-P3/dataCW/IMG/center_2017_09_04_12_13_26_986.jpg,/Users/ggcstaff/CarND-Term1-Starter-Kit/CarND-Behavioral-Cloning-P3/dataCW/IMG/left_2017_09_04_12_13_26_986.jpg,/Users/ggcstaff/CarND-Term1-Starter-Kit/CarND-Behavioral-Cloning-P3/dataCW/IMG/right_2017_09_04_12_13_26_986.jpg,0.01838886,1,0,30.1903
/Users/ggcstaff/CarND-Term1-Starter-Kit/CarND-Behavioral-Cloning-P3/dataCW/IMG/center_2017_09_04_12_13_27_054.jpg,/Users/ggcstaff/CarND-Term1-Starter-Kit/CarND-Behavioral-Cloning-P3/dataCW/IMG/left_2017_09_04_12_13_27_054.jpg,/Users/ggcstaff/CarND-Term1-Starter-Kit/CarND-Behavioral-Cloning-P3/dataCW/IMG/right_2017_09_04_12_13_27_054.jpg,0.02166863,1,0,30.19025
/Users/ggcstaff/CarND-Term1-Starter-Kit/CarND-Behavioral-Cloning-P3/dataCW/IMG/center_2017_09_04_12_13_27_122.jpg,/Users/ggcstaff/CarND-Term1-Starter-Kit/CarND-Behavioral-Cloning-P3/dataCW/IMG/left_2017_09_04_12_13_27_122.jpg,/Users/ggcstaff/CarND-Term1-Starter-Kit/CarND-Behavioral-Cloning-P3/dataCW/IMG/right_2017_09_04_12_13_27_122.jpg,0.02494841,1,0,30.19027
/Users/ggcstaff/CarND-Term1-Starter-Kit/CarND-Behavioral-Cloning-P3/dataCW/IMG/center_2017_09_04_12_13_27_197.jpg,/Users/ggcstaff/CarND-Term1-Starter-Kit/CarND-Behavioral-Cloning-P3/dataCW/IMG/left_2017_09_04_12_13_27_197.jpg,/Users/ggcstaff/CarND-Term1-Starter-Kit/CarND-Behavioral-Cloning-P3/dataCW/IMG/right_2017_09_04_12_13_27_197.jpg,0.02494841,1,0,30.19031
/Users/ggcstaff/CarND-Term1-Starter-Kit/CarND-Behavioral-Cloning-P3/dataCW/IMG/center_2017_09_04_12_13_27_266.jpg,/Users/ggcstaff/CarND-Term1-Starter-Kit/CarND-Behavioral-Cloning-P3/dataCW/IMG/left_2017_09_04_12_13_27_266.jpg,/Users/ggcstaff/CarND-Term1-Starter-Kit/CarND-Behavioral-Cloning-P3/dataCW/IMG/right_2017_09_04_12_13_27_266.jpg,0.02494841,1,0,30.19028
/Users/ggcstaff/CarND-Term1-Starter-Kit/CarND-Behavioral-Cloning-P3/dataCW/IMG/center_2017_09_04_12_13_27_342.jpg,/Users/ggcstaff/CarND-Term1-Starter-Kit/CarND-Behavioral-Cloning-P3/dataCW/IMG/left_2017_09_04_12_13_27_342.jpg,/Users/ggcstaff/CarND-Term1-Starter-Kit/CarND-Behavioral-Cloning-P3/dataCW/IMG/right_2017_09_04_12_13_27_342.jpg,0.02494841,1,0,30.19027
/Users/ggcstaff/CarND-Term1-Starter-Kit/CarND-Behavioral-Cloning-P3/dataCW/IMG/center_2017_09_04_12_13_27_412.jpg,/Users/ggcstaff/CarND-Term1-Starter-Kit/CarND-Behavioral-Cloning-P3/dataCW/IMG/left_2017_09_04_12_13_27_412.jpg,/Users/ggcstaff/CarND-Term1-Starter-Kit/CarND-Behavioral-Cloning-P3/dataCW/IMG/right_2017_09_04_12_13_27_412.jpg,0.02494841,1,0,30.19028
/Users/ggcstaff/CarND-Term1-Starter-Kit/CarND-Behavioral-Cloning-P3/dataCW/IMG/center_2017_09_04_12_13_27_485.jpg,/Users/ggcstaff/CarND-Term1-Starter-Kit/CarND-Behavioral-Cloning-P3/dataCW/IMG/left_2017_09_04_12_13_27_485.jpg,/Users/ggcstaff/CarND-Term1-Starter-Kit/CarND-Behavioral-Cloning-P3/dataCW/IMG/right_2017_09_04_12_13_27_485.jpg,0.02494841,1,0,30.19029
/Users/ggcstaff/CarND-Term1-Starter-Kit/CarND-Behavioral-Cloning-P3/dataCW/IMG/center_2017_09_04_12_13_27_557.jpg,/Users/ggcstaff/CarND-Term1-Starter-Kit/CarND-Behavioral-Cloning-P3/dataCW/IMG/left_2017_09_04_12_13_27_557.jpg,/Users/ggcstaff/CarND-Term1-Starter-Kit/CarND-Behavioral-Cloning-P3/dataCW/IMG/right_2017_09_04_12_13_27_557.jpg,0.01499853,1,0,30.19029
/Users/ggcstaff/CarND-Term1-Starter-Kit/CarND-Behavioral-Cloning-P3/dataCW/IMG/center_2017_09_04_12_13_27_624.jpg,/Users/ggcstaff/CarND-Term1-Starter-Kit/CarND-Behavioral-Cloning-P3/dataCW/IMG/left_2017_09_04_12_13_27_624.jpg,/Users/ggcstaff/CarND-Term1-Starter-Kit/CarND-Behavioral-Cloning-P3/dataCW/IMG/right_2017_09_04_12_13_27_624.jpg,0.005048644,1,0,30.19029
/Users/ggcstaff/CarND-Term1-Starter-Kit/CarND-Behavioral-Cloning-P3/dataCW/IMG/center_2017_09_04_12_13_27_695.jpg,/Users/ggcstaff/CarND-Term1-Starter-Kit/CarND-Behavioral-Cloning-P3/dataCW/IMG/left_2017_09_04_12_13_27_695.jpg,/Users/ggcstaff/CarND-Term1-Starter-Kit/CarND-Behavioral-Cloning-P3/dataCW/IMG/right_2017_09_04_12_13_27_695.jpg,0.001732016,1,0,30.19041
/Users/ggcstaff/CarND-Term1-Starter-Kit/CarND-Behavioral-Cloning-P3/dataCW/IMG/center_2017_09_04_12_13_27_763.jpg,/Users/ggcstaff/CarND-Term1-Starter-Kit/CarND-Behavioral-Cloning-P3/dataCW/IMG/left_2017_09_04_12_13_27_763.jpg,/Users/ggcstaff/CarND-Term1-Starter-Kit/CarND-Behavioral-Cloning-P3/dataCW/IMG/right_2017_09_04_12_13_27_763.jpg,-0.001584611,1,0,30.19027
/Users/ggcstaff/CarND-Term1-Starter-Kit/CarND-Behavioral-Cloning-P3/dataCW/IMG/center_2017_09_04_12_13_27_832.jpg,/Users/ggcstaff/CarND-Term1-Starter-Kit/CarND-Behavioral-Cloning-P3/dataCW/IMG/left_2017_09_04_12_13_27_832.jpg,/Users/ggcstaff/CarND-Term1-Starter-Kit/CarND-Behavioral-Cloning-P3/dataCW/IMG/right_2017_09_04_12_13_27_832.jpg,-0.001584611,1,0,30.19031
/Users/ggcstaff/CarND-Term1-Starter-Kit/CarND-Behavioral-Cloning-P3/dataCW/IMG/center_2017_09_04_12_13_27_903.jpg,/Users/ggcstaff/CarND-Term1-Starter-Kit/CarND-Behavioral-Cloning-P3/dataCW/IMG/left_2017_09_04_12_13_27_903.jpg,/Users/ggcstaff/CarND-Term1-Starter-Kit/CarND-Behavioral-Cloning-P3/dataCW/IMG/right_2017_09_04_12_13_27_903.jpg,-0.001584611,1,0,30.19029
/Users/ggcstaff/CarND-Term1-Starter-Kit/CarND-Behavioral-Cloning-P3/dataCW/IMG/center_2017_09_04_12_13_27_978.jpg,/Users/ggcstaff/CarND-Term1-Starter-Kit/CarND-Behavioral-Cloning-P3/dataCW/IMG/left_2017_09_04_12_13_27_978.jpg,/Users/ggcstaff/CarND-Term1-Starter-Kit/CarND-Behavioral-Cloning-P3/dataCW/IMG/right_2017_09_04_12_13_27_978.jpg,-0.001584611,1,0,30.19029
/Users/ggcstaff/CarND-Term1-Starter-Kit/CarND-Behavioral-Cloning-P3/dataCW/IMG/center_2017_09_04_12_13_28_050.jpg,/Users/ggcstaff/CarND-Term1-Starter-Kit/CarND-Behavioral-Cloning-P3/dataCW/IMG/left_2017_09_04_12_13_28_050.jpg,/Users/ggcstaff/CarND-Term1-Starter-Kit/CarND-Behavioral-Cloning-P3/dataCW/IMG/right_2017_09_04_12_13_28_050.jpg,-0.001584611,1,0,30.19031
/Users/ggcstaff/CarND-Term1-Starter-Kit/CarND-Behavioral-Cloning-P3/dataCW/IMG/center_2017_09_04_12_13_28_117.jpg,/Users/ggcstaff/CarND-Term1-Starter-Kit/CarND-Behavioral-Cloning-P3/dataCW/IMG/left_2017_09_04_12_13_28_117.jpg,/Users/ggcstaff/CarND-Term1-Starter-Kit/CarND-Behavioral-Cloning-P3/dataCW/IMG/right_2017_09_04_12_13_28_117.jpg,-0.001584611,1,0,30.19031
/Users/ggcstaff/CarND-Term1-Starter-Kit/CarND-Behavioral-Cloning-P3/dataCW/IMG/center_2017_09_04_12_13_28_193.jpg,/Users/ggcstaff/CarND-Term1-Starter-Kit/CarND-Behavioral-Cloning-P3/dataCW/IMG/left_2017_09_04_12_13_28_193.jpg,/Users/ggcstaff/CarND-Term1-Starter-Kit/CarND-Behavioral-Cloning-P3/dataCW/IMG/right_2017_09_04_12_13_28_193.jpg,0.008254717,1,0,30.19028
/Users/ggcstaff/CarND-Term1-Starter-Kit/CarND-Behavioral-Cloning-P3/dataCW/IMG/center_2017_09_04_12_13_28_268.jpg,/Users/ggcstaff/CarND-Term1-Starter-Kit/CarND-Behavioral-Cloning-P3/dataCW/IMG/left_2017_09_04_12_13_28_268.jpg,/Users/ggcstaff/CarND-Term1-Starter-Kit/CarND-Behavioral-Cloning-P3/dataCW/IMG/right_2017_09_04_12_13_28_268.jpg,0.008254717,1,0,30.19027
/Users/ggcstaff/CarND-Term1-Starter-Kit/CarND-Behavioral-Cloning-P3/dataCW/IMG/center_2017_09_04_12_13_28_340.jpg,/Users/ggcstaff/CarND-Term1-Starter-Kit/CarND-Behavioral-Cloning-P3/dataCW/IMG/left_2017_09_04_12_13_28_340.jpg,/Users/ggcstaff/CarND-Term1-Starter-Kit/CarND-Behavioral-Cloning-P3/dataCW/IMG/right_2017_09_04_12_13_28_340.jpg,0.008254717,1,0,30.19031
/Users/ggcstaff/CarND-Term1-Starter-Kit/CarND-Behavioral-Cloning-P3/dataCW/IMG/center_2017_09_04_12_13_28_406.jpg,/Users/ggcstaff/CarND-Term1-Starter-Kit/CarND-Behavioral-Cloning-P3/dataCW/IMG/left_2017_09_04_12_13_28_406.jpg,/Users/ggcstaff/CarND-Term1-Starter-Kit/CarND-Behavioral-Cloning-P3/dataCW/IMG/right_2017_09_04_12_13_28_406.jpg,0.008254717,1,0,30.19028
/Users/ggcstaff/CarND-Term1-Starter-Kit/CarND-Behavioral-Cloning-P3/dataCW/IMG/center_2017_09_04_12_13_28_475.jpg,/Users/ggcstaff/CarND-Term1-Starter-Kit/CarND-Behavioral-Cloning-P3/dataCW/IMG/left_2017_09_04_12_13_28_475.jpg,/Users/ggcstaff/CarND-Term1-Starter-Kit/CarND-Behavioral-Cloning-P3/dataCW/IMG/right_2017_09_04_12_13_28_475.jpg,-0.001695165,1,0,30.19029
/Users/ggcstaff/CarND-Term1-Starter-Kit/CarND-Behavioral-Cloning-P3/dataCW/IMG/center_2017_09_04_12_13_28_545.jpg,/Users/ggcstaff/CarND-Term1-Starter-Kit/CarND-Behavioral-Cloning-P3/dataCW/IMG/left_2017_09_04_12_13_28_545.jpg,/Users/ggcstaff/CarND-Term1-Starter-Kit/CarND-Behavioral-Cloning-P3/dataCW/IMG/right_2017_09_04_12_13_28_545.jpg,-0.001695165,1,0,30.19036
/Users/ggcstaff/CarND-Term1-Starter-Kit/CarND-Behavioral-Cloning-P3/dataCW/IMG/center_2017_09_04_12_13_28_612.jpg,/Users/ggcstaff/CarND-Term1-Starter-Kit/CarND-Behavioral-Cloning-P3/dataCW/IMG/left_2017_09_04_12_13_28_612.jpg,/Users/ggcstaff/CarND-Term1-Starter-Kit/CarND-Behavioral-Cloning-P3/dataCW/IMG/right_2017_09_04_12_13_28_612.jpg,-0.001695165,1,0,30.19029
/Users/ggcstaff/CarND-Term1-Starter-Kit/CarND-Behavioral-Cloning-P3/dataCW/IMG/center_2017_09_04_12_13_28_680.jpg,/Users/ggcstaff/CarND-Term1-Starter-Kit/CarND-Behavioral-Cloning-P3/dataCW/IMG/left_2017_09_04_12_13_28_680.jpg,/Users/ggcstaff/CarND-Term1-Starter-Kit/CarND-Behavioral-Cloning-P3/dataCW/IMG/right_2017_09_04_12_13_28_680.jpg,-0.001695165,1,0,30.1903
/Users/ggcstaff/CarND-Term1-Starter-Kit/CarND-Behavioral-Cloning-P3/dataCW/IMG/center_2017_09_04_12_13_28_748.jpg,/Users/ggcstaff/CarND-Term1-Starter-Kit/CarND-Behavioral-Cloning-P3/dataCW/IMG/left_2017_09_04_12_13_28_748.jpg,/Users/ggcstaff/CarND-Term1-Starter-Kit/CarND-Behavioral-Cloning-P3/dataCW/IMG/right_2017_09_04_12_13_28_748.jpg,0.004864387,1,0,30.19032
/Users/ggcstaff/CarND-Term1-Starter-Kit/CarND-Behavioral-Cloning-P3/dataCW/IMG/center_2017_09_04_12_13_28_816.jpg,/Users/ggcstaff/CarND-Term1-Starter-Kit/CarND-Behavioral-Cloning-P3/dataCW/IMG/left_2017_09_04_12_13_28_816.jpg,/Users/ggcstaff/CarND-Term1-Starter-Kit/CarND-Behavioral-Cloning-P3/dataCW/IMG/right_2017_09_04_12_13_28_816.jpg,0.02454304,1,0,30.19018
/Users/ggcstaff/CarND-Term1-Starter-Kit/CarND-Behavioral-Cloning-P3/dataCW/IMG/center_2017_09_04_12_13_28_887.jpg,/Users/ggcstaff/CarND-Term1-Starter-Kit/CarND-Behavioral-Cloning-P3/dataCW/IMG/left_2017_09_04_12_13_28_887.jpg,/Users/ggcstaff/CarND-Term1-Starter-Kit/CarND-Behavioral-Cloning-P3/dataCW/IMG/right_2017_09_04_12_13_28_887.jpg,0.02454304,1,0,30.19024
/Users/ggcstaff/CarND-Term1-Starter-Kit/CarND-Behavioral-Cloning-P3/dataCW/IMG/center_2017_09_04_12_13_28_956.jpg,/Users/ggcstaff/CarND-Term1-Starter-Kit/CarND-Behavioral-Cloning-P3/dataCW/IMG/left_2017_09_04_12_13_28_956.jpg,/Users/ggcstaff/CarND-Term1-Starter-Kit/CarND-Behavioral-Cloning-P3/dataCW/IMG/right_2017_09_04_12_13_28_956.jpg,0.02454304,1,0,30.19025
/Users/ggcstaff/CarND-Term1-Starter-Kit/CarND-Behavioral-Cloning-P3/dataCW/IMG/center_2017_09_04_12_13_29_023.jpg,/Users/ggcstaff/CarND-Term1-Starter-Kit/CarND-Behavioral-Cloning-P3/dataCW/IMG/left_2017_09_04_12_13_29_023.jpg,/Users/ggcstaff/CarND-Term1-Starter-Kit/CarND-Behavioral-Cloning-P3/dataCW/IMG/right_2017_09_04_12_13_29_023.jpg,0.02454304,1,0,30.19034
/Users/ggcstaff/CarND-Term1-Starter-Kit/CarND-Behavioral-Cloning-P3/dataCW/IMG/center_2017_09_04_12_13_29_100.jpg,/Users/ggcstaff/CarND-Term1-Starter-Kit/CarND-Behavioral-Cloning-P3/dataCW/IMG/left_2017_09_04_12_13_29_100.jpg,/Users/ggcstaff/CarND-Term1-Starter-Kit/CarND-Behavioral-Cloning-P3/dataCW/IMG/right_2017_09_04_12_13_29_100.jpg,0.02454304,1,0,30.1903
/Users/ggcstaff/CarND-Term1-Starter-Kit/CarND-Behavioral-Cloning-P3/dataCW/IMG/center_2017_09_04_12_13_29_167.jpg,/Users/ggcstaff/CarND-Term1-Starter-Kit/CarND-Behavioral-Cloning-P3/dataCW/IMG/left_2017_09_04_12_13_29_167.jpg,/Users/ggcstaff/CarND-Term1-Starter-Kit/CarND-Behavioral-Cloning-P3/dataCW/IMG/right_2017_09_04_12_13_29_167.jpg,0.02454304,1,0,30.1903
/Users/ggcstaff/CarND-Term1-Starter-Kit/CarND-Behavioral-Cloning-P3/dataCW/IMG/center_2017_09_04_12_13_29_239.jpg,/Users/ggcstaff/CarND-Term1-Starter-Kit/CarND-Behavioral-Cloning-P3/dataCW/IMG/left_2017_09_04_12_13_29_239.jpg,/Users/ggcstaff/CarND-Term1-Starter-Kit/CarND-Behavioral-Cloning-P3/dataCW/IMG/right_2017_09_04_12_13_29_239.jpg,0.02454304,1,0,30.19026
/Users/ggcstaff/CarND-Term1-Starter-Kit/CarND-Behavioral-Cloning-P3/dataCW/IMG/center_2017_09_04_12_13_29_308.jpg,/Users/ggcstaff/CarND-Term1-Starter-Kit/CarND-Behavioral-Cloning-P3/dataCW/IMG/left_2017_09_04_12_13_29_308.jpg,/Users/ggcstaff/CarND-Term1-Starter-Kit/CarND-Behavioral-Cloning-P3/dataCW/IMG/right_2017_09_04_12_13_29_308.jpg,0.02454304,1,0,30.19029
/Users/ggcstaff/CarND-Term1-Starter-Kit/CarND-Behavioral-Cloning-P3/dataCW/IMG/center_2017_09_04_12_13_29_380.jpg,/Users/ggcstaff/CarND-Term1-Starter-Kit/CarND-Behavioral-Cloning-P3/dataCW/IMG/left_2017_09_04_12_13_29_380.jpg,/Users/ggcstaff/CarND-Term1-Starter-Kit/CarND-Behavioral-Cloning-P3/dataCW/IMG/right_2017_09_04_12_13_29_380.jpg,0.02454304,1,0,30.19029
/Users/ggcstaff/CarND-Term1-Starter-Kit/CarND-Behavioral-Cloning-P3/dataCW/IMG/center_2017_09_04_12_13_29_455.jpg,/Users/ggcstaff/CarND-Term1-Starter-Kit/CarND-Behavioral-Cloning-P3/dataCW/IMG/left_2017_09_04_12_13_29_455.jpg,/Users/ggcstaff/CarND-Term1-Starter-Kit/CarND-Behavioral-Cloning-P3/dataCW/IMG/right_2017_09_04_12_13_29_455.jpg,0.02454304,1,0,30.19031
/Users/ggcstaff/CarND-Term1-Starter-Kit/CarND-Behavioral-Cloning-P3/dataCW/IMG/center_2017_09_04_12_13_29_533.jpg,/Users/ggcstaff/CarND-Term1-Starter-Kit/CarND-Behavioral-Cloning-P3/dataCW/IMG/left_2017_09_04_12_13_29_533.jpg,/Users/ggcstaff/CarND-Term1-Starter-Kit/CarND-Behavioral-Cloning-P3/dataCW/IMG/right_2017_09_04_12_13_29_533.jpg,0.02454304,1,0,30.19028
/Users/ggcstaff/CarND-Term1-Starter-Kit/CarND-Behavioral-Cloning-P3/dataCW/IMG/center_2017_09_04_12_13_29_603.jpg,/Users/ggcstaff/CarND-Term1-Starter-Kit/CarND-Behavioral-Cloning-P3/dataCW/IMG/left_2017_09_04_12_13_29_603.jpg,/Users/ggcstaff/CarND-Term1-Starter-Kit/CarND-Behavioral-Cloning-P3/dataCW/IMG/right_2017_09_04_12_13_29_603.jpg,0.02454304,1,0,30.19028
/Users/ggcstaff/CarND-Term1-Starter-Kit/CarND-Behavioral-Cloning-P3/dataCW/IMG/center_2017_09_04_12_13_29_672.jpg,/Users/ggcstaff/CarND-Term1-Starter-Kit/CarND-Behavioral-Cloning-P3/dataCW/IMG/left_2017_09_04_12_13_29_672.jpg,/Users/ggcstaff/CarND-Term1-Starter-Kit/CarND-Behavioral-Cloning-P3/dataCW/IMG/right_2017_09_04_12_13_29_672.jpg,0.02454304,1,0,30.19029
/Users/ggcstaff/CarND-Term1-Starter-Kit/CarND-Behavioral-Cloning-P3/dataCW/IMG/center_2017_09_04_12_13_29_747.jpg,/Users/ggcstaff/CarND-Term1-Starter-Kit/CarND-Behavioral-Cloning-P3/dataCW/IMG/left_2017_09_04_12_13_29_747.jpg,/Users/ggcstaff/CarND-Term1-Starter-Kit/CarND-Behavioral-Cloning-P3/dataCW/IMG/right_2017_09_04_12_13_29_747.jpg,0.02454304,1,0,30.19033
/Users/ggcstaff/CarND-Term1-Starter-Kit/CarND-Behavioral-Cloning-P3/dataCW/IMG/center_2017_09_04_12_13_29_819.jpg,/Users/ggcstaff/CarND-Term1-Starter-Kit/CarND-Behavioral-Cloning-P3/dataCW/IMG/left_2017_09_04_12_13_29_819.jpg,/Users/ggcstaff/CarND-Term1-Starter-Kit/CarND-Behavioral-Cloning-P3/dataCW/IMG/right_2017_09_04_12_13_29_819.jpg,0.02454304,1,0,30.19029
/Users/ggcstaff/CarND-Term1-Starter-Kit/CarND-Behavioral-Cloning-P3/dataCW/IMG/center_2017_09_04_12_13_29_886.jpg,/Users/ggcstaff/CarND-Term1-Starter-Kit/CarND-Behavioral-Cloning-P3/dataCW/IMG/left_2017_09_04_12_13_29_886.jpg,/Users/ggcstaff/CarND-Term1-Starter-Kit/CarND-Behavioral-Cloning-P3/dataCW/IMG/right_2017_09_04_12_13_29_886.jpg,0.02454304,1,0,30.1903
/Users/ggcstaff/CarND-Term1-Starter-Kit/CarND-Behavioral-Cloning-P3/dataCW/IMG/center_2017_09_04_12_13_29_960.jpg,/Users/ggcstaff/CarND-Term1-Starter-Kit/CarND-Behavioral-Cloning-P3/dataCW/IMG/left_2017_09_04_12_13_29_960.jpg,/Users/ggcstaff/CarND-Term1-Starter-Kit/CarND-Behavioral-Cloning-P3/dataCW/IMG/right_2017_09_04_12_13_29_960.jpg,0.02454304,1,0,30.19029
/Users/ggcstaff/CarND-Term1-Starter-Kit/CarND-Behavioral-Cloning-P3/dataCW/IMG/center_2017_09_04_12_13_30_028.jpg,/Users/ggcstaff/CarND-Term1-Starter-Kit/CarND-Behavioral-Cloning-P3/dataCW/IMG/left_2017_09_04_12_13_30_028.jpg,/Users/ggcstaff/CarND-Term1-Starter-Kit/CarND-Behavioral-Cloning-P3/dataCW/IMG/right_2017_09_04_12_13_30_028.jpg,0.01127653,1,0,30.19031
/Users/ggcstaff/CarND-Term1-Starter-Kit/CarND-Behavioral-Cloning-P3/dataCW/IMG/center_2017_09_04_12_13_30_095.jpg,/Users/ggcstaff/CarND-Term1-Starter-Kit/CarND-Behavioral-Cloning-P3/dataCW/IMG/left_2017_09_04_12_13_30_095.jpg,/Users/ggcstaff/CarND-Term1-Starter-Kit/CarND-Behavioral-Cloning-P3/dataCW/IMG/right_2017_09_04_12_13_30_095.jpg,0.001326651,1,0,30.19031
/Users/ggcstaff/CarND-Term1-Starter-Kit/CarND-Behavioral-Cloning-P3/dataCW/IMG/center_2017_09_04_12_13_30_163.jpg,/Users/ggcstaff/CarND-Term1-Starter-Kit/CarND-Behavioral-Cloning-P3/dataCW/IMG/left_2017_09_04_12_13_30_163.jpg,/Users/ggcstaff/CarND-Term1-Starter-Kit/CarND-Behavioral-Cloning-P3/dataCW/IMG/right_2017_09_04_12_13_30_163.jpg,0.001326651,1,0,30.19029
/Users/ggcstaff/CarND-Term1-Starter-Kit/CarND-Behavioral-Cloning-P3/dataCW/IMG/center_2017_09_04_12_13_30_232.jpg,/Users/ggcstaff/CarND-Term1-Starter-Kit/CarND-Behavioral-Cloning-P3/dataCW/IMG/left_2017_09_04_12_13_30_232.jpg,/Users/ggcstaff/CarND-Term1-Starter-Kit/CarND-Behavioral-Cloning-P3/dataCW/IMG/right_2017_09_04_12_13_30_232.jpg,-0.001989977,1,0,30.19025
/Users/ggcstaff/CarND-Term1-Starter-Kit/CarND-Behavioral-Cloning-P3/dataCW/IMG/center_2017_09_04_12_13_30_306.jpg,/Users/ggcstaff/CarND-Term1-Starter-Kit/CarND-Behavioral-Cloning-P3/dataCW/IMG/left_2017_09_04_12_13_30_306.jpg,/Users/ggcstaff/CarND-Term1-Starter-Kit/CarND-Behavioral-Cloning-P3/dataCW/IMG/right_2017_09_04_12_13_30_306.jpg,-0.001989977,1,0,30.19033
/Users/ggcstaff/CarND-Term1-Starter-Kit/CarND-Behavioral-Cloning-P3/dataCW/IMG/center_2017_09_04_12_13_30_373.jpg,/Users/ggcstaff/CarND-Term1-Starter-Kit/CarND-Behavioral-Cloning-P3/dataCW/IMG/left_2017_09_04_12_13_30_373.jpg,/Users/ggcstaff/CarND-Term1-Starter-Kit/CarND-Behavioral-Cloning-P3/dataCW/IMG/right_2017_09_04_12_13_30_373.jpg,-0.001989977,1,0,30.19018
/Users/ggcstaff/CarND-Term1-Starter-Kit/CarND-Behavioral-Cloning-P3/dataCW/IMG/center_2017_09_04_12_13_30_440.jpg,/Users/ggcstaff/CarND-Term1-Starter-Kit/CarND-Behavioral-Cloning-P3/dataCW/IMG/left_2017_09_04_12_13_30_440.jpg,/Users/ggcstaff/CarND-Term1-Starter-Kit/CarND-Behavioral-Cloning-P3/dataCW/IMG/right_2017_09_04_12_13_30_440.jpg,-0.001989977,1,0,30.19027
/Users/ggcstaff/CarND-Term1-Starter-Kit/CarND-Behavioral-Cloning-P3/dataCW/IMG/center_2017_09_04_12_13_30_511.jpg,/Users/ggcstaff/CarND-Term1-Starter-Kit/CarND-Behavioral-Cloning-P3/dataCW/IMG/left_2017_09_04_12_13_30_511.jpg,/Users/ggcstaff/CarND-Term1-Starter-Kit/CarND-Behavioral-Cloning-P3/dataCW/IMG/right_2017_09_04_12_13_30_511.jpg,-0.001989977,1,0,30.1903
/Users/ggcstaff/CarND-Term1-Starter-Kit/CarND-Behavioral-Cloning-P3/dataCW/IMG/center_2017_09_04_12_13_30_582.jpg,/Users/ggcstaff/CarND-Term1-Starter-Kit/CarND-Behavioral-Cloning-P3/dataCW/IMG/left_2017_09_04_12_13_30_582.jpg,/Users/ggcstaff/CarND-Term1-Starter-Kit/CarND-Behavioral-Cloning-P3/dataCW/IMG/right_2017_09_04_12_13_30_582.jpg,-0.001989977,1,0,30.19041
/Users/ggcstaff/CarND-Term1-Starter-Kit/CarND-Behavioral-Cloning-P3/dataCW/IMG/center_2017_09_04_12_13_30_653.jpg,/Users/ggcstaff/CarND-Term1-Starter-Kit/CarND-Behavioral-Cloning-P3/dataCW/IMG/left_2017_09_04_12_13_30_653.jpg,/Users/ggcstaff/CarND-Term1-Starter-Kit/CarND-Behavioral-Cloning-P3/dataCW/IMG/right_2017_09_04_12_13_30_653.jpg,-0.001989977,1,0,30.19033
/Users/ggcstaff/CarND-Term1-Starter-Kit/CarND-Behavioral-Cloning-P3/dataCW/IMG/center_2017_09_04_12_13_30_723.jpg,/Users/ggcstaff/CarND-Term1-Starter-Kit/CarND-Behavioral-Cloning-P3/dataCW/IMG/left_2017_09_04_12_13_30_723.jpg,/Users/ggcstaff/CarND-Term1-Starter-Kit/CarND-Behavioral-Cloning-P3/dataCW/IMG/right_2017_09_04_12_13_30_723.jpg,-0.001989977,1,0,30.19029
/Users/ggcstaff/CarND-Term1-Starter-Kit/CarND-Behavioral-Cloning-P3/dataCW/IMG/center_2017_09_04_12_13_30_789.jpg,/Users/ggcstaff/CarND-Term1-Starter-Kit/CarND-Behavioral-Cloning-P3/dataCW/IMG/left_2017_09_04_12_13_30_789.jpg,/Users/ggcstaff/CarND-Term1-Starter-Kit/CarND-Behavioral-Cloning-P3/dataCW/IMG/right_2017_09_04_12_13_30_789.jpg,0.01322966,1,0,30.19024
/Users/ggcstaff/CarND-Term1-Starter-Kit/CarND-Behavioral-Cloning-P3/dataCW/IMG/center_2017_09_04_12_13_30_864.jpg,/Users/ggcstaff/CarND-Term1-Starter-Kit/CarND-Behavioral-Cloning-P3/dataCW/IMG/left_2017_09_04_12_13_30_864.jpg,/Users/ggcstaff/CarND-Term1-Starter-Kit/CarND-Behavioral-Cloning-P3/dataCW/IMG/right_2017_09_04_12_13_30_864.jpg,0.01650943,1,0,30.19024
/Users/ggcstaff/CarND-Term1-Starter-Kit/CarND-Behavioral-Cloning-P3/dataCW/IMG/center_2017_09_04_12_13_30_933.jpg,/Users/ggcstaff/CarND-Term1-Starter-Kit/CarND-Behavioral-Cloning-P3/dataCW/IMG/left_2017_09_04_12_13_30_933.jpg,/Users/ggcstaff/CarND-Term1-Starter-Kit/CarND-Behavioral-Cloning-P3/dataCW/IMG/right_2017_09_04_12_13_30_933.jpg,0.01650943,1,0,30.19027
/Users/ggcstaff/CarND-Term1-Starter-Kit/CarND-Behavioral-Cloning-P3/dataCW/IMG/center_2017_09_04_12_13_31_001.jpg,/Users/ggcstaff/CarND-Term1-Starter-Kit/CarND-Behavioral-Cloning-P3/dataCW/IMG/left_2017_09_04_12_13_31_001.jpg,/Users/ggcstaff/CarND-Term1-Starter-Kit/CarND-Behavioral-Cloning-P3/dataCW/IMG/right_2017_09_04_12_13_31_001.jpg,0.01650943,1,0,30.1903
/Users/ggcstaff/CarND-Term1-Starter-Kit/CarND-Behavioral-Cloning-P3/dataCW/IMG/center_2017_09_04_12_13_31_068.jpg,/Users/ggcstaff/CarND-Term1-Starter-Kit/CarND-Behavioral-Cloning-P3/dataCW/IMG/left_2017_09_04_12_13_31_068.jpg,/Users/ggcstaff/CarND-Term1-Starter-Kit/CarND-Behavioral-Cloning-P3/dataCW/IMG/right_2017_09_04_12_13_31_068.jpg,0.01650943,1,0,30.19029
/Users/ggcstaff/CarND-Term1-Starter-Kit/CarND-Behavioral-Cloning-P3/dataCW/IMG/center_2017_09_04_12_13_31_135.jpg,/Users/ggcstaff/CarND-Term1-Starter-Kit/CarND-Behavioral-Cloning-P3/dataCW/IMG/left_2017_09_04_12_13_31_135.jpg,/Users/ggcstaff/CarND-Term1-Starter-Kit/CarND-Behavioral-Cloning-P3/dataCW/IMG/right_2017_09_04_12_13_31_135.jpg,0.01650943,1,0,30.19028
/Users/ggcstaff/CarND-Term1-Starter-Kit/CarND-Behavioral-Cloning-P3/dataCW/IMG/center_2017_09_04_12_13_31_210.jpg,/Users/ggcstaff/CarND-Term1-Starter-Kit/CarND-Behavioral-Cloning-P3/dataCW/IMG/left_2017_09_04_12_13_31_210.jpg,/Users/ggcstaff/CarND-Term1-Starter-Kit/CarND-Behavioral-Cloning-P3/dataCW/IMG/right_2017_09_04_12_13_31_210.jpg,0.01650943,1,0,30.1903
/Users/ggcstaff/CarND-Term1-Starter-Kit/CarND-Behavioral-Cloning-P3/dataCW/IMG/center_2017_09_04_12_13_31_279.jpg,/Users/ggcstaff/CarND-Term1-Starter-Kit/CarND-Behavioral-Cloning-P3/dataCW/IMG/left_2017_09_04_12_13_31_279.jpg,/Users/ggcstaff/CarND-Term1-Starter-Kit/CarND-Behavioral-Cloning-P3/dataCW/IMG/right_2017_09_04_12_13_31_279.jpg,0.01650943,1,0,30.19026
/Users/ggcstaff/CarND-Term1-Starter-Kit/CarND-Behavioral-Cloning-P3/dataCW/IMG/center_2017_09_04_12_13_31_348.jpg,/Users/ggcstaff/CarND-Term1-Starter-Kit/CarND-Behavioral-Cloning-P3/dataCW/IMG/left_2017_09_04_12_13_31_348.jpg,/Users/ggcstaff/CarND-Term1-Starter-Kit/CarND-Behavioral-Cloning-P3/dataCW/IMG/right_2017_09_04_12_13_31_348.jpg,0.01650943,1,0,30.19031
/Users/ggcstaff/CarND-Term1-Starter-Kit/CarND-Behavioral-Cloning-P3/dataCW/IMG/center_2017_09_04_12_13_31_415.jpg,/Users/ggcstaff/CarND-Term1-Starter-Kit/CarND-Behavioral-Cloning-P3/dataCW/IMG/left_2017_09_04_12_13_31_415.jpg,/Users/ggcstaff/CarND-Term1-Starter-Kit/CarND-Behavioral-Cloning-P3/dataCW/IMG/right_2017_09_04_12_13_31_415.jpg,0.01650943,1,0,30.19028
/Users/ggcstaff/CarND-Term1-Starter-Kit/CarND-Behavioral-Cloning-P3/dataCW/IMG/center_2017_09_04_12_13_31_497.jpg,/Users/ggcstaff/CarND-Term1-Starter-Kit/CarND-Behavioral-Cloning-P3/dataCW/IMG/left_2017_09_04_12_13_31_497.jpg,/Users/ggcstaff/CarND-Term1-Starter-Kit/CarND-Behavioral-Cloning-P3/dataCW/IMG/right_2017_09_04_12_13_31_497.jpg,0.01650943,1,0,30.19027
/Users/ggcstaff/CarND-Term1-Starter-Kit/CarND-Behavioral-Cloning-P3/dataCW/IMG/center_2017_09_04_12_13_31_567.jpg,/Users/ggcstaff/CarND-Term1-Starter-Kit/CarND-Behavioral-Cloning-P3/dataCW/IMG/left_2017_09_04_12_13_31_567.jpg,/Users/ggcstaff/CarND-Term1-Starter-Kit/CarND-Behavioral-Cloning-P3/dataCW/IMG/right_2017_09_04_12_13_31_567.jpg,0.01650943,1,0,30.19029
/Users/ggcstaff/CarND-Term1-Starter-Kit/CarND-Behavioral-Cloning-P3/dataCW/IMG/center_2017_09_04_12_13_31_639.jpg,/Users/ggcstaff/CarND-Term1-Starter-Kit/CarND-Behavioral-Cloning-P3/dataCW/IMG/left_2017_09_04_12_13_31_639.jpg,/Users/ggcstaff/CarND-Term1-Starter-Kit/CarND-Behavioral-Cloning-P3/dataCW/IMG/right_2017_09_04_12_13_31_639.jpg,0.01650943,1,0,30.1903
/Users/ggcstaff/CarND-Term1-Starter-Kit/CarND-Behavioral-Cloning-P3/dataCW/IMG/center_2017_09_04_12_13_31_710.jpg,/Users/ggcstaff/CarND-Term1-Starter-Kit/CarND-Behavioral-Cloning-P3/dataCW/IMG/left_2017_09_04_12_13_31_710.jpg,/Users/ggcstaff/CarND-Term1-Starter-Kit/CarND-Behavioral-Cloning-P3/dataCW/IMG/right_2017_09_04_12_13_31_710.jpg,0.01650943,1,0,30.19028
/Users/ggcstaff/CarND-Term1-Starter-Kit/CarND-Behavioral-Cloning-P3/dataCW/IMG/center_2017_09_04_12_13_31_777.jpg,/Users/ggcstaff/CarND-Term1-Starter-Kit/CarND-Behavioral-Cloning-P3/dataCW/IMG/left_2017_09_04_12_13_31_777.jpg,/Users/ggcstaff/CarND-Term1-Starter-Kit/CarND-Behavioral-Cloning-P3/dataCW/IMG/right_2017_09_04_12_13_31_777.jpg,0.01650943,1,0,30.19033
/Users/ggcstaff/CarND-Term1-Starter-Kit/CarND-Behavioral-Cloning-P3/dataCW/IMG/center_2017_09_04_12_13_31_844.jpg,/Users/ggcstaff/CarND-Term1-Starter-Kit/CarND-Behavioral-Cloning-P3/dataCW/IMG/left_2017_09_04_12_13_31_844.jpg,/Users/ggcstaff/CarND-Term1-Starter-Kit/CarND-Behavioral-Cloning-P3/dataCW/IMG/right_2017_09_04_12_13_31_844.jpg,0.01650943,1,0,30.1903
/Users/ggcstaff/CarND-Term1-Starter-Kit/CarND-Behavioral-Cloning-P3/dataCW/IMG/center_2017_09_04_12_13_31_912.jpg,/Users/ggcstaff/CarND-Term1-Starter-Kit/CarND-Behavioral-Cloning-P3/dataCW/IMG/left_2017_09_04_12_13_31_912.jpg,/Users/ggcstaff/CarND-Term1-Starter-Kit/CarND-Behavioral-Cloning-P3/dataCW/IMG/right_2017_09_04_12_13_31_912.jpg,0.01650943,1,0,30.19029
/Users/ggcstaff/CarND-Term1-Starter-Kit/CarND-Behavioral-Cloning-P3/dataCW/IMG/center_2017_09_04_12_13_31_980.jpg,/Users/ggcstaff/CarND-Term1-Starter-Kit/CarND-Behavioral-Cloning-P3/dataCW/IMG/left_2017_09_04_12_13_31_980.jpg,/Users/ggcstaff/CarND-Term1-Starter-Kit/CarND-Behavioral-Cloning-P3/dataCW/IMG/right_2017_09_04_12_13_31_980.jpg,0.02306899,1,0,30.19015
/Users/ggcstaff/CarND-Term1-Starter-Kit/CarND-Behavioral-Cloning-P3/dataCW/IMG/center_2017_09_04_12_13_32_051.jpg,/Users/ggcstaff/CarND-Term1-Starter-Kit/CarND-Behavioral-Cloning-P3/dataCW/IMG/left_2017_09_04_12_13_32_051.jpg,/Users/ggcstaff/CarND-Term1-Starter-Kit/CarND-Behavioral-Cloning-P3/dataCW/IMG/right_2017_09_04_12_13_32_051.jpg,0.02306899,1,0,30.19027
/Users/ggcstaff/CarND-Term1-Starter-Kit/CarND-Behavioral-Cloning-P3/dataCW/IMG/center_2017_09_04_12_13_32_120.jpg,/Users/ggcstaff/CarND-Term1-Starter-Kit/CarND-Behavioral-Cloning-P3/dataCW/IMG/left_2017_09_04_12_13_32_120.jpg,/Users/ggcstaff/CarND-Term1-Starter-Kit/CarND-Behavioral-Cloning-P3/dataCW/IMG/right_2017_09_04_12_13_32_120.jpg,0.02306899,1,0,30.19029
/Users/ggcstaff/CarND-Term1-Starter-Kit/CarND-Behavioral-Cloning-P3/dataCW/IMG/center_2017_09_04_12_13_32_199.jpg,/Users/ggcstaff/CarND-Term1-Starter-Kit/CarND-Behavioral-Cloning-P3/dataCW/IMG/left_2017_09_04_12_13_32_199.jpg,/Users/ggcstaff/CarND-Term1-Starter-Kit/CarND-Behavioral-Cloning-P3/dataCW/IMG/right_2017_09_04_12_13_32_199.jpg,0.02306899,1,0,30.19028
/Users/ggcstaff/CarND-Term1-Starter-Kit/CarND-Behavioral-Cloning-P3/dataCW/IMG/center_2017_09_04_12_13_32_270.jpg,/Users/ggcstaff/CarND-Term1-Starter-Kit/CarND-Behavioral-Cloning-P3/dataCW/IMG/left_2017_09_04_12_13_32_270.jpg,/Users/ggcstaff/CarND-Term1-Starter-Kit/CarND-Behavioral-Cloning-P3/dataCW/IMG/right_2017_09_04_12_13_32_270.jpg,0.02306899,1,0,30.19029
/Users/ggcstaff/CarND-Term1-Starter-Kit/CarND-Behavioral-Cloning-P3/dataCW/IMG/center_2017_09_04_12_13_32_349.jpg,/Users/ggcstaff/CarND-Term1-Starter-Kit/CarND-Behavioral-Cloning-P3/dataCW/IMG/left_2017_09_04_12_13_32_349.jpg,/Users/ggcstaff/CarND-Term1-Starter-Kit/CarND-Behavioral-Cloning-P3/dataCW/IMG/right_2017_09_04_12_13_32_349.jpg,0.02306899,1,0,30.19028
/Users/ggcstaff/CarND-Term1-Starter-Kit/CarND-Behavioral-Cloning-P3/dataCW/IMG/center_2017_09_04_12_13_32_419.jpg,/Users/ggcstaff/CarND-Term1-Starter-Kit/CarND-Behavioral-Cloning-P3/dataCW/IMG/left_2017_09_04_12_13_32_419.jpg,/Users/ggcstaff/CarND-Term1-Starter-Kit/CarND-Behavioral-Cloning-P3/dataCW/IMG/right_2017_09_04_12_13_32_419.jpg,0.02306899,1,0,30.19029
/Users/ggcstaff/CarND-Term1-Starter-Kit/CarND-Behavioral-Cloning-P3/dataCW/IMG/center_2017_09_04_12_13_32_498.jpg,/Users/ggcstaff/CarND-Term1-Starter-Kit/CarND-Behavioral-Cloning-P3/dataCW/IMG/left_2017_09_04_12_13_32_498.jpg,/Users/ggcstaff/CarND-Term1-Starter-Kit/CarND-Behavioral-Cloning-P3/dataCW/IMG/right_2017_09_04_12_13_32_498.jpg,0.02306899,1,0,30.19029
/Users/ggcstaff/CarND-Term1-Starter-Kit/CarND-Behavioral-Cloning-P3/dataCW/IMG/center_2017_09_04_12_13_32_574.jpg,/Users/ggcstaff/CarND-Term1-Starter-Kit/CarND-Behavioral-Cloning-P3/dataCW/IMG/left_2017_09_04_12_13_32_574.jpg,/Users/ggcstaff/CarND-Term1-Starter-Kit/CarND-Behavioral-Cloning-P3/dataCW/IMG/right_2017_09_04_12_13_32_574.jpg,0.02306899,1,0,30.19027
/Users/ggcstaff/CarND-Term1-Starter-Kit/CarND-Behavioral-Cloning-P3/dataCW/IMG/center_2017_09_04_12_13_32_642.jpg,/Users/ggcstaff/CarND-Term1-Starter-Kit/CarND-Behavioral-Cloning-P3/dataCW/IMG/left_2017_09_04_12_13_32_642.jpg,/Users/ggcstaff/CarND-Term1-Starter-Kit/CarND-Behavioral-Cloning-P3/dataCW/IMG/right_2017_09_04_12_13_32_642.jpg,0.02306899,1,0,30.19029
/Users/ggcstaff/CarND-Term1-Starter-Kit/CarND-Behavioral-Cloning-P3/dataCW/IMG/center_2017_09_04_12_13_32_718.jpg,/Users/ggcstaff/CarND-Term1-Starter-Kit/CarND-Behavioral-Cloning-P3/dataCW/IMG/left_2017_09_04_12_13_32_718.jpg,/Users/ggcstaff/CarND-Term1-Starter-Kit/CarND-Behavioral-Cloning-P3/dataCW/IMG/right_2017_09_04_12_13_32_718.jpg,0.02306899,1,0,30.19027
/Users/ggcstaff/CarND-Term1-Starter-Kit/CarND-Behavioral-Cloning-P3/dataCW/IMG/center_2017_09_04_12_13_32_788.jpg,/Users/ggcstaff/CarND-Term1-Starter-Kit/CarND-Behavioral-Cloning-P3/dataCW/IMG/left_2017_09_04_12_13_32_788.jpg,/Users/ggcstaff/CarND-Term1-Starter-Kit/CarND-Behavioral-Cloning-P3/dataCW/IMG/right_2017_09_04_12_13_32_788.jpg,0.02306899,1,0,30.19025
/Users/ggcstaff/CarND-Term1-Starter-Kit/CarND-Behavioral-Cloning-P3/dataCW/IMG/center_2017_09_04_12_13_32_860.jpg,/Users/ggcstaff/CarND-Term1-Starter-Kit/CarND-Behavioral-Cloning-P3/dataCW/IMG/left_2017_09_04_12_13_32_860.jpg,/Users/ggcstaff/CarND-Term1-Starter-Kit/CarND-Behavioral-Cloning-P3/dataCW/IMG/right_2017_09_04_12_13_32_860.jpg,0.02306899,1,0,30.19028
/Users/ggcstaff/CarND-Term1-Starter-Kit/CarND-Behavioral-Cloning-P3/dataCW/IMG/center_2017_09_04_12_13_32_928.jpg,/Users/ggcstaff/CarND-Term1-Starter-Kit/CarND-Behavioral-Cloning-P3/dataCW/IMG/left_2017_09_04_12_13_32_928.jpg,/Users/ggcstaff/CarND-Term1-Starter-Kit/CarND-Behavioral-Cloning-P3/dataCW/IMG/right_2017_09_04_12_13_32_928.jpg,0.02306899,1,0,30.19029
/Users/ggcstaff/CarND-Term1-Starter-Kit/CarND-Behavioral-Cloning-P3/dataCW/IMG/center_2017_09_04_12_13_33_006.jpg,/Users/ggcstaff/CarND-Term1-Starter-Kit/CarND-Behavioral-Cloning-P3/dataCW/IMG/left_2017_09_04_12_13_33_006.jpg,/Users/ggcstaff/CarND-Term1-Starter-Kit/CarND-Behavioral-Cloning-P3/dataCW/IMG/right_2017_09_04_12_13_33_006.jpg,0.02306899,1,0,30.19029
/Users/ggcstaff/CarND-Term1-Starter-Kit/CarND-Behavioral-Cloning-P3/dataCW/IMG/center_2017_09_04_12_13_33_075.jpg,/Users/ggcstaff/CarND-Term1-Starter-Kit/CarND-Behavioral-Cloning-P3/dataCW/IMG/left_2017_09_04_12_13_33_075.jpg,/Users/ggcstaff/CarND-Term1-Starter-Kit/CarND-Behavioral-Cloning-P3/dataCW/IMG/right_2017_09_04_12_13_33_075.jpg,0.02306899,1,0,30.1903
/Users/ggcstaff/CarND-Term1-Starter-Kit/CarND-Behavioral-Cloning-P3/dataCW/IMG/center_2017_09_04_12_13_33_146.jpg,/Users/ggcstaff/CarND-Term1-Starter-Kit/CarND-Behavioral-Cloning-P3/dataCW/IMG/left_2017_09_04_12_13_33_146.jpg,/Users/ggcstaff/CarND-Term1-Starter-Kit/CarND-Behavioral-Cloning-P3/dataCW/IMG/right_2017_09_04_12_13_33_146.jpg,0.02962854,1,0,30.19032
/Users/ggcstaff/CarND-Term1-Starter-Kit/CarND-Behavioral-Cloning-P3/dataCW/IMG/center_2017_09_04_12_13_33_215.jpg,/Users/ggcstaff/CarND-Term1-Starter-Kit/CarND-Behavioral-Cloning-P3/dataCW/IMG/left_2017_09_04_12_13_33_215.jpg,/Users/ggcstaff/CarND-Term1-Starter-Kit/CarND-Behavioral-Cloning-P3/dataCW/IMG/right_2017_09_04_12_13_33_215.jpg,0.03290831,1,0,30.19023
/Users/ggcstaff/CarND-Term1-Starter-Kit/CarND-Behavioral-Cloning-P3/dataCW/IMG/center_2017_09_04_12_13_33_282.jpg,/Users/ggcstaff/CarND-Term1-Starter-Kit/CarND-Behavioral-Cloning-P3/dataCW/IMG/left_2017_09_04_12_13_33_282.jpg,/Users/ggcstaff/CarND-Term1-Starter-Kit/CarND-Behavioral-Cloning-P3/dataCW/IMG/right_2017_09_04_12_13_33_282.jpg,0.03290831,1,0,30.19026
/Users/ggcstaff/CarND-Term1-Starter-Kit/CarND-Behavioral-Cloning-P3/dataCW/IMG/center_2017_09_04_12_13_33_352.jpg,/Users/ggcstaff/CarND-Term1-Starter-Kit/CarND-Behavioral-Cloning-P3/dataCW/IMG/left_2017_09_04_12_13_33_352.jpg,/Users/ggcstaff/CarND-Term1-Starter-Kit/CarND-Behavioral-Cloning-P3/dataCW/IMG/right_2017_09_04_12_13_33_352.jpg,0.03290831,1,0,30.19015
/Users/ggcstaff/CarND-Term1-Starter-Kit/CarND-Behavioral-Cloning-P3/dataCW/IMG/center_2017_09_04_12_13_33_420.jpg,/Users/ggcstaff/CarND-Term1-Starter-Kit/CarND-Behavioral-Cloning-P3/dataCW/IMG/left_2017_09_04_12_13_33_420.jpg,/Users/ggcstaff/CarND-Term1-Starter-Kit/CarND-Behavioral-Cloning-P3/dataCW/IMG/right_2017_09_04_12_13_33_420.jpg,0.03290831,1,0,30.19025
/Users/ggcstaff/CarND-Term1-Starter-Kit/CarND-Behavioral-Cloning-P3/dataCW/IMG/center_2017_09_04_12_13_33_489.jpg,/Users/ggcstaff/CarND-Term1-Starter-Kit/CarND-Behavioral-Cloning-P3/dataCW/IMG/left_2017_09_04_12_13_33_489.jpg,/Users/ggcstaff/CarND-Term1-Starter-Kit/CarND-Behavioral-Cloning-P3/dataCW/IMG/right_2017_09_04_12_13_33_489.jpg,0.03290831,1,0,30.19024
/Users/ggcstaff/CarND-Term1-Starter-Kit/CarND-Behavioral-Cloning-P3/dataCW/IMG/center_2017_09_04_12_13_33_557.jpg,/Users/ggcstaff/CarND-Term1-Starter-Kit/CarND-Behavioral-Cloning-P3/dataCW/IMG/left_2017_09_04_12_13_33_557.jpg,/Users/ggcstaff/CarND-Term1-Starter-Kit/CarND-Behavioral-Cloning-P3/dataCW/IMG/right_2017_09_04_12_13_33_557.jpg,0.03290831,1,0,30.19029
/Users/ggcstaff/CarND-Term1-Starter-Kit/CarND-Behavioral-Cloning-P3/dataCW/IMG/center_2017_09_04_12_13_33_626.jpg,/Users/ggcstaff/CarND-Term1-Starter-Kit/CarND-Behavioral-Cloning-P3/dataCW/IMG/left_2017_09_04_12_13_33_626.jpg,/Users/ggcstaff/CarND-Term1-Starter-Kit/CarND-Behavioral-Cloning-P3/dataCW/IMG/right_2017_09_04_12_13_33_626.jpg,0.02959169,1,0,30.19029
/Users/ggcstaff/CarND-Term1-Starter-Kit/CarND-Behavioral-Cloning-P3/dataCW/IMG/center_2017_09_04_12_13_33_700.jpg,/Users/ggcstaff/CarND-Term1-Starter-Kit/CarND-Behavioral-Cloning-P3/dataCW/IMG/left_2017_09_04_12_13_33_700.jpg,/Users/ggcstaff/CarND-Term1-Starter-Kit/CarND-Behavioral-Cloning-P3/dataCW/IMG/right_2017_09_04_12_13_33_700.jpg,0.0196418,1,0,30.19035
/Users/ggcstaff/CarND-Term1-Starter-Kit/CarND-Behavioral-Cloning-P3/dataCW/IMG/center_2017_09_04_12_13_33_767.jpg,/Users/ggcstaff/CarND-Term1-Starter-Kit/CarND-Behavioral-Cloning-P3/dataCW/IMG/left_2017_09_04_12_13_33_767.jpg,/Users/ggcstaff/CarND-Term1-Starter-Kit/CarND-Behavioral-Cloning-P3/dataCW/IMG/right_2017_09_04_12_13_33_767.jpg,0.0196418,1,0,30.19028
/Users/ggcstaff/CarND-Term1-Starter-Kit/CarND-Behavioral-Cloning-P3/dataCW/IMG/center_2017_09_04_12_13_33_837.jpg,/Users/ggcstaff/CarND-Term1-Starter-Kit/CarND-Behavioral-Cloning-P3/dataCW/IMG/left_2017_09_04_12_13_33_837.jpg,/Users/ggcstaff/CarND-Term1-Starter-Kit/CarND-Behavioral-Cloning-P3/dataCW/IMG/right_2017_09_04_12_13_33_837.jpg,0.0196418,1,0,30.19032
/Users/ggcstaff/CarND-Term1-Starter-Kit/CarND-Behavioral-Cloning-P3/dataCW/IMG/center_2017_09_04_12_13_33_905.jpg,/Users/ggcstaff/CarND-Term1-Starter-Kit/CarND-Behavioral-Cloning-P3/dataCW/IMG/left_2017_09_04_12_13_33_905.jpg,/Users/ggcstaff/CarND-Term1-Starter-Kit/CarND-Behavioral-Cloning-P3/dataCW/IMG/right_2017_09_04_12_13_33_905.jpg,0.0196418,1,0,30.19031
/Users/ggcstaff/CarND-Term1-Starter-Kit/CarND-Behavioral-Cloning-P3/dataCW/IMG/center_2017_09_04_12_13_33_975.jpg,/Users/ggcstaff/CarND-Term1-Starter-Kit/CarND-Behavioral-Cloning-P3/dataCW/IMG/left_2017_09_04_12_13_33_975.jpg,/Users/ggcstaff/CarND-Term1-Starter-Kit/CarND-Behavioral-Cloning-P3/dataCW/IMG/right_2017_09_04_12_13_33_975.jpg,0.0196418,1,0,30.1903
/Users/ggcstaff/CarND-Term1-Starter-Kit/CarND-Behavioral-Cloning-P3/dataCW/IMG/center_2017_09_04_12_13_34_045.jpg,/Users/ggcstaff/CarND-Term1-Starter-Kit/CarND-Behavioral-Cloning-P3/dataCW/IMG/left_2017_09_04_12_13_34_045.jpg,/Users/ggcstaff/CarND-Term1-Starter-Kit/CarND-Behavioral-Cloning-P3/dataCW/IMG/right_2017_09_04_12_13_34_045.jpg,0.01632518,1,0,30.1903
/Users/ggcstaff/CarND-Term1-Starter-Kit/CarND-Behavioral-Cloning-P3/dataCW/IMG/center_2017_09_04_12_13_34_113.jpg,/Users/ggcstaff/CarND-Term1-Starter-Kit/CarND-Behavioral-Cloning-P3/dataCW/IMG/left_2017_09_04_12_13_34_113.jpg,/Users/ggcstaff/CarND-Term1-Starter-Kit/CarND-Behavioral-Cloning-P3/dataCW/IMG/right_2017_09_04_12_13_34_113.jpg,-0.003574587,1,0,30.19027
/Users/ggcstaff/CarND-Term1-Starter-Kit/CarND-Behavioral-Cloning-P3/dataCW/IMG/center_2017_09_04_12_13_34_180.jpg,/Users/ggcstaff/CarND-Term1-Starter-Kit/CarND-Behavioral-Cloning-P3/dataCW/IMG/left_2017_09_04_12_13_34_180.jpg,/Users/ggcstaff/CarND-Term1-Starter-Kit/CarND-Behavioral-Cloning-P3/dataCW/IMG/right_2017_09_04_12_13_34_180.jpg,-0.01352447,1,0,30.19018
/Users/ggcstaff/CarND-Term1-Starter-Kit/CarND-Behavioral-Cloning-P3/dataCW/IMG/center_2017_09_04_12_13_34_247.jpg,/Users/ggcstaff/CarND-Term1-Starter-Kit/CarND-Behavioral-Cloning-P3/dataCW/IMG/left_2017_09_04_12_13_34_247.jpg,/Users/ggcstaff/CarND-Term1-Starter-Kit/CarND-Behavioral-Cloning-P3/dataCW/IMG/right_2017_09_04_12_13_34_247.jpg,-0.0168411,1,0,30.19022
/Users/ggcstaff/CarND-Term1-Starter-Kit/CarND-Behavioral-Cloning-P3/dataCW/IMG/center_2017_09_04_12_13_34_315.jpg,/Users/ggcstaff/CarND-Term1-Starter-Kit/CarND-Behavioral-Cloning-P3/dataCW/IMG/left_2017_09_04_12_13_34_315.jpg,/Users/ggcstaff/CarND-Term1-Starter-Kit/CarND-Behavioral-Cloning-P3/dataCW/IMG/right_2017_09_04_12_13_34_315.jpg,-0.0168411,1,0,30.19027
/Users/ggcstaff/CarND-Term1-Starter-Kit/CarND-Behavioral-Cloning-P3/dataCW/IMG/center_2017_09_04_12_13_34_382.jpg,/Users/ggcstaff/CarND-Term1-Starter-Kit/CarND-Behavioral-Cloning-P3/dataCW/IMG/left_2017_09_04_12_13_34_382.jpg,/Users/ggcstaff/CarND-Term1-Starter-Kit/CarND-Behavioral-Cloning-P3/dataCW/IMG/right_2017_09_04_12_13_34_382.jpg,-0.0168411,1,0,30.19027
/Users/ggcstaff/CarND-Term1-Starter-Kit/CarND-Behavioral-Cloning-P3/dataCW/IMG/center_2017_09_04_12_13_34_450.jpg,/Users/ggcstaff/CarND-Term1-Starter-Kit/CarND-Behavioral-Cloning-P3/dataCW/IMG/left_2017_09_04_12_13_34_450.jpg,/Users/ggcstaff/CarND-Term1-Starter-Kit/CarND-Behavioral-Cloning-P3/dataCW/IMG/right_2017_09_04_12_13_34_450.jpg,-0.0168411,1,0,30.19028
/Users/ggcstaff/CarND-Term1-Starter-Kit/CarND-Behavioral-Cloning-P3/dataCW/IMG/center_2017_09_04_12_13_34_518.jpg,/Users/ggcstaff/CarND-Term1-Starter-Kit/CarND-Behavioral-Cloning-P3/dataCW/IMG/left_2017_09_04_12_13_34_518.jpg,/Users/ggcstaff/CarND-Term1-Starter-Kit/CarND-Behavioral-Cloning-P3/dataCW/IMG/right_2017_09_04_12_13_34_518.jpg,-0.0168411,1,0,30.19029
/Users/ggcstaff/CarND-Term1-Starter-Kit/CarND-Behavioral-Cloning-P3/dataCW/IMG/center_2017_09_04_12_13_34_587.jpg,/Users/ggcstaff/CarND-Term1-Starter-Kit/CarND-Behavioral-Cloning-P3/dataCW/IMG/left_2017_09_04_12_13_34_587.jpg,/Users/ggcstaff/CarND-Term1-Starter-Kit/CarND-Behavioral-Cloning-P3/dataCW/IMG/right_2017_09_04_12_13_34_587.jpg,-0.0168411,1,0,30.19033
/Users/ggcstaff/CarND-Term1-Starter-Kit/CarND-Behavioral-Cloning-P3/dataCW/IMG/center_2017_09_04_12_13_34_661.jpg,/Users/ggcstaff/CarND-Term1-Starter-Kit/CarND-Behavioral-Cloning-P3/dataCW/IMG/left_2017_09_04_12_13_34_661.jpg,/Users/ggcstaff/CarND-Term1-Starter-Kit/CarND-Behavioral-Cloning-P3/dataCW/IMG/right_2017_09_04_12_13_34_661.jpg,0,0.9084491,0,30.1752
/Users/ggcstaff/CarND-Term1-Starter-Kit/CarND-Behavioral-Cloning-P3/dataCW/IMG/center_2017_09_04_12_13_34_730.jpg,/Users/ggcstaff/CarND-Term1-Starter-Kit/CarND-Behavioral-Cloning-P3/dataCW/IMG/left_2017_09_04_12_13_34_730.jpg,/Users/ggcstaff/CarND-Term1-Starter-Kit/CarND-Behavioral-Cloning-P3/dataCW/IMG/right_2017_09_04_12_13_34_730.jpg,0,0.6686381,0,30.1167
/Users/ggcstaff/CarND-Term1-Starter-Kit/CarND-Behavioral-Cloning-P3/dataCW/IMG/center_2017_09_04_12_13_34_797.jpg,/Users/ggcstaff/CarND-Term1-Starter-Kit/CarND-Behavioral-Cloning-P3/dataCW/IMG/left_2017_09_04_12_13_34_797.jpg,/Users/ggcstaff/CarND-Term1-Starter-Kit/CarND-Behavioral-Cloning-P3/dataCW/IMG/right_2017_09_04_12_13_34_797.jpg,0,0.4787411,0,30.07236
/Users/ggcstaff/CarND-Term1-Starter-Kit/CarND-Behavioral-Cloning-P3/dataCW/IMG/center_2017_09_04_12_13_34_864.jpg,/Users/ggcstaff/CarND-Term1-Starter-Kit/CarND-Behavioral-Cloning-P3/dataCW/IMG/left_2017_09_04_12_13_34_864.jpg,/Users/ggcstaff/CarND-Term1-Starter-Kit/CarND-Behavioral-Cloning-P3/dataCW/IMG/right_2017_09_04_12_13_34_864.jpg,0,0.3054461,0,30.02754
/Users/ggcstaff/CarND-Term1-Starter-Kit/CarND-Behavioral-Cloning-P3/dataCW/IMG/center_2017_09_04_12_13_34_932.jpg,/Users/ggcstaff/CarND-Term1-Starter-Kit/CarND-Behavioral-Cloning-P3/dataCW/IMG/left_2017_09_04_12_13_34_932.jpg,/Users/ggcstaff/CarND-Term1-Starter-Kit/CarND-Behavioral-Cloning-P3/dataCW/IMG/right_2017_09_04_12_13_34_932.jpg,0,0.0726611,0,29.9438
/Users/ggcstaff/CarND-Term1-Starter-Kit/CarND-Behavioral-Cloning-P3/dataCW/IMG/center_2017_09_04_12_13_34_999.jpg,/Users/ggcstaff/CarND-Term1-Starter-Kit/CarND-Behavioral-Cloning-P3/dataCW/IMG/left_2017_09_04_12_13_34_999.jpg,/Users/ggcstaff/CarND-Term1-Starter-Kit/CarND-Behavioral-Cloning-P3/dataCW/IMG/right_2017_09_04_12_13_34_999.jpg,0,0,0,29.77699
/Users/ggcstaff/CarND-Term1-Starter-Kit/CarND-Behavioral-Cloning-P3/dataCW/IMG/center_2017_09_04_12_13_35_068.jpg,/Users/ggcstaff/CarND-Term1-Starter-Kit/CarND-Behavioral-Cloning-P3/dataCW/IMG/left_2017_09_04_12_13_35_068.jpg,/Users/ggcstaff/CarND-Term1-Starter-Kit/CarND-Behavioral-Cloning-P3/dataCW/IMG/right_2017_09_04_12_13_35_068.jpg,0,0,0,29.59707
/Users/ggcstaff/CarND-Term1-Starter-Kit/CarND-Behavioral-Cloning-P3/dataCW/IMG/center_2017_09_04_12_13_35_141.jpg,/Users/ggcstaff/CarND-Term1-Starter-Kit/CarND-Behavioral-Cloning-P3/dataCW/IMG/left_2017_09_04_12_13_35_141.jpg,/Users/ggcstaff/CarND-Term1-Starter-Kit/CarND-Behavioral-Cloning-P3/dataCW/IMG/right_2017_09_04_12_13_35_141.jpg,0,0,0,29.3591
/Users/ggcstaff/CarND-Term1-Starter-Kit/CarND-Behavioral-Cloning-P3/dataCW/IMG/center_2017_09_04_12_13_35_207.jpg,/Users/ggcstaff/CarND-Term1-Starter-Kit/CarND-Behavioral-Cloning-P3/dataCW/IMG/left_2017_09_04_12_13_35_207.jpg,/Users/ggcstaff/CarND-Term1-Starter-Kit/CarND-Behavioral-Cloning-P3/dataCW/IMG/right_2017_09_04_12_13_35_207.jpg,0,0,0,29.18186
/Users/ggcstaff/CarND-Term1-Starter-Kit/CarND-Behavioral-Cloning-P3/dataCW/IMG/center_2017_09_04_12_13_35_275.jpg,/Users/ggcstaff/CarND-Term1-Starter-Kit/CarND-Behavioral-Cloning-P3/dataCW/IMG/left_2017_09_04_12_13_35_275.jpg,/Users/ggcstaff/CarND-Term1-Starter-Kit/CarND-Behavioral-Cloning-P3/dataCW/IMG/right_2017_09_04_12_13_35_275.jpg,0,0,0,28.9472
/Users/ggcstaff/CarND-Term1-Starter-Kit/CarND-Behavioral-Cloning-P3/dataCW/IMG/center_2017_09_04_12_13_35_345.jpg,/Users/ggcstaff/CarND-Term1-Starter-Kit/CarND-Behavioral-Cloning-P3/dataCW/IMG/left_2017_09_04_12_13_35_345.jpg,/Users/ggcstaff/CarND-Term1-Starter-Kit/CarND-Behavioral-Cloning-P3/dataCW/IMG/right_2017_09_04_12_13_35_345.jpg,0,0,0,28.77244
/Users/ggcstaff/CarND-Term1-Starter-Kit/CarND-Behavioral-Cloning-P3/dataCW/IMG/center_2017_09_04_12_13_35_414.jpg,/Users/ggcstaff/CarND-Term1-Starter-Kit/CarND-Behavioral-Cloning-P3/dataCW/IMG/left_2017_09_04_12_13_35_414.jpg,/Users/ggcstaff/CarND-Term1-Starter-Kit/CarND-Behavioral-Cloning-P3/dataCW/IMG/right_2017_09_04_12_13_35_414.jpg,0,0,0,28.54108
/Users/ggcstaff/CarND-Term1-Starter-Kit/CarND-Behavioral-Cloning-P3/dataCW/IMG/center_2017_09_04_12_13_35_481.jpg,/Users/ggcstaff/CarND-Term1-Starter-Kit/CarND-Behavioral-Cloning-P3/dataCW/IMG/left_2017_09_04_12_13_35_481.jpg,/Users/ggcstaff/CarND-Term1-Starter-Kit/CarND-Behavioral-Cloning-P3/dataCW/IMG/right_2017_09_04_12_13_35_481.jpg,0,0,0,28.36878
/Users/ggcstaff/CarND-Term1-Starter-Kit/CarND-Behavioral-Cloning-P3/dataCW/IMG/center_2017_09_04_12_13_35_549.jpg,/Users/ggcstaff/CarND-Term1-Starter-Kit/CarND-Behavioral-Cloning-P3/dataCW/IMG/left_2017_09_04_12_13_35_549.jpg,/Users/ggcstaff/CarND-Term1-Starter-Kit/CarND-Behavioral-Cloning-P3/dataCW/IMG/right_2017_09_04_12_13_35_549.jpg,0,0,0,28.14066
/Users/ggcstaff/CarND-Term1-Starter-Kit/CarND-Behavioral-Cloning-P3/dataCW/IMG/center_2017_09_04_12_13_35_617.jpg,/Users/ggcstaff/CarND-Term1-Starter-Kit/CarND-Behavioral-Cloning-P3/dataCW/IMG/left_2017_09_04_12_13_35_617.jpg,/Users/ggcstaff/CarND-Term1-Starter-Kit/CarND-Behavioral-Cloning-P3/dataCW/IMG/right_2017_09_04_12_13_35_617.jpg,0,0,0,27.97078
/Users/ggcstaff/CarND-Term1-Starter-Kit/CarND-Behavioral-Cloning-P3/dataCW/IMG/center_2017_09_04_12_13_35_686.jpg,/Users/ggcstaff/CarND-Term1-Starter-Kit/CarND-Behavioral-Cloning-P3/dataCW/IMG/left_2017_09_04_12_13_35_686.jpg,/Users/ggcstaff/CarND-Term1-Starter-Kit/CarND-Behavioral-Cloning-P3/dataCW/IMG/right_2017_09_04_12_13_35_686.jpg,0,0,0,27.80193
/Users/ggcstaff/CarND-Term1-Starter-Kit/CarND-Behavioral-Cloning-P3/dataCW/IMG/center_2017_09_04_12_13_35_755.jpg,/Users/ggcstaff/CarND-Term1-Starter-Kit/CarND-Behavioral-Cloning-P3/dataCW/IMG/left_2017_09_04_12_13_35_755.jpg,/Users/ggcstaff/CarND-Term1-Starter-Kit/CarND-Behavioral-Cloning-P3/dataCW/IMG/right_2017_09_04_12_13_35_755.jpg,0,0,0,27.57837
/Users/ggcstaff/CarND-Term1-Starter-Kit/CarND-Behavioral-Cloning-P3/dataCW/IMG/center_2017_09_04_12_13_35_824.jpg,/Users/ggcstaff/CarND-Term1-Starter-Kit/CarND-Behavioral-Cloning-P3/dataCW/IMG/left_2017_09_04_12_13_35_824.jpg,/Users/ggcstaff/CarND-Term1-Starter-Kit/CarND-Behavioral-Cloning-P3/dataCW/IMG/right_2017_09_04_12_13_35_824.jpg,0,0,0,27.41189
/Users/ggcstaff/CarND-Term1-Starter-Kit/CarND-Behavioral-Cloning-P3/dataCW/IMG/center_2017_09_04_12_13_35_891.jpg,/Users/ggcstaff/CarND-Term1-Starter-Kit/CarND-Behavioral-Cloning-P3/dataCW/IMG/left_2017_09_04_12_13_35_891.jpg,/Users/ggcstaff/CarND-Term1-Starter-Kit/CarND-Behavioral-Cloning-P3/dataCW/IMG/right_2017_09_04_12_13_35_891.jpg,0,0,0,27.19147
/Users/ggcstaff/CarND-Term1-Starter-Kit/CarND-Behavioral-Cloning-P3/dataCW/IMG/center_2017_09_04_12_13_35_960.jpg,/Users/ggcstaff/CarND-Term1-Starter-Kit/CarND-Behavioral-Cloning-P3/dataCW/IMG/left_2017_09_04_12_13_35_960.jpg,/Users/ggcstaff/CarND-Term1-Starter-Kit/CarND-Behavioral-Cloning-P3/dataCW/IMG/right_2017_09_04_12_13_35_960.jpg,0,0,0,27.02732
/Users/ggcstaff/CarND-Term1-Starter-Kit/CarND-Behavioral-Cloning-P3/dataCW/IMG/center_2017_09_04_12_13_36_029.jpg,/Users/ggcstaff/CarND-Term1-Starter-Kit/CarND-Behavioral-Cloning-P3/dataCW/IMG/left_2017_09_04_12_13_36_029.jpg,/Users/ggcstaff/CarND-Term1-Starter-Kit/CarND-Behavioral-Cloning-P3/dataCW/IMG/right_2017_09_04_12_13_36_029.jpg,0,0,0,26.81
/Users/ggcstaff/CarND-Term1-Starter-Kit/CarND-Behavioral-Cloning-P3/dataCW/IMG/center_2017_09_04_12_13_36_163.jpg,/Users/ggcstaff/CarND-Term1-Starter-Kit/CarND-Behavioral-Cloning-P3/dataCW/IMG/left_2017_09_04_12_13_36_163.jpg,/Users/ggcstaff/CarND-Term1-Starter-Kit/CarND-Behavioral-Cloning-P3/dataCW/IMG/right_2017_09_04_12_13_36_163.jpg,0,0,0,26.01409
/Users/ggcstaff/CarND-Term1-Starter-Kit/CarND-Behavioral-Cloning-P3/dataCW/IMG/center_2017_09_04_12_14_59_597.jpg,/Users/ggcstaff/CarND-Term1-Starter-Kit/CarND-Behavioral-Cloning-P3/dataCW/IMG/left_2017_09_04_12_14_59_597.jpg,/Users/ggcstaff/CarND-Term1-Starter-Kit/CarND-Behavioral-Cloning-P3/dataCW/IMG/right_2017_09_04_12_14_59_597.jpg,0,0,0,4.971491E-07
/Users/ggcstaff/CarND-Term1-Starter-Kit/CarND-Behavioral-Cloning-P3/dataCW/IMG/center_2017_09_04_12_14_59_664.jpg,/Users/ggcstaff/CarND-Term1-Starter-Kit/CarND-Behavioral-Cloning-P3/dataCW/IMG/left_2017_09_04_12_14_59_664.jpg,/Users/ggcstaff/CarND-Term1-Starter-Kit/CarND-Behavioral-Cloning-P3/dataCW/IMG/right_2017_09_04_12_14_59_664.jpg,0,0,0,2.233595E-07
/Users/ggcstaff/CarND-Term1-Starter-Kit/CarND-Behavioral-Cloning-P3/dataCW/IMG/center_2017_09_04_12_14_59_733.jpg,/Users/ggcstaff/CarND-Term1-Starter-Kit/CarND-Behavioral-Cloning-P3/dataCW/IMG/left_2017_09_04_12_14_59_733.jpg,/Users/ggcstaff/CarND-Term1-Starter-Kit/CarND-Behavioral-Cloning-P3/dataCW/IMG/right_2017_09_04_12_14_59_733.jpg,0,0,0,1.963776E-06
/Users/ggcstaff/CarND-Term1-Starter-Kit/CarND-Behavioral-Cloning-P3/dataCW/IMG/center_2017_09_04_12_14_59_800.jpg,/Users/ggcstaff/CarND-Term1-Starter-Kit/CarND-Behavioral-Cloning-P3/dataCW/IMG/left_2017_09_04_12_14_59_800.jpg,/Users/ggcstaff/CarND-Term1-Starter-Kit/CarND-Behavioral-Cloning-P3/dataCW/IMG/right_2017_09_04_12_14_59_800.jpg,0,0,0,8.476449E-07
/Users/ggcstaff/CarND-Term1-Starter-Kit/CarND-Behavioral-Cloning-P3/dataCW/IMG/center_2017_09_04_12_14_59_873.jpg,/Users/ggcstaff/CarND-Term1-Starter-Kit/CarND-Behavioral-Cloning-P3/dataCW/IMG/left_2017_09_04_12_14_59_873.jpg,/Users/ggcstaff/CarND-Term1-Starter-Kit/CarND-Behavioral-Cloning-P3/dataCW/IMG/right_2017_09_04_12_14_59_873.jpg,0,0,0,5.079403E-06
/Users/ggcstaff/CarND-Term1-Starter-Kit/CarND-Behavioral-Cloning-P3/dataCW/IMG/center_2017_09_04_12_14_59_940.jpg,/Users/ggcstaff/CarND-Term1-Starter-Kit/CarND-Behavioral-Cloning-P3/dataCW/IMG/left_2017_09_04_12_14_59_940.jpg,/Users/ggcstaff/CarND-Term1-Starter-Kit/CarND-Behavioral-Cloning-P3/dataCW/IMG/right_2017_09_04_12_14_59_940.jpg,0,0,0,1.133287E-05
/Users/ggcstaff/CarND-Term1-Starter-Kit/CarND-Behavioral-Cloning-P3/dataCW/IMG/center_2017_09_04_12_15_00_007.jpg,/Users/ggcstaff/CarND-Term1-Starter-Kit/CarND-Behavioral-Cloning-P3/dataCW/IMG/left_2017_09_04_12_15_00_007.jpg,/Users/ggcstaff/CarND-Term1-Starter-Kit/CarND-Behavioral-Cloning-P3/dataCW/IMG/right_2017_09_04_12_15_00_007.jpg,0,0,0,6.276432E-06
/Users/ggcstaff/CarND-Term1-Starter-Kit/CarND-Behavioral-Cloning-P3/dataCW/IMG/center_2017_09_04_12_15_00_077.jpg,/Users/ggcstaff/CarND-Term1-Starter-Kit/CarND-Behavioral-Cloning-P3/dataCW/IMG/left_2017_09_04_12_15_00_077.jpg,/Users/ggcstaff/CarND-Term1-Starter-Kit/CarND-Behavioral-Cloning-P3/dataCW/IMG/right_2017_09_04_12_15_00_077.jpg,0,0,0,6.504043E-06
/Users/ggcstaff/CarND-Term1-Starter-Kit/CarND-Behavioral-Cloning-P3/dataCW/IMG/center_2017_09_04_12_15_00_156.jpg,/Users/ggcstaff/CarND-Term1-Starter-Kit/CarND-Behavioral-Cloning-P3/dataCW/IMG/left_2017_09_04_12_15_00_156.jpg,/Users/ggcstaff/CarND-Term1-Starter-Kit/CarND-Behavioral-Cloning-P3/dataCW/IMG/right_2017_09_04_12_15_00_156.jpg,0,0,0,2.774064E-06
/Users/ggcstaff/CarND-Term1-Starter-Kit/CarND-Behavioral-Cloning-P3/dataCW/IMG/center_2017_09_04_12_15_00_226.jpg,/Users/ggcstaff/CarND-Term1-Starter-Kit/CarND-Behavioral-Cloning-P3/dataCW/IMG/left_2017_09_04_12_15_00_226.jpg,/Users/ggcstaff/CarND-Term1-Starter-Kit/CarND-Behavioral-Cloning-P3/dataCW/IMG/right_2017_09_04_12_15_00_226.jpg,0,0,0,3.023161E-06
/Users/ggcstaff/CarND-Term1-Starter-Kit/CarND-Behavioral-Cloning-P3/dataCW/IMG/center_2017_09_04_12_15_00_295.jpg,/Users/ggcstaff/CarND-Term1-Starter-Kit/CarND-Behavioral-Cloning-P3/dataCW/IMG/left_2017_09_04_12_15_00_295.jpg,/Users/ggcstaff/CarND-Term1-Starter-Kit/CarND-Behavioral-Cloning-P3/dataCW/IMG/right_2017_09_04_12_15_00_295.jpg,0,0,0,1.030211E-06
/Users/ggcstaff/CarND-Term1-Starter-Kit/CarND-Behavioral-Cloning-P3/dataCW/IMG/center_2017_09_04_12_15_00_367.jpg,/Users/ggcstaff/CarND-Term1-Starter-Kit/CarND-Behavioral-Cloning-P3/dataCW/IMG/left_2017_09_04_12_15_00_367.jpg,/Users/ggcstaff/CarND-Term1-Starter-Kit/CarND-Behavioral-Cloning-P3/dataCW/IMG/right_2017_09_04_12_15_00_367.jpg,0,0,0,2.064857E-06
/Users/ggcstaff/CarND-Term1-Starter-Kit/CarND-Behavioral-Cloning-P3/dataCW/IMG/center_2017_09_04_12_15_00_438.jpg,/Users/ggcstaff/CarND-Term1-Starter-Kit/CarND-Behavioral-Cloning-P3/dataCW/IMG/left_2017_09_04_12_15_00_438.jpg,/Users/ggcstaff/CarND-Term1-Starter-Kit/CarND-Behavioral-Cloning-P3/dataCW/IMG/right_2017_09_04_12_15_00_438.jpg,0,0,0,3.101562E-07
/Users/ggcstaff/CarND-Term1-Starter-Kit/CarND-Behavioral-Cloning-P3/dataCW/IMG/center_2017_09_04_12_15_00_528.jpg,/Users/ggcstaff/CarND-Term1-Starter-Kit/CarND-Behavioral-Cloning-P3/dataCW/IMG/left_2017_09_04_12_15_00_528.jpg,/Users/ggcstaff/CarND-Term1-Starter-Kit/CarND-Behavioral-Cloning-P3/dataCW/IMG/right_2017_09_04_12_15_00_528.jpg,0,0,0,6.477397E-06
